,0,1,2,3,4,5,6,7,8,9,10,11
0,0.43911684,0.8732371,1.0019222,1.216406,1.2742916,1.2536465,1.1896125,1.1611013,0.9886199,0.9064106,0.6864573,0.63116956
1,0.50169045,0.9676382,1.0843081,1.2578526,1.263782,1.19499,1.0480183,0.9987421,0.82855,0.74691415,0.55130523,0.5099399
2,0.71718097,1.1032369,1.16889,1.2564892,1.2027951,1.0937968,0.9132217,0.86574435,0.7172853,0.6318494,0.45899278,0.4294601
3,0.70558447,1.0545741,1.1053264,1.1446815,1.0639186,0.9502352,0.75890684,0.7276355,0.60453486,0.53707695,0.39362043,0.3715999
4,1.5850123,1.4881395,1.2767134,1.1687276,1.0438355,0.89923847,0.7278495,0.7168292,0.59438235,0.5031538,0.4217649,0.39241695
5,0.9317906,1.0533358,0.9463305,0.88197684,0.8214598,0.7033167,0.54374105,0.53678817,0.42871368,0.39151585,0.33358032,0.28151983
6,1.8068624,1.437817,1.1227796,1.0127305,0.8495875,0.7551725,0.5934174,0.5877569,0.45851636,0.39671963,0.38672727,0.29671666
7,1.2459683,1.0607746,0.90011746,0.7631645,0.66062826,0.6016724,0.45732996,0.42619684,0.35041827,0.30544546,0.32169256,0.24016432
8,1.0041654,0.8752296,0.7802633,0.6475686,0.5412946,0.50352925,0.4063939,0.34931177,0.3088957,0.2582079,0.25711924,0.20575342
9,1.0584036,0.86383003,0.7507522,0.58520854,0.47531086,0.4302805,0.36474624,0.29997906,0.26893422,0.2327613,0.21752504,0.19542916
10,0.9528624,0.76168317,0.64989394,0.48741588,0.39857435,0.35259297,0.30965525,0.26368237,0.23733552,0.22119677,0.20063353,0.18952478
11,1.1711427,0.86643386,0.68082315,0.5007407,0.4050256,0.3516534,0.3037618,0.271809,0.22707017,0.23377126,0.21074603,0.21199894
12,1.6470274,1.1218947,0.7288552,0.56906813,0.46569997,0.3734272,0.36655936,0.36754516,0.27036184,0.2557542,0.2155039,0.21479839
13,1.2134194,0.8222133,0.5354371,0.40376806,0.34750724,0.2702995,0.32509455,0.32895613,0.32603884,0.28004003,0.24253537,0.26790437
14,1.3275214,0.9142216,0.58770084,0.4690132,0.4087066,0.30487204,0.40488636,0.41116208,0.36391014,0.31601068,0.2461839,0.2969466
15,0.3112703,0.28130957,0.20250499,0.2034469,0.21988855,0.20270224,0.29166448,0.32676384,0.37751412,0.30925333,0.2628467,0.31917456
16,0.22464536,0.25717127,0.19321495,0.2152538,0.24158421,0.24630314,0.30382738,0.36207244,0.34337074,0.31720236,0.2948168,0.37040958
17,0.042801257,0.1457251,0.11064724,0.17466699,0.20633575,0.22771934,0.28378418,0.3581198,0.3368734,0.33580655,0.3612736,0.45843914
18,0.0065395907,0.13435704,0.097047925,0.16978952,0.18211919,0.21072038,0.266575,0.3539396,0.3478286,0.39936024,0.47779572,0.59803796
19,0.11726534,0.21839468,0.1603274,0.20027554,0.1676064,0.20136665,0.25210574,0.36078697,0.40872428,0.5304773,0.6548806,0.7790155
20,0.18000406,0.23852846,0.18699966,0.19442242,0.12679575,0.18679225,0.25766218,0.40117967,0.55232066,0.7536741,0.90312064,1.0031675
21,0.20245102,0.19385973,0.15634142,0.17184669,0.11629405,0.22243051,0.33387884,0.51973,0.76972353,0.98372483,1.1163964,1.1404705
22,0.20145103,0.15735199,0.11578718,0.18593715,0.15287371,0.31472138,0.47307932,0.65676785,0.934304,1.0224264,1.1429468,1.0714493
23,0.20257337,0.20706083,0.1960243,0.2744265,0.22598095,0.3960967,0.55342203,0.64414513,0.8561677,0.86131644,0.9632913,0.8947936
24,0.14388938,0.18259883,0.25552708,0.2779699,0.23665826,0.32080123,0.40838027,0.4348052,0.55358666,0.5775094,0.6531849,0.6539796
25,0.13888882,0.18583182,0.27094036,0.2899353,0.2618096,0.3236112,0.40001246,0.42100084,0.50261825,0.52127635,0.5841708,0.5840019
26,0.19930144,0.23730409,0.3052584,0.32444915,0.30500108,0.36702353,0.4409017,0.46640345,0.5309314,0.5416227,0.59443647,0.58109415
27,1.2534732,0.84942174,0.49825627,0.46683103,0.31145957,0.36343122,0.46001136,0.6017655,0.5550076,0.5089982,0.48039985,0.3485096
28,1.066066,0.7129417,0.3999317,0.37032607,0.32245415,0.32450557,0.43920308,0.48278528,0.46383038,0.41668355,0.3286778,0.29060435
29,0.43732303,0.36076388,0.25705087,0.29748034,0.3353451,0.36288613,0.423628,0.40780628,0.44610864,0.39539742,0.31445593,0.3270977
30,0.27552283,0.29283333,0.2393916,0.3252787,0.33230734,0.38061303,0.4138968,0.4142872,0.41622972,0.3474851,0.32156914,0.35392702
31,0.050241962,0.1807249,0.166346,0.28919998,0.29003447,0.32834882,0.3473518,0.37666604,0.36545587,0.31433204,0.35135388,0.41216788
32,-0.035137057,0.123915814,0.12150235,0.25091797,0.23703375,0.25244415,0.27177832,0.33319253,0.32461938,0.30745056,0.4060272,0.49542975
33,-0.0025752038,0.13517937,0.14529243,0.24974173,0.21453792,0.20251441,0.22876748,0.31285655,0.32339445,0.3528674,0.49441224,0.60925734
34,0.09414513,0.1748935,0.20611823,0.25424558,0.1996249,0.1726552,0.21968915,0.32184035,0.36884665,0.46022385,0.62594426,0.7619984
35,0.13011022,0.16439787,0.24478297,0.21522945,0.1527741,0.13927902,0.22777276,0.36219943,0.45672682,0.6376439,0.8010007,0.945121
36,0.19326985,0.1923841,0.30353802,0.19332108,0.1420683,0.16822322,0.30959657,0.47766685,0.6062615,0.86974823,0.98711336,1.1133052
37,0.23771127,0.23434632,0.3224928,0.19606815,0.19591688,0.28402847,0.46585095,0.64765805,0.7744405,1.0250218,1.0935689,1.1715505
38,0.2685622,0.26776522,0.3016861,0.2112141,0.28418618,0.43917415,0.6232737,0.7873675,0.88830614,1.0357938,1.0939895,1.1179686
39,0.19389252,0.24722311,0.29818606,0.26756555,0.37397105,0.5367402,0.692538,0.80216366,0.9077785,0.96016514,1.0254523,1.025521
40,0.13088399,0.27996117,0.3932532,0.4099027,0.51854575,0.6068715,0.69259506,0.7343813,0.8828882,0.8468889,0.922915,0.9160919
41,0.1395229,0.32229465,0.45213914,0.46271095,0.5709296,0.60274476,0.6657993,0.67061234,0.8703623,0.76201403,0.89067745,0.8987791
42,0.24323262,0.4008078,0.5125677,0.50707316,0.59884703,0.630274,0.7045589,0.7103479,0.9383844,0.7995753,0.93080974,0.9305708
43,0.24926119,0.4211675,0.5480641,0.5597768,0.6613104,0.7138575,0.78535074,0.7976723,1.009557,0.8769344,0.9800279,0.95892024
44,1.1680397,0.90294975,0.8442165,0.70211315,0.6951412,0.8429142,0.91353726,0.9450616,1.0876883,0.91938055,1.0183133,0.9480006
45,1.0714607,0.8365006,0.8050598,0.7180911,0.746374,0.889375,0.92303324,0.92826647,0.96431804,0.92145157,0.9691529,0.9398419
46,1.1489434,0.9261547,0.9078593,0.9227666,0.89430344,0.9965887,1.036789,1.0081618,0.98544955,0.91883636,0.89121866,0.8506081
47,1.1951498,1.0455841,1.0802557,1.1335946,1.0788599,1.1187015,1.1415079,1.0327215,0.9732802,0.874128,0.7931311,0.76851845
48,1.5726346,1.3405312,1.3668153,1.3505075,1.2235057,1.219358,1.1952151,1.0194707,0.9403647,0.8329083,0.7346411,0.7243587
49,1.8930651,1.5704044,1.570714,1.4495604,1.2876139,1.2283183,1.1416402,0.944097,0.8444042,0.7888336,0.6988206,0.6886054
50,1.837072,1.5651224,1.5661438,1.3853819,1.2301012,1.1194404,1.0138726,0.8331519,0.7266624,0.7100003,0.64762986,0.6522294
51,1.052889,1.1137339,1.2151246,1.1520536,1.0026983,0.90087825,0.8153644,0.69345784,0.6077237,0.586348,0.55904067,0.5877688
52,1.2016889,1.1423792,1.1655366,1.0778382,0.9345953,0.82546806,0.7994467,0.6820532,0.6486821,0.5866302,0.5659071,0.6127531
53,1.2574726,1.1244507,1.1017284,0.99189514,0.85725635,0.7466596,0.7398567,0.62492585,0.6193143,0.54933274,0.5415378,0.5772239
54,1.0001147,0.9366386,0.94696,0.8686855,0.75749344,0.67815804,0.66003513,0.5629858,0.57396376,0.4969412,0.5055558,0.5029322
55,0.91741747,0.87447953,0.87597424,0.79500616,0.6860941,0.6213312,0.5746247,0.4953728,0.5008099,0.43347883,0.43961197,0.41392997
56,1.0859432,0.94877714,0.89759105,0.7701458,0.65199435,0.5782614,0.5105345,0.43929827,0.42621005,0.38391736,0.380872,0.34335744
57,1.9726183,1.3902658,1.0308378,0.885198,0.7410768,0.6165868,0.5303067,0.49409133,0.39205092,0.39635023,0.38746303,0.29827043
58,1.797042,1.2153469,0.8549,0.7155873,0.6080614,0.4952674,0.49882358,0.4728678,0.39301252,0.3532118,0.33875006,0.27056578
59,1.4949389,1.010546,0.71909034,0.5873523,0.5105467,0.41200936,0.491718,0.45237547,0.41969007,0.3531587,0.30732948,0.2869145
60,0.30812836,0.2548228,0.22637275,0.23858064,0.2532761,0.24795328,0.32857043,0.33231804,0.38002053,0.31710818,0.28430468,0.31004176
61,0.14336674,0.16032869,0.14849752,0.1948269,0.21760166,0.23556691,0.30441785,0.34775272,0.32551193,0.298898,0.28604096,0.3473384
62,0.086814605,0.13832633,0.12717074,0.18623641,0.20444046,0.22176325,0.2826761,0.34404114,0.31354713,0.3110767,0.32505476,0.41072077
63,0.048066974,0.12937549,0.113689266,0.17835635,0.1847755,0.2090324,0.26121545,0.33393157,0.32150874,0.3539381,0.4089809,0.50984585
64,0.12344538,0.19536464,0.15803193,0.19435531,0.17501667,0.20481132,0.24495886,0.3293637,0.36130458,0.43975365,0.5326035,0.63474464
65,0.14849642,0.20895551,0.17456505,0.18431148,0.1424259,0.1905396,0.23420283,0.3334118,0.43895018,0.56488156,0.68606865,0.77250886
66,0.1547798,0.19803144,0.17853168,0.17574511,0.11516648,0.19342242,0.25733644,0.38018,0.56126714,0.717704,0.8530985,0.89724386
67,0.2064251,0.2210878,0.18349263,0.20113978,0.1317142,0.24777699,0.36041123,0.5181551,0.74881685,0.8726268,0.98672104,0.9664185
68,0.21622166,0.22888905,0.16478615,0.25313446,0.22051305,0.38286895,0.5744063,0.71482897,0.9423239,0.9547217,1.0045565,0.9418117
69,0.22494394,0.2801147,0.27539295,0.38460153,0.41272426,0.58951616,0.7248686,0.7231425,0.8344953,0.8164979,0.8302567,0.76003116
70,0.24905922,0.3367474,0.38970286,0.46333304,0.49348623,0.58738744,0.65397006,0.62235665,0.6499301,0.67789304,0.7034168,0.65619314
71,0.3004874,0.3988481,0.4631997,0.5023809,0.5144043,0.5376586,0.5832917,0.56258565,0.560325,0.60214794,0.6282289,0.60242033
72,0.24223937,0.3760683,0.45734456,0.49479768,0.5046775,0.49190325,0.53638047,0.52498484,0.5195079,0.5726048,0.6002127,0.59325254
73,0.22080217,0.3745262,0.4581602,0.49728757,0.49740434,0.47231805,0.5167513,0.51957166,0.5192727,0.56932974,0.60542476,0.60529035
74,0.25513446,0.40964502,0.4794382,0.5164083,0.5022377,0.4689337,0.51534414,0.5331904,0.54168177,0.58250916,0.6233027,0.6297838
75,0.4984463,0.5283549,0.51185966,0.50731707,0.4626608,0.43703595,0.48567134,0.53041106,0.5419985,0.55996835,0.59651375,0.6037123
76,0.4378907,0.45590943,0.41657555,0.43077523,0.4207837,0.40279257,0.44792068,0.49698767,0.5010513,0.52816236,0.55736524,0.57748264
77,0.43675208,0.44853377,0.39939544,0.4382555,0.44556528,0.4338095,0.48091787,0.52865005,0.5314177,0.55705297,0.5847454,0.62197465
78,0.4444937,0.4481331,0.39779738,0.4599245,0.47606426,0.46919453,0.5170876,0.5613033,0.56863666,0.5871457,0.6270449,0.6815109
79,0.49449104,0.4721269,0.42133698,0.49593052,0.5152791,0.51298803,0.5586054,0.59533787,0.6193197,0.62403464,0.69349647,0.7586568
80,0.45041436,0.4346689,0.40534654,0.50076354,0.53756267,0.54207695,0.5828365,0.60520095,0.66699135,0.6627346,0.7786318,0.85754293
81,0.5907214,0.5236734,0.49969238,0.5747607,0.6292877,0.6306164,0.6756822,0.65292364,0.76508725,0.7746062,0.9189832,1.0146682
82,0.4907058,0.45997173,0.49209443,0.5598478,0.63901305,0.651962,0.7166289,0.67826366,0.8543978,0.91892064,1.0875288,1.2139336
83,0.9314326,0.81177723,0.7917165,0.73357034,0.84853077,0.8751732,0.89894044,0.8806351,1.1120443,1.2746153,1.3999599,1.4859618
84,0.8267746,0.82570505,0.78918964,0.7351311,0.8768929,0.9644205,0.9934358,1.0878322,1.3507254,1.5319523,1.640641,1.635799
85,0.7309334,0.8099912,0.75946844,0.78927207,0.9545012,1.0849258,1.1514771,1.3200321,1.5484897,1.656938,1.7478845,1.639993
86,0.6897774,0.80184615,0.7785088,0.8844406,1.0477686,1.2093662,1.3033072,1.4912934,1.6546202,1.6854111,1.7647148,1.581031
87,0.7119693,0.8241672,0.84353834,0.98678255,1.1455362,1.3285904,1.4314634,1.6118882,1.7150484,1.6862036,1.7437057,1.5086083
88,0.65156364,0.80335456,0.92224926,1.0935905,1.2613827,1.4561452,1.5612444,1.7008548,1.7338227,1.6627053,1.684648,1.4282564
89,0.6463377,0.8564994,1.0626197,1.2518522,1.4205576,1.5955584,1.6721199,1.7432058,1.7085587,1.611193,1.6098728,1.351031
90,0.9523858,1.144778,1.3356812,1.4828962,1.6173235,1.7210386,1.7473198,1.7439167,1.6662066,1.5479342,1.5236056,1.2794126
91,1.9303463,1.7375548,1.7262661,1.6581211,1.7532976,1.7765563,1.7791128,1.7420611,1.6241268,1.5168225,1.46434,1.2400923
92,2.0612154,1.7995365,1.7528145,1.5944448,1.6813684,1.6567723,1.6117148,1.6064012,1.4734297,1.4389387,1.3487645,1.1278174
93,2.4160926,1.907639,1.6303849,1.5479058,1.6690114,1.6077039,1.5069653,1.5115812,1.3540118,1.2707075,1.1854819,0.89907634
94,2.5221941,1.926821,1.5385873,1.5338784,1.7670735,1.6016821,1.5143955,1.3607798,1.1677197,1.0445303,0.86435664,0.59955585
95,2.5866017,2.0436497,1.6170266,1.5385972,1.6942188,1.4940679,1.4321247,1.275773,1.0477686,1.0059459,0.7826991,0.572686
96,2.6212387,2.1088536,1.6819088,1.5170083,1.5432892,1.3500878,1.3438531,1.2127378,0.9886968,1.0154798,0.76991403,0.5909571
97,2.3459444,1.9917377,1.685385,1.4918042,1.4220513,1.2924054,1.287144,1.162471,0.94967043,0.95330715,0.71796215,0.59355617
98,2.1014357,1.8677223,1.675719,1.500212,1.3633394,1.2735839,1.2291751,1.1157448,0.8943758,0.82183695,0.597429,0.51405406
99,1.3527108,1.4630113,1.4301476,1.3978019,1.2115384,1.1668235,1.012557,0.9533403,0.76257515,0.6390097,0.47880805,0.43996572
100,1.0233656,1.2537941,1.240545,1.2749226,1.0790498,1.0479063,0.8014044,0.75507206,0.6073698,0.45719868,0.372752,0.35351998
101,1.0000083,1.1723348,1.1070193,1.1235063,0.93454146,0.87202734,0.6318781,0.5669552,0.46530473,0.3211605,0.3010252,0.30942756
102,1.0204077,1.0996788,0.9953327,0.9744611,0.79655623,0.7043514,0.51503485,0.44113433,0.3773541,0.2717377,0.27741656,0.2970053
103,1.0038711,1.002718,0.88579005,0.82933956,0.6709578,0.5659583,0.42940694,0.35808238,0.32185015,0.2648726,0.27353892,0.29092914
104,1.4211761,1.1736244,0.96520543,0.80509263,0.65112144,0.52102846,0.3967952,0.32588732,0.29697227,0.2967411,0.29413632,0.2854476
105,1.923683,1.3817377,0.9698177,0.79462194,0.65942585,0.5048754,0.4339279,0.39485335,0.30015418,0.29547918,0.29756308,0.22451895
106,1.7497528,1.1812723,0.7900476,0.64735293,0.55939823,0.3958501,0.46685898,0.41669902,0.35629702,0.2868495,0.26355985,0.2106455
107,0.75603557,0.52309823,0.4328801,0.3579806,0.35162684,0.24192306,0.3713,0.3032346,0.4002748,0.33671778,0.265769,0.28998092
108,0.39261305,0.2947423,0.3038537,0.28020212,0.30787086,0.26150244,0.3627596,0.3142973,0.36106315,0.33735898,0.28974694,0.33954486
109,0.2880081,0.24299228,0.27266136,0.27252167,0.30107674,0.26646468,0.35028726,0.32029298,0.33451173,0.33201542,0.30994102,0.37948632
110,0.16560812,0.17439535,0.21866196,0.24378988,0.26978368,0.24801917,0.32427382,0.3095687,0.32043925,0.3356046,0.34432042,0.43315482
111,0.16306737,0.1875825,0.2222153,0.24550132,0.25139362,0.2406942,0.30398327,0.2996242,0.32378206,0.35819936,0.39533144,0.49437994
112,0.143434,0.18088292,0.21096033,0.22887553,0.2180282,0.22599928,0.284536,0.289184,0.34898692,0.4040135,0.46822017,0.57434756
113,0.12731057,0.17141196,0.20506251,0.21170954,0.18056026,0.2148242,0.27048346,0.28695053,0.39211357,0.47186902,0.5641968,0.6605246
114,0.12846379,0.17273907,0.21384019,0.20850995,0.15697768,0.22039092,0.2761741,0.3137141,0.46267834,0.5626419,0.6794436,0.7412902
115,0.1757473,0.21280205,0.24128185,0.23148215,0.16618378,0.2544747,0.32308763,0.39722425,0.5749613,0.67186916,0.7929919,0.8033191
116,0.2246128,0.25972536,0.260259,0.26505807,0.20930979,0.31534797,0.4206835,0.52662736,0.714257,0.77456295,0.86122596,0.83332705
117,0.22363624,0.27159363,0.2641036,0.29531884,0.283092,0.40334636,0.5494582,0.65265,0.82946825,0.8397641,0.87693226,0.8425225
118,0.250771,0.30833218,0.31814513,0.36506653,0.40609032,0.5415788,0.6908472,0.74627155,0.87488127,0.8352008,0.83898306,0.8116676
119,0.24438241,0.33482924,0.40643972,0.45809922,0.5553761,0.66857165,0.77722305,0.75098556,0.79752684,0.7609196,0.75562954,0.7432328
120,0.293862,0.41344884,0.5037539,0.56230986,0.6704383,0.72866905,0.8049896,0.7304853,0.7079291,0.7006822,0.694336,0.6926567
121,0.2869317,0.46226388,0.5810381,0.6644975,0.7600171,0.75671196,0.81926584,0.70432353,0.6597308,0.6782483,0.6755851,0.7074601
122,0.24807703,0.50534374,0.6354137,0.7569064,0.8124588,0.75053066,0.81259227,0.69351363,0.65814716,0.6885495,0.6958872,0.7548368
123,0.2534786,0.56454086,0.6791435,0.8244888,0.8314626,0.73472804,0.8093562,0.72669417,0.720734,0.7395367,0.7506864,0.8170179
124,0.2810681,0.6225433,0.72130877,0.8693086,0.83515507,0.72232467,0.81495917,0.78522944,0.821367,0.8335383,0.8192487,0.8714279
125,0.8093147,0.9493718,0.92434233,0.97663456,0.86791897,0.764875,0.8960976,0.9235693,0.9950988,0.96724284,0.90349483,0.9254321
126,0.76058143,0.8534053,0.8457207,0.911425,0.79767597,0.7495554,0.9157532,0.9452691,1.0285528,0.97889555,0.8921126,0.92501384
127,0.63497674,0.71745294,0.7508979,0.859607,0.72050935,0.7648114,0.9198954,0.9316563,1.0054094,0.9302386,0.87988114,0.9241442
128,0.5350167,0.6521305,0.7362445,0.86961544,0.7236561,0.82154566,0.93119305,0.8925428,0.9544573,0.87362444,0.87900543,0.9672357
129,0.4732824,0.66227126,0.78570086,0.90422744,0.7943693,0.8879799,0.9196252,0.8350727,0.88672614,0.8491981,0.91680586,1.0697175
130,0.57664126,0.7995545,0.9088703,0.9482429,0.8996841,0.9579729,0.9031923,0.81399953,0.8695973,0.9068353,1.0298723,1.2174454
131,0.86588496,1.0047424,1.0388402,0.9726136,0.9648537,1.0094117,0.90513533,0.8735604,0.97845733,1.1083238,1.2631294,1.412581
132,1.9965568,1.437743,1.2185357,0.98562884,0.9351364,1.0114183,1.1131438,1.3573129,1.4403822,1.6564,1.6243849,1.5950139
133,1.9125955,1.426393,1.1948538,1.0467273,1.0464764,1.0843797,1.2518611,1.5069757,1.4312812,1.6466395,1.5503112,1.515807
134,0.88171566,1.1222041,0.89679575,1.0537398,1.2034554,1.2441769,1.2647041,1.4899852,1.4251539,1.5489526,1.5256232,1.5036013
135,0.9183295,1.1086725,0.94022375,1.1692535,1.3117483,1.3427502,1.3538786,1.5660467,1.4931004,1.4946792,1.5057901,1.4202908
136,1.5636241,1.426055,1.2102063,1.3334111,1.4805757,1.5030475,1.5740393,1.6814191,1.5733733,1.4099755,1.4319687,1.3239028
137,1.4875741,1.4090149,1.2871649,1.4239482,1.5595822,1.5699085,1.6053265,1.6203237,1.4831353,1.2603172,1.3023685,1.2326211
138,1.6120219,1.5123789,1.418138,1.5276328,1.6229517,1.6024275,1.5843722,1.5308492,1.3910491,1.1528519,1.2289962,1.1772597
139,1.7822777,1.6423576,1.5493429,1.5889443,1.6341132,1.5521402,1.4775863,1.3720047,1.2307734,1.0328724,1.1047046,1.0547547
140,1.7527982,1.6485784,1.5993557,1.590691,1.5730152,1.4396099,1.3512086,1.2011391,1.0660228,0.9189682,0.945753,0.91182554
141,1.957782,1.7372456,1.6498566,1.6059422,1.5021199,1.3235322,1.2934037,1.125697,0.99754095,0.90857697,0.8748803,0.8552588
142,2.1756387,1.8176694,1.5893781,1.5674533,1.4318385,1.202007,1.2585601,1.1187464,0.96654296,0.924755,0.85136294,0.8246118
143,1.901073,1.6448437,1.4569163,1.4647894,1.3281951,1.1234585,1.2362223,1.1112864,0.9458158,0.88906026,0.78891504,0.8038553
144,2.1393063,1.7593149,1.3499119,1.4013422,1.3105203,1.0380219,1.226589,1.154727,0.93892324,0.8907182,0.7826456,0.7700449
145,1.9163007,1.6403607,1.2872398,1.3389409,1.2421865,1.0137709,1.1925888,1.1412855,0.9021605,0.83644235,0.723907,0.7279267
146,1.5102922,1.4208918,1.2763083,1.3224006,1.1792381,1.0526197,1.1211653,1.0531099,0.8498393,0.72621286,0.5894799,0.609251
147,1.4162617,1.3910825,1.2978334,1.337621,1.1437614,1.0613014,0.993516,0.9251611,0.73030806,0.59904975,0.46189797,0.47615176
148,1.409215,1.3723246,1.2713265,1.2877291,1.075467,0.9968384,0.8544843,0.78388554,0.6005963,0.48830312,0.37839305,0.38595077
149,1.6099279,1.4375875,1.2720916,1.2234751,1.017389,0.9054933,0.7472168,0.66827035,0.486373,0.40731984,0.33809832,0.33095703
150,2.0777383,1.6730461,1.2694006,1.212446,1.0215583,0.8429377,0.72369653,0.65657794,0.40763038,0.35315943,0.34722385,0.3033778
151,1.9209317,1.4684926,1.089297,1.0136175,0.8433589,0.6872834,0.64164364,0.5586686,0.39040083,0.30953172,0.3340972,0.29021195
152,1.9151798,1.3765835,0.9962161,0.8923182,0.7385465,0.5967984,0.62612844,0.5150638,0.38879222,0.30625933,0.32149345,0.26844415
153,1.5137769,1.0506833,0.8331759,0.69309855,0.56399846,0.46293658,0.51189405,0.3871186,0.393988,0.32168725,0.31520078,0.2795177
154,1.6358445,1.107807,0.85202056,0.6795444,0.5566883,0.44142717,0.5193002,0.39633214,0.369698,0.3125596,0.29037052,0.26003692
155,1.1127868,0.7476182,0.6535043,0.49518576,0.41546702,0.32704222,0.40920714,0.30270183,0.3655883,0.30939704,0.26950687,0.26474613
156,1.007205,0.6937875,0.6291785,0.4740479,0.41439235,0.3374781,0.39597982,0.30412683,0.33960202,0.31505552,0.27065262,0.2843447
157,0.838622,0.58870786,0.56106925,0.4313153,0.39722967,0.32561842,0.374824,0.29794535,0.3204256,0.31055096,0.2718934,0.2996731
158,0.6568153,0.4722563,0.48238072,0.38897616,0.38053507,0.3182026,0.36433873,0.2969703,0.30479667,0.30987895,0.28366926,0.32503235
159,0.53070796,0.39482534,0.42455238,0.36007705,0.37324676,0.3143363,0.36125088,0.30373758,0.29466918,0.3104545,0.30034578,0.3570956
160,0.48521703,0.37635708,0.40061453,0.3524044,0.37849578,0.3136009,0.36006147,0.3154644,0.29102278,0.314915,0.3221987,0.39369163
161,0.45461702,0.36880118,0.37687236,0.3418294,0.37979472,0.3082645,0.35485137,0.32670945,0.2932726,0.3222708,0.34909332,0.43734992
162,0.39990735,0.34357077,0.33615434,0.3161428,0.36828136,0.29506612,0.34290284,0.33480996,0.2988535,0.33457422,0.38802835,0.4964676
163,0.39694995,0.36090177,0.32526702,0.3088394,0.36664712,0.28761142,0.32810462,0.34848458,0.31080174,0.35988778,0.44976062,0.5717975
164,0.4115367,0.39270824,0.33052585,0.3107229,0.3678249,0.28244781,0.30909902,0.36614013,0.33600774,0.40365583,0.53553486,0.65867794
165,0.38080454,0.38600332,0.32402107,0.3015145,0.3574577,0.2748941,0.28888184,0.38433367,0.37759414,0.47074783,0.6462462,0.757048
166,0.35427773,0.37905696,0.33587313,0.3067711,0.3525986,0.28128883,0.28189176,0.42046106,0.4478039,0.57292855,0.7909087,0.87140906
167,0.33899903,0.37200186,0.36063775,0.3294341,0.3579749,0.30935502,0.3110686,0.4930907,0.5671178,0.7176851,0.9594723,1.0043826
168,0.33898735,0.36520392,0.38604385,0.36252022,0.37696335,0.36764705,0.3941717,0.6132512,0.7406894,0.89303124,1.1299679,1.1518424
169,1.0626999,0.8381273,0.5630274,0.5392256,0.42473388,0.44846827,0.55790466,0.92743933,0.9714525,1.029805,1.2570765,1.215633
170,0.5149469,0.42741138,0.33077532,0.43866196,0.5022952,0.60676146,0.77803266,0.9953273,1.0960925,1.1080014,1.2490411,1.3185306
171,0.17142434,0.2377211,0.27444434,0.44722548,0.6166499,0.77357656,0.866608,0.97052395,1.031524,1.0173413,1.1579987,1.2432961
172,1.0521752,0.8526737,0.67706484,0.76005185,0.7947585,0.901705,0.9858291,1.1377455,1.0628579,0.96041965,1.0987098,1.1304651
173,0.22183609,0.3149971,0.44046184,0.6078297,0.75981575,0.97344655,0.94700485,0.9832192,0.97158766,0.8806559,0.9936224,1.0965964
174,0.20295492,0.35308668,0.5477358,0.7182288,0.77901083,0.9618917,0.853023,0.9031071,0.85644007,0.8275776,0.9712516,1.0854058
175,0.2922067,0.453264,0.6628574,0.78165036,0.72848535,0.8558123,0.71171355,0.7700226,0.76987433,0.84406376,1.0068027,1.1767523
176,0.370502,0.50835407,0.6997348,0.7263432,0.58507514,0.644903,0.5290891,0.6043909,0.70696294,0.9200231,1.0854694,1.3014874
177,0.51381755,0.60205895,0.73315096,0.6456224,0.49118006,0.49342555,0.4331515,0.52797055,0.72733116,1.0434556,1.1971153,1.4144595
178,0.6246471,0.69657904,0.7304091,0.6089161,0.50451463,0.47109145,0.49494588,0.5953145,0.82130444,1.1241772,1.2652055,1.4627154
179,0.6473224,0.7327916,0.65915006,0.593218,0.5681143,0.55002385,0.67345476,0.7760255,0.9736005,1.1730849,1.3085564,1.4560099
180,0.52491534,0.6456348,0.5224043,0.5682386,0.653971,0.70094097,0.93239933,1.0334113,1.1906143,1.2663633,1.3869513,1.4548941
181,0.43477458,0.53185946,0.49680582,0.637745,0.8306267,0.9970404,1.3086331,1.4135675,1.5566539,1.5174645,1.576457,1.4661845
182,0.51613986,0.60294586,0.61480826,0.7915604,1.0558714,1.2757518,1.5855513,1.6317923,1.7338897,1.6109349,1.6309125,1.4521395
183,0.5909037,0.685383,0.797467,0.9916073,1.299429,1.5622647,1.840966,1.8311017,1.8730165,1.7008214,1.6850537,1.4531586
184,0.6798983,0.8186109,1.0499284,1.2746292,1.5849135,1.8488702,2.0580626,1.999475,1.9081174,1.7154388,1.6724074,1.4141678
185,0.78998524,1.0281149,1.3266582,1.5735254,1.830468,2.000361,2.1106756,2.0147681,1.783886,1.6151788,1.5713661,1.3501482
186,0.9613785,1.3025719,1.608598,1.8614007,1.9905777,2.011325,2.021003,1.9063482,1.6092645,1.4827205,1.4513695,1.29499
187,1.7196672,1.8325303,1.9764578,2.089738,2.0538735,1.9278475,1.9135174,1.7862501,1.4828627,1.3669033,1.3361402,1.2638129
188,2.4729931,2.1880984,2.023892,2.016008,1.9113382,1.7535522,1.6663996,1.6137373,1.3162299,1.2475907,1.2468562,1.1967068
189,1.9044119,1.9306756,1.8238757,1.8463464,1.7374403,1.5239074,1.4416366,1.3923984,1.1574594,1.1411364,1.0779533,1.0524961
190,1.095005,1.5030868,1.522466,1.6350396,1.4865496,1.3046689,1.2321023,1.1862004,1.0215584,1.0032247,0.88149846,0.8727042
191,1.383773,1.6377645,1.5529277,1.5397568,1.3779718,1.1906887,1.1110733,1.0259149,0.90191114,0.83463573,0.69522995,0.7046052
192,1.6538858,1.7299321,1.5526304,1.4294235,1.2601051,1.073546,0.97100943,0.8894278,0.7966949,0.73046035,0.6118773,0.61342746
193,1.759472,1.6950201,1.485965,1.314282,1.1454524,0.99679494,0.84842235,0.79841477,0.71861887,0.6717512,0.5906471,0.54485995
194,1.2419814,1.3493819,1.2463713,1.1142285,0.9512822,0.85724974,0.70789903,0.6827651,0.61521006,0.56789577,0.4813261,0.4175564
195,1.1054221,1.2144552,1.1415153,1.0061603,0.8332229,0.76389134,0.6076526,0.5725225,0.5174762,0.4611264,0.37702394,0.32066232
196,0.9615333,1.056086,1.0060066,0.86934024,0.7022443,0.6366921,0.49866843,0.45133066,0.41326013,0.36766064,0.30245602,0.26333275
197,1.0706669,1.0380797,0.9573769,0.78184545,0.6194302,0.5368684,0.42843494,0.3597782,0.34073234,0.31418347,0.26911336,0.24976611
198,0.8353344,0.80459,0.7539655,0.5996749,0.4803747,0.4071111,0.34410346,0.28053734,0.28487158,0.2747329,0.24549694,0.24520414
199,0.7341393,0.67956614,0.6342141,0.49949136,0.40591598,0.34266704,0.30843645,0.24741073,0.25832897,0.26443323,0.23890854,0.25969046
200,1.0144548,0.8127524,0.69378966,0.5284091,0.41913292,0.35684466,0.303603,0.25160575,0.23960912,0.2759799,0.2545294,0.263134
201,0.9966017,0.7623279,0.61479676,0.46398363,0.37273413,0.32738853,0.2671631,0.25375345,0.2285341,0.27857032,0.2721273,0.2592768
202,0.9527151,0.71839374,0.5452103,0.42638972,0.34994885,0.32175088,0.25408915,0.28015107,0.23492517,0.30151233,0.30540353,0.2857113
203,1.0429891,0.77009904,0.5489753,0.44336244,0.35904694,0.33401436,0.2624416,0.3127127,0.25575536,0.3357903,0.3507412,0.33987352
204,0.26062462,0.2614794,0.19235384,0.21631354,0.22142585,0.2327041,0.23114899,0.31758937,0.31402618,0.35109794,0.3775528,0.38857397
205,0.08618278,0.14796533,0.13314407,0.19946754,0.22848208,0.24172293,0.27420697,0.3579895,0.34364444,0.40078607,0.46117964,0.52163833
206,0.106758945,0.15719238,0.15866104,0.22676998,0.24154603,0.24522538,0.30222595,0.38206422,0.38864514,0.4690581,0.56085235,0.652621
207,0.10668405,0.14958619,0.15885773,0.21739598,0.22805849,0.2378518,0.32221127,0.40751413,0.45300606,0.5676503,0.67861557,0.7938032
208,0.14316393,0.16657259,0.1706335,0.19919693,0.21910286,0.24603075,0.35064548,0.4536103,0.5400126,0.7042811,0.81153524,0.9225127
209,0.20186818,0.19286555,0.17958854,0.18986198,0.23348512,0.28385252,0.4082898,0.5446238,0.6593841,0.8403417,0.9154221,0.98156494
210,0.18554652,0.1665923,0.13853309,0.17648694,0.25562066,0.3322458,0.49766994,0.6568707,0.7632258,0.8769505,0.9194536,0.93004966
211,0.14573309,0.15011266,0.13746348,0.19911523,0.28642344,0.37388158,0.5759346,0.7135587,0.7901925,0.8221991,0.8700454,0.8619888
212,0.20752782,0.2156792,0.23219532,0.27957416,0.34138584,0.4185318,0.62873113,0.73334193,0.8006114,0.787941,0.85357213,0.84770274
213,0.34335655,0.32502058,0.35274285,0.37662637,0.4220243,0.5004458,0.69666505,0.7767816,0.84515285,0.8098247,0.85956347,0.8423518
214,0.34260523,0.33972842,0.40208083,0.43234837,0.51648897,0.60639364,0.7804652,0.8215276,0.87209404,0.8460432,0.8619311,0.84484094
215,0.33335832,0.3607183,0.45062202,0.4905034,0.6175472,0.71533203,0.84967893,0.84638184,0.8678528,0.8541442,0.8448988,0.83339643
216,0.33659422,0.4027714,0.5135646,0.56276226,0.7135709,0.79742944,0.89143723,0.83789694,0.8379724,0.83675516,0.80819917,0.81106323
217,0.57609016,0.59420526,0.6281954,0.6370208,0.7517917,0.7900662,0.8576965,0.8048229,0.7750937,0.77060497,0.71638334,0.7319792
218,0.65420467,0.6759204,0.66545063,0.68624103,0.7979156,0.78890437,0.8422238,0.7556561,0.7205471,0.74365664,0.66203725,0.71084356
219,1.5234928,1.1344721,0.82603055,0.7955078,0.7374749,0.7729943,0.85126036,0.84855723,0.772719,0.7083693,0.67265725,0.74435425
220,0.6987244,0.57248455,0.46965736,0.50504565,0.6004094,0.6943484,0.6831379,0.6868913,0.5893103,0.5450573,0.56545985,0.6080744
221,1.2791849,0.94149417,0.8524034,0.7903657,0.8168981,0.83627087,0.8488564,0.8299927,0.73334444,0.66224194,0.6586491,0.6831981
222,1.832078,1.3324418,1.1660774,0.9748231,1.0200297,0.95382833,0.9302376,0.9312933,0.8852867,0.8541105,0.8245921,0.858187
223,2.084532,1.5556302,1.3232882,1.0391631,1.108361,0.99878615,0.94030815,0.9846228,0.9994248,1.0270767,0.9661583,0.9648044
224,1.6953713,1.459021,1.2198064,0.9304451,1.0893705,1.032439,0.9243152,0.9558245,1.0455894,1.0899228,1.0602754,1.0549908
225,0.70740974,0.93429714,0.84923655,0.7217487,0.91780245,0.90953976,0.7981278,0.8454015,0.97253716,1.06875,1.0373577,1.0706352
226,0.4829893,0.7204668,0.7186076,0.68462807,0.83884144,0.81531924,0.7880801,0.8772911,0.9529959,1.0839014,1.0312368,1.0671861
227,0.49877858,0.6713056,0.6942141,0.71552813,0.8278523,0.7916336,0.81616944,0.91860944,0.9567878,1.0944844,1.0273961,1.0632392
228,0.46856433,0.58732086,0.6447517,0.6780087,0.7664969,0.7457171,0.77953005,0.89068866,0.9124855,1.0775101,1.0247664,1.0578392
229,0.4827637,0.5270234,0.5918176,0.5747019,0.67315704,0.69255936,0.7170355,0.8617565,0.8884913,1.0827215,1.065994,1.084847
230,0.54208946,0.5184965,0.5631968,0.50443816,0.6271084,0.69295114,0.7281336,0.90373784,0.9436681,1.1045983,1.1142606,1.110182
231,0.4982407,0.47720408,0.55050856,0.5187001,0.6526482,0.7465635,0.80513495,0.9529012,0.99577415,1.0797565,1.1035453,1.1014259
232,0.46347588,0.47479296,0.6050978,0.62793845,0.76255894,0.8574203,0.9126531,0.98629624,1.0234706,1.028151,1.0601746,1.065365
233,0.6183929,0.63413,0.78122455,0.8339148,0.95863223,1.0209398,1.0404549,1.0282378,1.0573375,0.9807459,1.0028884,0.99874634
234,1.7196566,1.277757,1.1500237,1.0618002,1.1652409,1.1795073,1.18892,1.1618567,1.1252273,0.99696493,0.97848046,0.9103096
235,2.2827675,1.5382794,1.2272584,1.1726056,1.2241701,1.1271327,1.0982397,1.1560171,1.0115939,1.0642648,0.90742826,0.6588172
236,1.986624,1.5333463,1.2934196,1.2502518,1.3243332,1.158423,1.1419415,1.1368921,0.929808,0.95568013,0.7074567,0.5572338
237,1.4476959,1.3304142,1.2474089,1.2975944,1.2946489,1.1679134,1.1900408,1.1137953,0.91198003,0.8103335,0.56159943,0.5170768
238,0.89633614,1.0558171,1.0924413,1.2573755,1.1609982,1.0891793,1.0521064,0.9598076,0.8024318,0.6667712,0.48306954,0.48127502
239,0.5233282,0.8481662,0.9291321,1.1398511,1.0214529,0.97902954,0.85503334,0.7592686,0.65676856,0.54157495,0.422716,0.42284432
240,1.6983418,1.4771675,1.3225999,1.2761284,1.1229819,1.0043683,0.90069693,0.743469,0.66716576,0.4892881,0.40764588,0.409926
241,1.5789437,1.363177,1.2623491,1.1862987,1.0135837,0.89962167,0.7789777,0.62860554,0.55138636,0.40009797,0.3744587,0.32858664
242,1.9042205,1.5002863,1.2987926,1.1819761,0.9677499,0.8483948,0.71653706,0.58731043,0.49450043,0.36743468,0.37763098,0.2940125
243,1.0311738,0.9653083,0.9394073,0.8742011,0.70455694,0.6324547,0.5235473,0.4199993,0.385107,0.29348406,0.3050448,0.24964745
244,0.9559792,0.89698386,0.86343956,0.7727818,0.6138097,0.5417154,0.45993626,0.35148072,0.32793093,0.2524366,0.23983145,0.21698423
245,1.3415976,1.064925,0.92561525,0.7463542,0.5931383,0.5024988,0.4269243,0.31835926,0.28765747,0.23846976,0.225162,0.21252143
246,0.8914662,0.73748225,0.6623866,0.5219932,0.4311145,0.3483457,0.32192233,0.25513458,0.24703097,0.22450447,0.20856644,0.19698581
247,0.88460916,0.71239585,0.6250077,0.47754464,0.40233502,0.32012108,0.30517417,0.25112364,0.23243853,0.24268842,0.20793179,0.20921661
248,1.0560297,0.7915637,0.6417422,0.4717574,0.399132,0.3100362,0.28808624,0.25682715,0.21835645,0.25390515,0.21665172,0.21907249
249,0.5556046,0.46057773,0.3891876,0.2995527,0.28061372,0.21606004,0.2265914,0.23860483,0.21434592,0.25034282,0.21121623,0.21775904
250,1.1456102,0.83818495,0.62237334,0.46795022,0.40234095,0.31482464,0.27937794,0.2879109,0.20915058,0.28388825,0.24158138,0.2543833
251,0.32087004,0.29003692,0.22481745,0.1975303,0.2126269,0.17033091,0.18881093,0.24800593,0.2256228,0.2649944,0.23001474,0.24335632
252,0.09389116,0.14844528,0.13877589,0.15732199,0.19936639,0.1883404,0.20865831,0.26793084,0.21675804,0.27935892,0.26217136,0.30940643
253,0.017222181,0.09191879,0.110447206,0.14530335,0.18462345,0.18340783,0.20806293,0.26663512,0.21644455,0.29313418,0.30078387,0.3755702
254,0.08243103,0.13902147,0.153799,0.17393689,0.19061136,0.19525416,0.21140975,0.26621968,0.2394543,0.33796906,0.371926,0.46650836
255,0.27261984,0.2794699,0.26523378,0.2483953,0.22403477,0.23244543,0.22867556,0.28356174,0.29905266,0.42439455,0.48119617,0.5789876
256,0.4246266,0.39299273,0.35427284,0.31568336,0.25324988,0.27430412,0.26328623,0.3303986,0.4008851,0.55015576,0.62323844,0.708642
257,0.35773176,0.344261,0.33029366,0.3109421,0.24377075,0.2906477,0.31574142,0.40340605,0.5321068,0.7063414,0.7885828,0.85957175
258,0.20792608,0.23336285,0.26817036,0.28442466,0.23273207,0.31048232,0.39599395,0.5151861,0.68362045,0.8875357,0.962392,1.0102377
259,0.16397834,0.19841065,0.23117751,0.29306155,0.2651919,0.37930033,0.5356165,0.7058959,0.87939143,1.0626396,1.0824505,1.077544
260,0.18205841,0.21262425,0.2018753,0.3559335,0.3904057,0.57660186,0.8087563,0.9841437,1.1050509,1.1540104,1.0790722,1.0036898
261,0.08803517,0.2046439,0.29107344,0.53505075,0.713238,0.9761078,1.1726801,1.1962934,1.161415,1.1171594,1.0107172,0.9098467
262,0.09803923,0.3249094,0.5493914,0.755185,0.9736596,1.1325717,1.2083519,1.1038321,0.976694,0.98740125,0.97645473,0.8798864
263,0.26407373,0.4829986,0.733129,0.85041934,1.0225233,1.1029967,1.1295282,1.0320437,0.90435374,0.9657464,0.9960784,0.9214878
264,0.38453478,0.5985727,0.867507,0.9129072,1.0494328,1.0562071,1.0587324,0.9825269,0.8690343,0.975114,1.0089732,0.9601662
265,0.42540646,0.6842203,0.97675616,0.9847305,1.075112,1.0036681,0.994454,0.95028716,0.8594923,0.99623835,1.0298078,0.9947925
266,0.48375994,0.7816289,1.0521975,1.0370266,1.0788754,0.9576347,0.949362,0.96242815,0.9144902,1.0446751,1.0764362,1.0382409
267,1.9117968,1.4568408,1.2353578,1.0476894,0.9666405,0.8956383,1.008614,1.1210389,1.0445592,1.0224103,1.0919807,1.1073418
268,0.8361843,0.77931553,0.7061595,0.69266886,0.82219934,0.77290463,0.87583774,0.9035048,0.8986399,0.8966694,0.8859601,0.96801275
269,0.6424975,0.6654543,0.59473777,0.6714112,0.754954,0.776312,0.8373016,0.8976853,0.87320864,0.82388484,0.82178605,0.8606017
270,0.6782568,0.65946746,0.61504805,0.6824591,0.76439154,0.79566365,0.8351617,0.8450214,0.8022021,0.72953224,0.76582646,0.8007955
271,0.48521167,0.4857887,0.5227212,0.6115501,0.69028145,0.7007203,0.73667586,0.7181045,0.6859665,0.61396337,0.6922841,0.7400884
272,0.4685079,0.46214288,0.50038695,0.58700377,0.6394457,0.60632414,0.65333664,0.62491286,0.642408,0.5910795,0.70978284,0.7913274
273,1.3912401,1.0734899,1.0057763,0.942073,0.98495793,0.8763414,0.9129308,0.81227547,0.8737029,0.90029204,0.95942926,1.0658875
274,0.6500672,0.7178387,0.75883025,0.79742503,0.8241709,0.73973536,0.83170164,0.8118041,0.928378,0.9711151,1.089522,1.2346561
275,0.68542117,0.7662063,0.8114962,0.7939246,0.83405465,0.7624705,0.8721259,0.95119923,1.0921044,1.1773707,1.3318539,1.4483222
276,1.6797967,1.3440319,1.1608205,1.0224296,1.0089244,1.0314428,1.1034312,1.321533,1.474303,1.5754951,1.7146504,1.6529908
277,1.6010729,1.2827553,1.1085174,1.0699261,1.0021557,1.1325467,1.2624298,1.511214,1.61194,1.6261617,1.735514,1.6063168
278,1.5705001,1.2889138,1.1313891,1.1648157,1.1507223,1.2743168,1.4567832,1.618434,1.6299771,1.5316268,1.5743932,1.4698086
279,1.5618515,1.334719,1.2250612,1.3089682,1.3219347,1.4050529,1.5971284,1.6379118,1.5801516,1.3974243,1.3931073,1.336728
280,1.6604865,1.4333348,1.3680632,1.4654788,1.4482082,1.4910637,1.6577083,1.5915701,1.5033268,1.2890271,1.2767836,1.2576133
281,2.108579,1.6970794,1.5541847,1.6265928,1.536117,1.5087237,1.6585448,1.5290895,1.4197215,1.2497587,1.2292651,1.198588
282,2.3238995,1.8471373,1.6067812,1.6771255,1.5850244,1.4693036,1.6111146,1.4790106,1.3290981,1.2438482,1.1722666,1.0893847
283,1.5185955,1.5047702,1.5107479,1.6074369,1.5107023,1.4199152,1.4894629,1.3518884,1.1972045,1.0857764,0.9756087,0.99146795
284,2.0842178,1.7811278,1.6448727,1.6347154,1.5455635,1.351997,1.4507675,1.2912107,1.1139579,0.96042573,0.8204237,0.82366633
285,1.8708658,1.6697428,1.5774839,1.5834866,1.4675881,1.2802597,1.3473686,1.1838396,0.99810493,0.85073495,0.7200787,0.74597955
286,1.8531846,1.6716781,1.5565455,1.5576407,1.416847,1.2371113,1.2572132,1.116055,0.9191927,0.7814748,0.6517359,0.67727524
287,0.93865365,1.1848646,1.234299,1.3949432,1.2054944,1.1359025,1.0321853,0.96217453,0.7864654,0.6849662,0.5400578,0.5515598
288,0.77144647,1.1001941,1.1293147,1.3196892,1.1099508,1.060976,0.8466536,0.81430846,0.6233283,0.5595123,0.42134142,0.41417232
289,0.84816206,1.1149787,1.0839841,1.2278306,1.0105156,0.92721415,0.6947543,0.6678616,0.48213756,0.4522277,0.33762163,0.32998115
290,0.80469894,0.97294813,0.92351896,1.0061834,0.813385,0.70709956,0.5318928,0.4991764,0.35498288,0.35642067,0.29795894,0.3015997
291,0.85514426,0.9069985,0.8399651,0.85509574,0.6871854,0.5756109,0.45249388,0.40538067,0.3109357,0.33451802,0.29250696,0.30330843
292,0.78978163,0.7759759,0.7237533,0.70315015,0.5710187,0.4703635,0.39637893,0.33803916,0.28886744,0.32193863,0.28801495,0.3081265
293,0.72980016,0.65086263,0.6168841,0.56921506,0.47563457,0.38973013,0.3629189,0.29453006,0.2850207,0.3254072,0.29595152,0.3309499
294,0.7547805,0.62122625,0.58273673,0.5101061,0.43781078,0.35685316,0.35251,0.27808976,0.28828484,0.33194095,0.29280618,0.3308268
295,1.072947,0.7960097,0.6744076,0.5393652,0.46482748,0.36573863,0.35314816,0.28138,0.28712463,0.33959252,0.28379497,0.29657564
296,1.6602752,1.1332861,0.77390134,0.613351,0.50943047,0.38859034,0.3838529,0.3503213,0.28189003,0.29419982,0.2574911,0.21179503
297,0.9890153,0.66503626,0.47766665,0.36228848,0.3502211,0.23737091,0.2953758,0.2607815,0.29572874,0.28714553,0.21424888,0.21758403
298,1.6460221,1.0836633,0.6799296,0.5490885,0.48996085,0.35468787,0.46611273,0.43224868,0.3397646,0.27689046,0.19924572,0.18011647
299,0.84381366,0.56264955,0.39067224,0.3008998,0.31821322,0.21405083,0.3400743,0.30792475,0.3608724,0.2823634,0.19648156,0.23588198
300,0.75694644,0.54977417,0.40898216,0.3260219,0.34927893,0.27118394,0.36679426,0.346366,0.34947437,0.28686762,0.2048215,0.25016135
301,1.4143735,0.9999006,0.6619612,0.54009163,0.49086154,0.35654488,0.47538376,0.4620065,0.36068028,0.28428948,0.21042693,0.26524478
302,0.65689456,0.5068533,0.36052275,0.30192092,0.31532532,0.24132381,0.3425384,0.33985612,0.3716898,0.27819481,0.22176406,0.28567854
303,0.811443,0.65877837,0.48195606,0.40538216,0.39975902,0.34267002,0.39146486,0.3861261,0.36543608,0.30648145,0.27465028,0.34106183
304,0.9186689,0.7559369,0.5489701,0.47628284,0.43144363,0.3838542,0.40837657,0.4023392,0.38329065,0.3310408,0.34448734,0.41729105
305,0.26796487,0.31330305,0.24846512,0.2677619,0.2931349,0.32914382,0.34612423,0.34007284,0.41712922,0.36220568,0.43768376,0.51568997
306,0.123725876,0.22588317,0.19615394,0.2573511,0.28694886,0.3539284,0.36885062,0.3631544,0.4510795,0.45407385,0.6318083,0.75197256
307,0.15182424,0.25590083,0.2232318,0.29816067,0.27254683,0.32414597,0.3588149,0.40368026,0.5179869,0.6063001,0.8708224,1.033999
308,0.17059107,0.26458198,0.24109393,0.28149968,0.18398052,0.23667744,0.30934942,0.46214747,0.624735,0.85748875,1.1431324,1.3283467
309,0.26187426,0.33136183,0.29605797,0.26990396,0.1037244,0.19371836,0.33286634,0.6122756,0.8129046,1.213269,1.3981303,1.5594337
310,0.34877545,0.3730289,0.306921,0.26676568,0.11044519,0.26115173,0.4882151,0.8145487,1.0143576,1.4492277,1.481292,1.5914551
311,1.509053,1.0672203,0.79995114,0.7843149,0.47921586,0.7371029,0.9806163,1.3413918,1.4080995,1.6497715,1.536273,1.3821834
312,0.5550626,0.45207047,0.44926518,0.6258947,0.5299507,0.7995789,1.2313629,1.5335598,1.668806,1.8567262,1.605053,1.5241957
313,0.3133548,0.28033626,0.34789473,0.5915996,0.61842257,0.9251266,1.339018,1.6121669,1.6616802,1.7672657,1.5068684,1.3846823
314,0.13570721,0.18570977,0.3691858,0.6688278,0.8009496,1.1579894,1.5012236,1.6499016,1.6112074,1.6367191,1.3707917,1.2141743
315,0.037590846,0.14586937,0.13893451,0.3884708,0.54170835,0.81235,1.1305777,1.4095793,1.3991181,1.4606459,1.2623068,1.1398437
316,0.12907639,0.26028404,0.33597982,0.63510644,0.8355378,1.2012095,1.4292129,1.5453424,1.4247222,1.3913879,1.1364932,0.9766495
317,0.33395082,0.5376541,0.73972523,1.0170288,1.2253426,1.5836353,1.6188879,1.4910076,1.282174,1.2212338,1.0055077,0.8727939
318,0.5053812,0.8408809,1.0936816,1.2988129,1.442437,1.6456349,1.5340768,1.283906,1.0450642,1.0509005,0.9080411,0.84295416
319,0.66905975,1.1042438,1.3764203,1.475888,1.4798648,1.4925772,1.2964804,1.0361123,0.8329239,0.9419757,0.87987435,0.88161695
320,0.7985247,1.2300977,1.5083749,1.5147648,1.4309164,1.3284392,1.1135192,0.87545747,0.75370944,0.91418326,0.91040194,0.9530385
321,1.6614721,1.6940063,1.7310688,1.5662024,1.3850448,1.256184,1.1061653,0.92647034,0.8493786,0.93167174,0.97147274,1.0732412
322,2.3114598,1.8358731,1.6020768,1.3462732,1.0925344,1.0244428,0.92540395,0.9483756,0.89322245,0.9822068,1.0677418,1.095287
323,0.94138277,1.058587,0.97921115,0.94790316,0.8889525,0.771477,0.7737984,0.9066926,0.9000064,1.0638734,1.1550444,1.209908
324,0.798124,0.9637959,0.92563075,0.9634646,0.88667166,0.8142345,0.84347314,0.9897455,0.9902333,1.0706465,1.1382958,1.1679988
325,1.1602918,1.1860642,1.0796655,1.0529308,0.9500432,0.9009147,0.9378982,1.0420709,1.042485,1.0616789,1.120893,1.1595948
326,0.5994797,0.86906576,0.83363163,0.8825672,0.8491598,0.82954633,0.8659896,0.97751397,0.9900408,1.0217445,1.1086706,1.1542684
327,0.623845,0.8580911,0.83889264,0.8690935,0.8730364,0.86449504,0.9064693,0.96951944,1.0497209,1.0928375,1.182282,1.245537
328,1.2752395,1.223808,1.1394804,1.0417745,1.0380688,1.0537953,1.0830063,1.090889,1.273096,1.3755146,1.428611,1.4766827
329,1.3916099,1.2426097,1.148063,1.0416738,1.0149882,1.1118197,1.1800449,1.2874088,1.4912544,1.6565108,1.7109711,1.6767805
330,1.4631598,1.2909186,1.2004619,1.1525767,1.1195925,1.2537309,1.3682547,1.4927797,1.613124,1.7407115,1.7112523,1.6467553
331,0.92678726,1.0044526,1.0456338,1.1377983,1.1799486,1.3976206,1.5916737,1.7573338,1.8215897,1.8444296,1.789109,1.6818163
332,0.6329243,0.9002296,1.016712,1.1639507,1.2593513,1.4388117,1.5764487,1.6740289,1.6913214,1.6762998,1.5878669,1.4984422
333,0.5492902,0.83970267,0.9705201,1.0745738,1.2073944,1.3221291,1.4067576,1.4569385,1.4738665,1.4806825,1.3878622,1.3074872
334,0.49181628,0.7652031,0.9084039,0.99554855,1.1578407,1.2402942,1.319757,1.3610668,1.3599963,1.3924001,1.2788726,1.204887
335,0.29412645,0.7059803,0.8998168,1.0141772,1.2238141,1.2818292,1.2952061,1.27776,1.2358538,1.2533835,1.1560614,1.1063261
336,0.2567867,0.73107445,0.9610552,1.0705062,1.260258,1.2968115,1.2206247,1.155942,1.0927593,1.0852146,1.0340351,1.0025514
337,0.35263127,0.8055734,1.0546687,1.1315234,1.2626756,1.2741125,1.1254492,1.0243268,0.9634836,0.92890465,0.9174131,0.9054541
338,0.3628165,0.7820044,1.0875003,1.1353871,1.2048943,1.18737,0.99575865,0.8616822,0.8272908,0.79572153,0.8169544,0.8343678
339,1.3768556,1.4228224,1.5105922,1.3936001,1.3084214,1.2360145,1.0158079,0.89367276,0.89693916,0.7797415,0.7713586,0.81496793
340,2.3526528,1.861754,1.5311375,1.3562051,1.259758,1.1534296,1.0065007,1.086684,0.951656,0.8497484,0.8172835,0.6589657
341,1.1598457,1.2618968,1.1951823,1.1538155,1.1597681,1.0146906,0.91434044,0.9872183,0.8664396,0.8461338,0.70868915,0.6325828
342,1.0862895,1.2424114,1.162771,1.182949,1.1408552,1.0308672,0.93870574,0.9695302,0.8366724,0.69803786,0.54354787,0.44195578
343,1.2113321,1.3122483,1.2083251,1.1954399,1.10121,0.97970194,0.8687429,0.8401747,0.693613,0.5186919,0.38862196,0.28561708
344,1.0981487,1.2090944,1.1431789,1.0967882,0.97428435,0.84300816,0.7304694,0.6629965,0.5424377,0.39192408,0.29477742,0.2010833
345,1.0509497,1.1311841,1.0759544,0.977923,0.82936114,0.68664926,0.5855428,0.4962085,0.4164182,0.30673417,0.2379075,0.17341128
346,1.3579044,1.2409494,1.1229639,0.9426169,0.76294845,0.62113893,0.5120789,0.40831628,0.34327978,0.26386958,0.22605532,0.17652273
347,0.9199793,0.9020594,0.83886147,0.666472,0.544167,0.41851944,0.35559297,0.27417937,0.26251686,0.23173727,0.2055861,0.18524441
348,0.91824144,0.84238243,0.7639823,0.5740745,0.45704818,0.35055393,0.30694565,0.21896303,0.23058555,0.22818242,0.1980257,0.21182981
349,0.32153225,0.38599622,0.37830994,0.2913412,0.25064108,0.20221409,0.18794757,0.15449025,0.18621026,0.20497833,0.19165386,0.24626827
350,0.16255899,0.24820414,0.2570693,0.22629324,0.19581158,0.16901076,0.16597787,0.14727227,0.16453342,0.20183165,0.19652581,0.2894553
351,0.015733108,0.11698192,0.13768588,0.16467303,0.15010762,0.13429442,0.1426426,0.15525405,0.16489843,0.21049152,0.22485833,0.34699294
352,0.041941132,0.10225442,0.1544666,0.22083685,0.19265972,0.15988699,0.24701695,0.3252359,0.39065886,0.512532,0.67693704,0.8508132
353,0.16110663,0.19203901,0.23001435,0.24810055,0.19807394,0.16692652,0.2661861,0.38245854,0.48418996,0.6725573,0.82660854,0.99936724
354,0.1106272,0.15822664,0.20492384,0.22861555,0.18030427,0.1432301,0.21681802,0.29092833,0.4136608,0.5623421,0.6715615,0.8523828
355,0.06262304,0.11847441,0.17115538,0.18933935,0.1529726,0.14946534,0.19791484,0.24979378,0.363972,0.49029365,0.570102,0.7278232
356,0.08000834,0.12870957,0.18123592,0.18550059,0.15172155,0.17829157,0.21659188,0.2762293,0.3887229,0.517012,0.59855616,0.7246608
357,0.13779345,0.1688284,0.21357092,0.20178345,0.16727887,0.2157957,0.25757116,0.34550518,0.4730791,0.61029994,0.69628984,0.7914578
358,0.11917752,0.15106453,0.1971055,0.19224468,0.18029462,0.24466848,0.31528252,0.43544644,0.580281,0.71198213,0.7965455,0.8653482
359,0.15927963,0.16614935,0.20779973,0.2046495,0.20894848,0.2957723,0.4103204,0.5807905,0.7392658,0.84662807,0.92084754,0.9511282
360,0.206612,0.17850187,0.19125089,0.21109281,0.24085444,0.3606292,0.5285923,0.72777534,0.88554764,0.929531,0.97288525,0.9625963
361,0.25106972,0.19108868,0.1877746,0.24396123,0.3035428,0.4772535,0.68302166,0.8812653,1.0265352,1.003355,0.99938166,0.93637156
362,0.21907035,0.17085874,0.21292189,0.31931096,0.4315828,0.6757889,0.87070364,1.0137273,1.1337564,1.096034,1.0311979,0.9288278
363,1.1756396,0.75122243,0.5323489,0.50880706,0.5258604,0.85454977,0.9502222,1.0725147,1.1659913,1.129698,0.97722685,0.7584369
364,0.42880672,0.37789518,0.4579447,0.531952,0.81774503,1.0466492,1.084737,1.001771,1.1207546,1.2086059,0.9693676,0.90976197
365,0.3200357,0.42157808,0.5634664,0.7359768,0.9745375,1.1874443,1.1960524,1.1009064,1.1812042,1.1557482,0.95313156,0.8850532
366,0.115664005,0.42182437,0.62275136,0.8462217,1.0663027,1.2310342,1.1983024,1.0863566,1.0979332,1.0249408,0.8927413,0.84405774
367,0.07246764,0.49829197,0.72967035,0.9311969,1.1137216,1.2137065,1.1295767,1.0099872,0.95926166,0.8839065,0.82163596,0.7826488
368,0.1537329,0.62087864,0.8611274,0.99334997,1.0946213,1.1250197,0.99578387,0.90639645,0.8198093,0.7856742,0.7833475,0.7498207
369,0.30055308,0.7372679,0.95059824,1.0115578,1.0070103,0.99225825,0.84566337,0.8174768,0.743085,0.7463753,0.7894566,0.76241136
370,0.30627152,0.64830774,0.78502256,0.7737469,0.72641724,0.70023865,0.5982781,0.64770055,0.6604775,0.7159621,0.8254702,0.85156924
371,0.30590266,0.6177429,0.78835106,0.75646365,0.68265396,0.68231404,0.6014168,0.6713785,0.7248291,0.79101765,0.8864292,0.91213626
372,0.58738106,0.7813092,0.89351064,0.81981426,0.71255046,0.7370464,0.6852634,0.7425078,0.8490386,0.87980163,0.93803585,0.9790541
373,0.5585286,0.7070135,0.7806375,0.6978777,0.63282627,0.7118974,0.70911956,0.77296644,0.93088996,0.98069906,1.0162377,1.0675406
374,0.49803925,0.6640178,0.7501703,0.7065697,0.6607863,0.74874026,0.7586122,0.81209725,0.97368133,1.0095999,1.0277675,1.0743518
375,0.44614065,0.6148617,0.70377403,0.69315517,0.6831675,0.79298526,0.8143429,0.8596389,1.0219779,1.0455483,1.0496353,1.0812987
376,0.4078691,0.5750505,0.6654455,0.6964534,0.7294104,0.862172,0.8907577,0.92598623,1.0744245,1.0843661,1.0794173,1.0808202
377,0.4800967,0.6301804,0.71713823,0.7919786,0.83923495,0.9653809,0.99469846,1.012572,1.1305202,1.1087123,1.1014171,1.0676706
378,0.48574507,0.6777472,0.8070059,0.9476467,0.9944864,1.0769763,1.1021235,1.1027386,1.1591147,1.1074961,1.1069971,1.0451725
379,1.3461683,1.1986883,1.1440501,1.1771494,1.1618291,1.2038295,1.2468518,1.2573605,1.23226,1.1283787,1.1059631,1.0433918
380,1.3286512,1.2048312,1.137106,1.16322,1.1710359,1.1620481,1.195503,1.2394333,1.1218401,1.11459,1.0284177,0.971077
381,1.2194581,1.2070376,1.141551,1.2079339,1.2152225,1.155984,1.176494,1.2059883,1.0579125,1.0406456,0.8897767,0.8135893
382,1.2643664,1.296329,1.2279713,1.2975645,1.2812766,1.1796991,1.1775895,1.1378398,0.9737072,0.8942859,0.71089566,0.63824165
383,0.8704253,1.1353017,1.1621251,1.2618434,1.220977,1.1174582,1.0483831,0.9786994,0.82505834,0.74359035,0.5566932,0.51809484
384,1.0840529,1.2775915,1.2420363,1.2463913,1.1626079,1.0341657,0.9348695,0.855966,0.72171426,0.6359769,0.4650194,0.44954363
385,1.0764499,1.2542244,1.1861441,1.1240114,1.0300113,0.90128326,0.7756113,0.7182789,0.6118322,0.5536345,0.41029322,0.402742
386,1.5167753,1.4110923,1.2398846,1.077495,0.9714679,0.8413198,0.7073663,0.65095687,0.5666803,0.53120947,0.43740743,0.41261387
387,1.9155253,1.5069524,1.2089341,1.0652411,0.93839437,0.82665133,0.6695276,0.63266826,0.54736197,0.5131887,0.49772102,0.434435
388,1.4329965,1.2201312,1.0806875,0.93344563,0.80919576,0.7594972,0.57961977,0.53325427,0.47046944,0.40833727,0.4123751,0.3411234
389,1.0195885,0.9541972,0.915374,0.7990028,0.6653167,0.644013,0.49575186,0.4416129,0.40013582,0.32332158,0.31039736,0.2538521
390,1.041808,0.929416,0.8706443,0.72409487,0.585635,0.54404837,0.43411922,0.364949,0.3294957,0.26339135,0.24088457,0.21123108
391,0.9316178,0.8099887,0.7449191,0.5942428,0.47953856,0.42268217,0.3548156,0.29678032,0.26761436,0.22925474,0.20651263,0.1905134
392,0.8461216,0.7139388,0.6417699,0.495967,0.40515733,0.34125,0.30394614,0.26108903,0.23227113,0.22487125,0.19583306,0.19039193
393,0.7643585,0.63140744,0.55529106,0.42306095,0.3529173,0.2885876,0.26953307,0.24434453,0.2112647,0.22889073,0.19382921,0.19517866
394,1.0428448,0.7804449,0.62370414,0.45982188,0.37978303,0.30298722,0.26671118,0.25341117,0.19765812,0.24758482,0.20840046,0.20696619
395,0.9133062,0.6774174,0.51547444,0.37968075,0.32623369,0.25261962,0.23074037,0.24979573,0.19565688,0.24788763,0.21217072,0.20395693
396,1.191856,0.85618424,0.58332974,0.44839215,0.37624925,0.29168823,0.25801158,0.2985673,0.20369068,0.26695952,0.24322617,0.24919641
397,0.53934306,0.428694,0.29765317,0.24648595,0.24137491,0.19087152,0.19737461,0.2600647,0.23039685,0.26510885,0.23118831,0.23387885
398,0.5334028,0.44882196,0.3360439,0.28603718,0.28931305,0.24572742,0.24141839,0.2953968,0.23514107,0.29122245,0.25139144,0.26675668
399,0.48198754,0.4226346,0.3277743,0.29037943,0.29707846,0.25493634,0.24964717,0.3056162,0.24141613,0.2971092,0.26408067,0.28310397
400,0.4092111,0.3812053,0.30467218,0.28470218,0.30004397,0.26488853,0.2573168,0.31219578,0.25130174,0.30972537,0.2906327,0.3169502
401,0.45681018,0.42509604,0.34299815,0.32304263,0.33166596,0.29516733,0.27731517,0.32609257,0.27382314,0.34329095,0.34383276,0.37807342
402,0.18140554,0.22021225,0.19901967,0.23234703,0.27113363,0.26221803,0.27605262,0.3240487,0.310325,0.3741337,0.4193408,0.48743373
403,0.13700014,0.18069589,0.18496777,0.2270306,0.2588369,0.26150104,0.29387555,0.34028333,0.35432863,0.45683223,0.56257606,0.6696904
404,0.15801509,0.18324454,0.20815343,0.23328182,0.24222927,0.25444782,0.30394116,0.36256543,0.42404377,0.5871861,0.7355325,0.85922164
405,0.1348754,0.15331955,0.20779401,0.21392663,0.21480386,0.2397797,0.27960294,0.33088621,0.4117515,0.58384335,0.7304093,0.849687
406,0.12383212,0.13680768,0.18858205,0.20384811,0.18468891,0.20784508,0.22912598,0.22625916,0.25623327,0.32072642,0.365516,0.49711844
407,0.16424724,0.16160473,0.19481477,0.20458768,0.17466521,0.19426349,0.22253747,0.21181855,0.24952382,0.290049,0.31813532,0.43585265
408,0.1783812,0.1677431,0.19830015,0.20822617,0.17972632,0.20942144,0.24234128,0.23849356,0.28517947,0.32527667,0.36517268,0.47031385
409,0.1768978,0.1673704,0.20210871,0.21419464,0.19163042,0.23325111,0.26922458,0.27852768,0.332354,0.38028976,0.43523714,0.5234066
410,0.13497254,0.14382693,0.19439474,0.21478571,0.20512752,0.25785744,0.3001,0.32515252,0.38494182,0.44435304,0.51669997,0.5845618
411,0.18069416,0.19378999,0.25748533,0.2602304,0.25247067,0.31707847,0.34368247,0.4079468,0.4721206,0.55602694,0.64700675,0.68092513
412,0.24900906,0.26071036,0.31206703,0.30376813,0.3035077,0.3691668,0.4040494,0.49747843,0.5679244,0.64586115,0.720062,0.7351997
413,0.33490333,0.34040806,0.37150097,0.3561828,0.37020698,0.43823043,0.4829104,0.59297264,0.65827894,0.716042,0.75626445,0.7599058
414,0.35532373,0.37511575,0.40275037,0.39689052,0.44245058,0.5074689,0.55638075,0.65543103,0.7027934,0.74545217,0.7529241,0.75860703
415,0.3072083,0.3706,0.42002422,0.4385138,0.5283539,0.58360845,0.6295926,0.69603837,0.7169597,0.7538612,0.7395848,0.75672626
416,0.33419502,0.4288208,0.4840877,0.5270879,0.63682705,0.6699306,0.70392585,0.7307071,0.720726,0.75117433,0.7201246,0.74785364
417,0.3587876,0.49611562,0.5426728,0.6220193,0.7381676,0.7374416,0.7571148,0.74452555,0.71701515,0.7465941,0.6998315,0.74313176
418,0.5472565,0.66247046,0.638124,0.72812504,0.79532963,0.7723753,0.78465974,0.7617368,0.73853457,0.75095254,0.70260864,0.7537325
419,0.62574404,0.7313835,0.65184724,0.7443831,0.73756063,0.7357053,0.74452984,0.7291347,0.7480825,0.7345573,0.7339921,0.8101199
420,0.57430315,0.69360346,0.6197542,0.722162,0.70683825,0.7253316,0.7249254,0.681826,0.7471453,0.73105776,0.796453,0.913015
421,0.8660271,0.9076378,0.8161052,0.84533054,0.8630303,0.85340255,0.83564436,0.7284542,0.84293056,0.86539745,0.9574497,1.1037676
422,0.69174993,0.8303936,0.7808949,0.79884213,0.85211945,0.8603913,0.8203093,0.7468599,0.89818215,0.98427224,1.1459441,1.3167675
423,0.6592699,0.7970614,0.7633789,0.71979445,0.82129335,0.8626699,0.8172156,0.83596057,1.0263143,1.1781093,1.3935534,1.5237435
424,0.7339506,0.8449558,0.77431214,0.7118673,0.85149044,0.9180495,0.9036899,0.9990032,1.2349877,1.3942617,1.5896385,1.6241475
425,0.51458997,0.6867206,0.65572315,0.6705518,0.8321512,0.93508446,0.9881323,1.133098,1.3684702,1.4912344,1.6479598,1.614681
426,0.38161427,0.5751139,0.5879762,0.68777347,0.87553024,0.99901265,1.1019686,1.2688513,1.4420079,1.5233377,1.6339484,1.5339444
427,0.71087664,0.7960927,0.76993483,0.9106083,1.0862697,1.2232766,1.3387644,1.48804,1.5912204,1.591969,1.6342037,1.4247314
428,2.0547988,1.4343703,1.0671966,1.1069865,1.2285233,1.4790736,1.5940217,1.7761993,1.7938282,1.7768434,1.7264854,1.4019753
429,1.170866,1.0474246,1.0942876,1.1577888,1.4265026,1.6844332,1.7865219,1.8058293,1.7593079,1.6783706,1.5134718,1.3409437
430,2.0674803,1.5870956,1.4350605,1.4654092,1.7354304,1.8705838,1.9584388,1.8602128,1.7030858,1.4668016,1.2762481,1.0727004
431,2.0850165,1.7214464,1.5809813,1.6534443,1.8986224,1.8990327,1.9357175,1.7211959,1.4830872,1.2175727,0.9987247,0.8532772
432,2.161311,1.8413004,1.7365866,1.7749751,1.9159751,1.8348142,1.8273271,1.572377,1.3193874,1.0616587,0.8670335,0.7486036
433,2.021187,1.8201026,1.8042271,1.8173431,1.8321885,1.7072737,1.6797034,1.412926,1.1825322,0.95549595,0.78916025,0.7388637
434,2.1171267,1.8821778,1.8455184,1.8098681,1.7499402,1.5768826,1.5383024,1.2795098,1.0812248,0.88453233,0.7469491,0.72996736
435,2.2595694,1.9371457,1.7909517,1.7247024,1.6466138,1.4341913,1.3956882,1.1818402,0.99351466,0.83963835,0.7263215,0.706548
436,2.2635746,1.9442086,1.6819155,1.6329361,1.5305996,1.294865,1.2727798,1.136206,0.92167723,0.8157526,0.7098813,0.6869226
437,2.1243145,1.8918356,1.5921054,1.5641428,1.4126409,1.1968095,1.1672138,1.1035143,0.84657395,0.76939857,0.6494232,0.64426696
438,2.3607566,2.1039271,1.5394788,1.5687274,1.3760749,1.107717,1.092836,1.1486561,0.77151406,0.7643447,0.5654529,0.5348473
439,2.1696181,2.0124295,1.5079455,1.508924,1.2504784,1.0518639,0.9944847,1.0760803,0.6755175,0.6719851,0.4718957,0.4642924
440,2.2735355,1.9952985,1.4631648,1.4274629,1.1723763,0.97052145,0.9757873,1.0118742,0.62620246,0.5796999,0.3803283,0.36676323
441,1.9254949,1.629838,1.3324151,1.2130226,0.9770415,0.8390278,0.8379936,0.77495265,0.5839466,0.46523625,0.35261056,0.36446008
442,1.5609396,1.2670575,1.1105988,0.97185504,0.7756139,0.67595357,0.6697122,0.57188404,0.51258105,0.37866008,0.31709832,0.3367617
443,1.1695113,0.9328227,0.84994495,0.74191445,0.58906776,0.5317058,0.5097929,0.43036222,0.43157473,0.33642188,0.30704698,0.32738733
444,1.0698887,0.82095015,0.73354644,0.63172257,0.50908744,0.46032935,0.43749774,0.36979008,0.3838586,0.34210008,0.32307646,0.34511355
445,1.0152885,0.76701427,0.6786171,0.5833577,0.48503292,0.4283137,0.41020298,0.34781235,0.36050805,0.35225445,0.34067065,0.3605197
446,0.97081393,0.7292813,0.6439845,0.5530467,0.48014176,0.40668222,0.40227795,0.34305564,0.34848654,0.3577703,0.349055,0.36959612
447,0.8533718,0.644905,0.5827205,0.5069796,0.46592045,0.38103694,0.39922592,0.3436069,0.3438555,0.357018,0.34995583,0.3790061
448,0.73095006,0.562256,0.52296335,0.46402273,0.45501548,0.3624714,0.40160918,0.35101587,0.3430281,0.35649258,0.35233283,0.39556825
449,0.63730973,0.510026,0.47419274,0.4303343,0.4519933,0.35182762,0.40485203,0.3673097,0.34741062,0.3589585,0.36233774,0.42324862
450,0.49387592,0.41353917,0.39928865,0.37935826,0.42993492,0.33393478,0.40106517,0.3704775,0.34583074,0.3589086,0.372513,0.4534223
451,0.4612307,0.4005917,0.37876007,0.36505657,0.4284351,0.32933283,0.3988853,0.37986585,0.3435799,0.36511457,0.39479002,0.492512
452,0.50509125,0.44641417,0.39456135,0.37631112,0.44147933,0.3320527,0.39494437,0.39422327,0.34819844,0.37745512,0.4246054,0.5326173
453,0.46737784,0.4275043,0.36697355,0.3561955,0.42940602,0.32291496,0.38279092,0.39824724,0.35560834,0.39117855,0.45922464,0.5785947
454,0.46697265,0.4417197,0.36744076,0.35686976,0.42902702,0.32686484,0.37211257,0.4105407,0.3701727,0.41865855,0.5192728,0.63723856
455,0.31342256,0.3347078,0.3003929,0.30458078,0.39002317,0.31144717,0.34734982,0.4004141,0.38800228,0.45888364,0.5980774,0.7131032
456,0.1776157,0.24144346,0.2670473,0.2702116,0.35409147,0.30290717,0.31554726,0.38760716,0.4126161,0.5227966,0.7153224,0.80267537
457,0.12414261,0.20978412,0.29335266,0.27824336,0.34308988,0.31882447,0.3025679,0.39516348,0.46820617,0.61119974,0.83953655,0.8772628
458,0.18356684,0.2659893,0.37623596,0.34133822,0.38275054,0.38767242,0.35197717,0.44477785,0.5543275,0.6793963,0.8978727,0.88866115
459,0.26013172,0.33942938,0.4661898,0.42028862,0.45065737,0.46286607,0.4268471,0.5058276,0.6295775,0.7152654,0.91024923,0.89226186
460,0.29445618,0.38312536,0.5408795,0.49411887,0.51813847,0.51123613,0.49400115,0.5617714,0.68810606,0.7484284,0.9284445,0.93041784
461,0.5754232,0.59875757,0.7069038,0.63637865,0.61535126,0.5914145,0.5993237,0.69424224,0.80948687,0.82972574,0.9873558,0.9901482
462,0.6158432,0.62919664,0.74930906,0.70047575,0.7039546,0.6585818,0.7121332,0.7980637,0.9040488,0.91609097,1.0175833,1.0412028
463,0.637057,0.6541768,0.7695995,0.76317716,0.8043113,0.74543893,0.83373183,0.9133452,0.99011314,0.99769735,1.0468231,1.0657585
464,0.5788648,0.62992156,0.74426293,0.7992292,0.8913752,0.83644575,0.9429148,1.0070403,1.0543704,1.0561545,1.0531263,1.061553
465,0.52394795,0.6173919,0.7187987,0.8375636,0.9567486,0.9195829,1.0299293,1.0754504,1.0986245,1.0843576,1.0446494,1.0405161
466,0.81215733,0.7998626,0.8184506,0.92526597,1.0009847,1.0016859,1.1139284,1.1445875,1.1505182,1.0990412,1.0502241,1.0174466
467,0.60484624,0.6685241,0.72274256,0.8859662,0.9265598,1.0001105,1.0946282,1.0710301,1.090513,1.0071377,0.9826453,0.9914679
468,0.6958398,0.7441196,0.7947663,0.9522649,0.9219806,1.0241438,1.1043458,1.0246711,1.0562769,0.951576,0.9795809,1.0302434
469,2.1879334,1.649592,1.3758891,1.2778374,1.2363656,1.3374658,1.3748939,1.307102,1.3524402,1.2376955,1.2378742,1.1627815
470,1.862221,1.530573,1.3810096,1.2522776,1.2464815,1.3944914,1.3626823,1.3241768,1.314672,1.2535816,1.2952639,1.2455292
471,0.66687876,0.83227926,0.97029656,1.0382338,1.03913,1.2004578,1.1819451,1.2497864,1.1449591,1.1831164,1.2682322,1.2599599
472,1.0816739,1.1299218,1.2224901,1.2135974,1.195117,1.2501491,1.2872281,1.367543,1.2754847,1.3038821,1.3893334,1.3394712
473,0.6502715,0.8879957,1.0740118,1.1136236,1.0760843,1.0821337,1.173528,1.3066769,1.2287138,1.3348707,1.4330457,1.4107114
474,1.5123758,1.4360621,1.4079285,1.3106112,1.2728236,1.2406927,1.3142977,1.4327514,1.4545757,1.5029801,1.6108127,1.5132188
475,0.7251489,0.92823696,1.0437505,1.065287,0.99620324,1.0213354,1.1531038,1.3482571,1.3984011,1.47773,1.5900096,1.4916378
476,0.9572454,1.0042347,1.0362087,1.0649416,1.0216732,1.0957816,1.2390072,1.4261625,1.4976684,1.464101,1.5759224,1.3857403
477,0.96825296,0.9843931,1.044861,1.1044937,1.0765457,1.2125548,1.3590684,1.4658322,1.5615798,1.4249145,1.5121506,1.2914647
478,1.5815003,1.2450073,1.2209611,1.2443815,1.2275394,1.3928411,1.5289584,1.5624301,1.6082408,1.4105148,1.5021414,1.2385095
479,2.4907093,1.6906438,1.4638433,1.4875203,1.3865108,1.4046077,1.4757314,1.429147,1.407156,1.3869439,1.3750135,1.1365916
480,2.2853491,1.7475673,1.5125339,1.4785856,1.4726621,1.3779742,1.4127034,1.3229685,1.1873506,1.2035476,1.1037998,0.97523534
481,2.4825397,1.8993618,1.5893495,1.4772612,1.4777753,1.2728909,1.3472227,1.2638328,1.0652452,1.1231382,0.9390236,0.7743507
482,1.9877273,1.7608633,1.5379853,1.4237365,1.4005902,1.2256706,1.2855641,1.2091548,1.003527,0.9930365,0.8183477,0.745162
483,1.9460331,1.708954,1.5196273,1.4551595,1.3876529,1.2028241,1.3411332,1.2465721,1.0413202,0.94647825,0.77098477,0.744434
484,1.7864567,1.6016115,1.4823937,1.4589164,1.3650928,1.185832,1.3290546,1.2074662,1.0211564,0.89297044,0.7255886,0.7592667
485,1.6590586,1.5286115,1.4534411,1.4568592,1.3385456,1.1761096,1.2700866,1.1339619,0.97163105,0.82451475,0.6695131,0.72920763
486,1.5530918,1.4780642,1.4123926,1.4379293,1.2914819,1.1558322,1.1714555,1.0466468,0.88999164,0.744088,0.60081327,0.65535223
487,1.3395423,1.3865492,1.339689,1.40713,1.2226034,1.1310812,1.0318757,0.9449161,0.7735485,0.6484038,0.5054666,0.53585696
488,1.529467,1.5053378,1.3898475,1.4114238,1.2048657,1.1065329,0.9252725,0.8580177,0.6526708,0.5550083,0.41650814,0.42579174
489,2.1994245,1.8948159,1.4775231,1.4666554,1.2583296,1.0683005,0.88214844,0.8454188,0.52665424,0.4811877,0.39072445,0.34808052
490,2.1850436,1.7880356,1.3025181,1.2869799,1.0918859,0.9038414,0.8286159,0.7810275,0.4845831,0.39455014,0.34808385,0.2961017
491,1.6700053,1.3229712,1.0697998,0.9829682,0.81070566,0.69902205,0.65514654,0.5570879,0.45977128,0.3546254,0.33496827,0.3123089
492,0.9605661,0.7778453,0.72495204,0.6809402,0.56088424,0.52101755,0.49093932,0.40297565,0.39388892,0.33511555,0.31400716,0.30416128
493,0.73927176,0.5880563,0.5780976,0.54920274,0.46093577,0.43605375,0.4257855,0.3503932,0.34476775,0.33774757,0.32442266,0.34187093
494,0.44112587,0.35787743,0.40226352,0.4145624,0.36516607,0.3460045,0.37074208,0.31339914,0.31528202,0.33636442,0.34716147,0.3978484
495,0.32881224,0.27499497,0.3287264,0.3537168,0.32206124,0.29182628,0.34476376,0.30483302,0.3081528,0.348782,0.38699508,0.46917206
496,0.23819979,0.2123551,0.26459318,0.29791296,0.2792377,0.2389286,0.32091212,0.3007053,0.3214766,0.37449262,0.44195622,0.5555035
497,0.22123551,0.2065885,0.23574784,0.26250938,0.24496156,0.1965593,0.30289042,0.30910173,0.3565603,0.4270699,0.5251527,0.6592671
498,0.25332996,0.23486876,0.23548934,0.24627589,0.22066616,0.17355584,0.29687506,0.3386345,0.4206968,0.51079714,0.637055,0.7630856
499,0.27451226,0.25040215,0.23613921,0.23952691,0.20418984,0.17730647,0.31720692,0.39869437,0.5166682,0.61541057,0.75709295,0.840683
500,0.25151598,0.23239699,0.21735302,0.23590755,0.19981189,0.2107087,0.37677705,0.4877127,0.6371865,0.7204274,0.854416,0.88345873
501,0.23218232,0.22200811,0.1988698,0.24400389,0.22276533,0.27643937,0.47586578,0.60233027,0.76861155,0.80705154,0.9125266,0.89954704
502,0.25898245,0.25305548,0.21072039,0.2760094,0.28256124,0.37940845,0.6044364,0.7283975,0.8923869,0.8613024,0.9242089,0.89187825
503,0.33403844,0.3224028,0.27170807,0.3426843,0.3844261,0.5204899,0.7463822,0.838284,0.9773798,0.8694314,0.8958466,0.87060064
504,0.33626914,0.3288712,0.33858758,0.41505882,0.5131784,0.6769504,0.87539536,0.8869129,0.9886923,0.8299842,0.85285187,0.86970466
505,0.32391292,0.32873073,0.44364986,0.53130305,0.66607577,0.8341165,0.9815318,0.8950203,0.94028807,0.7544586,0.8162762,0.87479526
506,0.30609125,0.35854316,0.5930384,0.69657063,0.81137884,0.93952125,1.0341954,0.87458426,0.8544078,0.69006205,0.80642414,0.8951652
507,1.4602298,1.1785594,0.93832046,0.9131584,0.8005233,0.85613716,1.0039427,0.9673987,0.8641206,0.66226876,0.856097,0.9878113
508,0.6392435,0.59443355,0.6017717,0.683599,0.71066636,0.8060909,0.9018801,0.71997094,0.68788785,0.61201227,0.71323943,0.8963825
509,0.4226765,0.46254528,0.53322697,0.69436556,0.63414985,0.78091097,0.8166684,0.701872,0.6388266,0.6036386,0.7300142,0.83373034
510,0.47882116,0.5193531,0.5919528,0.74771464,0.61358577,0.7551724,0.7649117,0.6947168,0.6349019,0.62049294,0.7646166,0.85249627
511,0.443695,0.51357913,0.6185392,0.7751117,0.59050167,0.7070795,0.71349716,0.64342225,0.63685036,0.64975476,0.82298505,0.9624431
512,0.47050226,0.5534153,0.6701676,0.8012619,0.5957694,0.6481017,0.6879689,0.5992573,0.66381633,0.72227,0.92570853,1.1403289
513,0.38462335,0.50671065,0.63007337,0.7001661,0.53009945,0.538824,0.6133678,0.54403543,0.67628795,0.81136143,1.0584544,1.3294681
514,0.2621572,0.42562026,0.5423086,0.52456343,0.43601048,0.42574543,0.5215652,0.51249236,0.6863184,0.90469027,1.1873698,1.4603639
515,0.24064456,0.44791526,0.50660694,0.44935754,0.45017046,0.39954087,0.5249633,0.562845,0.7366127,0.9753722,1.2593794,1.4937674
516,0.2639522,0.49518943,0.46322474,0.44530538,0.52015847,0.44321972,0.6336334,0.6908657,0.8387455,1.0246565,1.2804688,1.4517202
517,0.27654552,0.46284568,0.38266802,0.44766998,0.60895956,0.569484,0.8396722,0.9028054,1.03491,1.1385767,1.3318578,1.3868079
518,0.26525205,0.378089,0.32220402,0.42145133,0.6220794,0.6438411,0.9399634,0.99577105,1.1262972,1.1798354,1.3525769,1.3459826
519,0.2828619,0.3482448,0.31161368,0.42433205,0.65735924,0.740964,1.0368165,1.0507686,1.173033,1.16918,1.3521197,1.3231866
520,0.29769146,0.3466944,0.339733,0.4614267,0.718848,0.8481486,1.107428,1.0884513,1.2112694,1.1734335,1.3552246,1.2946056
521,0.33938465,0.40005213,0.42711306,0.5929926,0.85396224,0.98454946,1.2051064,1.1510668,1.2810051,1.1930221,1.3654894,1.2525411
522,0.7319972,0.71566164,0.71913534,0.8950387,1.0824753,1.1975163,1.3525242,1.3048418,1.4337112,1.2775964,1.3850262,1.1941061
523,0.5180803,0.68500346,0.847018,1.1127646,1.2742045,1.3541152,1.4654642,1.4102545,1.4591472,1.2959372,1.3872577,1.2145442
524,0.49757475,0.7977661,1.0196743,1.3259498,1.439104,1.4673531,1.5061669,1.4721704,1.4168415,1.2621624,1.3350815,1.1600513
525,1.3506285,1.3402187,1.4001172,1.5254279,1.5294608,1.486551,1.4999026,1.4825084,1.3284276,1.1493542,1.2029842,1.0662962
526,1.6214557,1.517303,1.4848857,1.5213481,1.4735107,1.3460938,1.3233905,1.3225322,1.0965165,1.0172681,1.0055257,0.93548924
527,1.4208679,1.4702262,1.4118168,1.4925244,1.4040687,1.202383,1.1517733,1.1545329,0.94185936,0.9258276,0.83375573,0.77613634
528,0.9654304,1.260827,1.2568464,1.3935359,1.2820609,1.06852,1.0050371,0.9936442,0.82340837,0.80919635,0.6772465,0.65473604
529,1.4486219,1.5060425,1.3712783,1.3728122,1.2221357,1.021697,0.96473247,0.928474,0.7809521,0.7334994,0.6110798,0.60305893
530,1.4895872,1.4691488,1.3323486,1.253116,1.1284428,0.96524966,0.87737435,0.8276499,0.68898904,0.6713397,0.5633066,0.54978323
531,1.41562,1.3725959,1.2700982,1.1483138,1.0368116,0.90995,0.8051742,0.74052423,0.6340228,0.5969194,0.5052514,0.4792287
532,1.2264174,1.2207989,1.1704895,1.030963,0.91132224,0.8128365,0.69484967,0.6217209,0.5541583,0.49170548,0.42224187,0.37978616
533,1.2179638,1.1650916,1.1152031,0.9396603,0.79779595,0.70858735,0.5770994,0.49417463,0.45220864,0.3882204,0.3446555,0.2929574
534,1.1782519,1.0778422,1.0136905,0.8131365,0.66602105,0.58325964,0.4526384,0.37277466,0.34317172,0.30290398,0.28415862,0.23151155
535,1.1422555,0.98644775,0.89507324,0.68209934,0.5461583,0.47122878,0.35816503,0.28966197,0.2645383,0.25572574,0.25206643,0.20970929
536,1.0726367,0.8798492,0.76264024,0.5529919,0.43721843,0.3729097,0.28359017,0.23542954,0.21106522,0.23334324,0.23649205,0.20727617
537,1.5864109,1.1228948,0.80655664,0.5951618,0.4528715,0.37899703,0.28855523,0.26859117,0.20093378,0.2445044,0.25756773,0.2502026
538,1.6694548,1.0982218,0.7029251,0.51775706,0.41644692,0.3185616,0.33443445,0.33043954,0.26973754,0.2549674,0.2351147,0.22141775
539,0.90602237,0.6253978,0.4340895,0.3169102,0.27810144,0.22019853,0.2746002,0.27576134,0.32725206,0.29402786,0.25966877,0.2783142
540,0.76303,0.56927395,0.41703656,0.3278745,0.30303738,0.25267735,0.30808276,0.3285066,0.3309015,0.3050409,0.24617988,0.28145567
541,0.90569985,0.68791115,0.49898326,0.39982355,0.36088607,0.28843138,0.33347547,0.36645103,0.32903346,0.30587062,0.24153467,0.286362
542,0.93929344,0.7265845,0.5190166,0.42471036,0.37719268,0.2944101,0.33090413,0.3729869,0.3224999,0.30265117,0.24902913,0.29269314
543,0.2134631,0.2444116,0.19167453,0.20972101,0.23456873,0.22257403,0.27384996,0.32884726,0.32137942,0.29817927,0.26936924,0.31764552
544,0.06684357,0.15632147,0.13716818,0.18587592,0.23127584,0.24528293,0.28727236,0.34177852,0.30093908,0.3223313,0.33499235,0.40858316
545,0.018404558,0.12613553,0.11850829,0.17692001,0.21563202,0.23371877,0.27656806,0.3365666,0.30476525,0.36395556,0.42216545,0.5193247
546,0.029086143,0.13550189,0.12541051,0.17084461,0.18451872,0.20586994,0.25428748,0.32661533,0.33937022,0.45236617,0.56112105,0.6809873
547,0.12187674,0.19650285,0.18106258,0.18469615,0.15560591,0.18395773,0.23480818,0.33553073,0.43017927,0.61845326,0.77136695,0.8838594
548,0.19203971,0.21724601,0.21209538,0.19426489,0.13561818,0.18696427,0.2651475,0.40997943,0.6093433,0.8462775,1.0057479,1.0640306
549,0.16534981,0.15517363,0.15189897,0.18590388,0.15604416,0.24429905,0.40088332,0.5626593,0.8202189,0.97365785,1.0973359,1.082947
550,0.16302423,0.17172296,0.19802338,0.26141307,0.23210537,0.3570786,0.51917547,0.58709,0.781376,0.81028473,0.9241235,0.89109266
551,1.1250548,0.819928,0.5682441,0.49850002,0.30707788,0.40845567,0.47242028,0.5868319,0.63858545,0.6181656,0.63312495,0.48298648
552,0.41027808,0.34808436,0.27334875,0.29965955,0.33448783,0.3052253,0.39214814,0.4051754,0.47889772,0.53200173,0.4525004,0.44797564
553,0.14920908,0.19470166,0.19277123,0.26845318,0.32467026,0.31316698,0.39306083,0.39652112,0.43152264,0.47079825,0.41403913,0.42547292
554,0.061366983,0.15756434,0.18327619,0.27337307,0.32835066,0.32309192,0.39504147,0.40188462,0.40552992,0.44074875,0.4068035,0.429842
555,1.230207,0.8506366,0.5573361,0.53885686,0.4039049,0.40810817,0.47684819,0.53049755,0.43832982,0.3898988,0.34950295,0.32312965
556,0.28657764,0.2780924,0.18616392,0.2386401,0.29418534,0.2822275,0.33530876,0.3598792,0.3673821,0.36254793,0.309044,0.34991986
557,0.1761842,0.22751425,0.19194505,0.28326154,0.30371454,0.31267908,0.34973076,0.36853534,0.35889614,0.34139654,0.33244646,0.38048783
558,0.16768378,0.23623385,0.21200457,0.3076067,0.30375117,0.30625242,0.34269387,0.3677984,0.35677224,0.34328422,0.37373754,0.4481205
559,0.36919415,0.37162995,0.33391196,0.40567768,0.35372353,0.34819198,0.38198316,0.3936826,0.4016189,0.390571,0.4545248,0.5467415
560,0.32433397,0.330265,0.325466,0.40727845,0.35216525,0.34144014,0.38494048,0.39487377,0.4446484,0.4412107,0.5515802,0.66005754
561,0.55506027,0.4680202,0.46795923,0.5273506,0.44068074,0.42720243,0.46907955,0.45541203,0.5428039,0.5534848,0.7024735,0.813813
562,0.50714505,0.42483658,0.46674606,0.53306246,0.46508914,0.44456846,0.5183533,0.49923232,0.6554901,0.68170375,0.86398077,0.98280287
563,0.50252116,0.4216507,0.4867307,0.5313449,0.50256866,0.48683858,0.61306775,0.594036,0.822325,0.90047944,1.0749513,1.2053711
564,0.47154462,0.42338938,0.48850277,0.50194764,0.52774686,0.5457975,0.73136055,0.7460014,1.034446,1.1797898,1.2974819,1.4052641
565,0.43410945,0.42784786,0.48476464,0.5081014,0.5793229,0.64092785,0.8647952,0.93103,1.2286915,1.4045936,1.4485629,1.4883084
566,0.4243285,0.45821398,0.506358,0.5804552,0.68232685,0.7766978,1.0132725,1.1062155,1.3637211,1.5193392,1.4866408,1.4535549
567,0.34585962,0.4422741,0.5221051,0.65952516,0.7837814,0.9032354,1.1359235,1.2355975,1.4246682,1.5565395,1.4658912,1.3859134
568,0.30034184,0.45137858,0.5677521,0.7519613,0.8960398,1.0409338,1.2392954,1.3294499,1.4395115,1.5442076,1.4255768,1.3150727
569,0.34778836,0.5290302,0.6616823,0.86839753,1.017622,1.1904045,1.3233068,1.3884189,1.4172527,1.4790701,1.3687358,1.2493114
570,0.40683073,0.6232312,0.7742892,0.9956688,1.1409506,1.3223033,1.3739514,1.3951976,1.349327,1.3609141,1.3065206,1.1977413
571,0.49412817,0.75097,0.9255756,1.1608363,1.2560071,1.3757558,1.3503215,1.3243282,1.2403109,1.2015877,1.2124146,1.1243697
572,2.287749,1.6298501,1.3105099,1.3036721,1.2340305,1.3089224,1.3521948,1.4476368,1.2661444,1.2298175,1.2114687,1.0229514
573,1.7239718,1.387574,1.2044578,1.2029134,1.2396607,1.244513,1.2699136,1.3761194,1.1668628,1.2492157,1.1466609,1.0576627
574,1.8451872,1.5092707,1.316447,1.3768663,1.3994513,1.3965513,1.4453152,1.4815321,1.2861466,1.2117581,1.059753,0.9318367
575,1.1234938,1.2475157,1.2668765,1.4713575,1.5108591,1.4784021,1.4958227,1.4051344,1.1885284,1.0155427,0.7909386,0.7498099
576,1.8090769,1.6737926,1.6449225,1.70284,1.6311792,1.545064,1.522211,1.3139343,1.1036859,0.8206719,0.62339437,0.5923614
577,2.1345592,1.8488731,1.8026857,1.7475382,1.5971462,1.4861857,1.3742365,1.1464865,0.9621849,0.71056676,0.5828558,0.52716255
578,2.1167636,1.8370008,1.7936053,1.6713474,1.462694,1.3464787,1.1892997,0.9854239,0.8388324,0.6237719,0.5581641,0.5004487
579,1.8587319,1.678688,1.6628754,1.5092623,1.2556652,1.1535779,0.9838757,0.8044022,0.7017338,0.49328414,0.4773021,0.43604302
580,1.886522,1.6530269,1.5806773,1.3753338,1.1017001,1.0008298,0.8102036,0.64806646,0.5749984,0.38615537,0.405339,0.3693601
581,1.7714204,1.5354584,1.4206102,1.1932626,0.9319123,0.83892,0.6440659,0.5097916,0.4477496,0.29476324,0.33754277,0.30614224
582,1.6634005,1.4026245,1.2416732,1.0015475,0.77983475,0.68718785,0.5185861,0.4088422,0.3556134,0.23807532,0.28557807,0.26845127
583,1.5999967,1.2828238,1.0740852,0.827738,0.65842694,0.5575683,0.43292028,0.347219,0.30369645,0.22108263,0.26347625,0.26127595
584,1.4981627,1.1467491,0.91704786,0.67871225,0.56048864,0.4476366,0.3775268,0.31503445,0.28534976,0.23013408,0.2590466,0.27026454
585,1.3433393,0.9933695,0.77559143,0.5552066,0.47911763,0.35562825,0.34063852,0.2957699,0.2844625,0.252426,0.2566182,0.28134403
586,1.2239219,0.8818586,0.68025416,0.47734293,0.42680678,0.29545107,0.32389048,0.29110104,0.29126355,0.2771992,0.2524618,0.28948689
587,1.0670782,0.7756556,0.6057608,0.42472628,0.38784721,0.26209354,0.31064364,0.2895398,0.29891145,0.2945413,0.25042385,0.29469672
588,0.8771634,0.66340196,0.53323114,0.3825633,0.35721338,0.25193667,0.30041742,0.2910636,0.30151564,0.30659118,0.25158745,0.29752332
589,0.5210827,0.44225347,0.38290516,0.2977901,0.30341172,0.24525857,0.28761607,0.2922332,0.30174714,0.31207064,0.26234126,0.31130275
590,0.25207365,0.28358057,0.25740233,0.23737699,0.27910167,0.26736417,0.29395717,0.30916113,0.30184516,0.32194018,0.3109096,0.37669656
591,0.017478183,0.12672773,0.13009788,0.16487806,0.23049623,0.24450569,0.2811175,0.3106743,0.29979864,0.34543288,0.3926006,0.49203557
592,0.029564977,0.15515241,0.13157143,0.17016202,0.21202442,0.21760507,0.26094452,0.31995374,0.32052144,0.4238969,0.5391477,0.6716498
593,0.13368066,0.24954928,0.18336996,0.1961328,0.1781505,0.17007932,0.23699234,0.35609007,0.4232122,0.61890686,0.78823745,0.9325117
594,0.1501901,0.22054508,0.15648454,0.17178498,0.16199327,0.16369563,0.2982278,0.4713623,0.65705,0.86375535,1.0167043,1.0916238
595,0.13384818,0.16309087,0.13594466,0.19955662,0.18946461,0.282161,0.43866146,0.56825316,0.79451597,0.8693708,1.0448194,1.0298946
596,0.18215653,0.20181605,0.17955069,0.27668583,0.22069253,0.3897575,0.5579597,0.6562154,0.87158346,0.8738141,1.048524,0.9632361
597,0.23871677,0.26109162,0.25616637,0.36570096,0.30014282,0.49309355,0.67153984,0.72692025,0.8948978,0.87301004,1.0070891,0.89955086
598,0.24355386,0.28099367,0.315889,0.42880884,0.40809542,0.5927944,0.76823926,0.7768155,0.8821236,0.86343753,0.9493246,0.85599893
599,0.24218169,0.31106955,0.33424112,0.5009999,0.5887726,0.7919957,1.0227355,0.9677219,1.0243548,0.9138894,0.9095495,0.8499493
600,0.295456,0.383452,0.46378505,0.60258996,0.7196904,0.8816548,1.0417185,0.91258055,0.9001063,0.8359711,0.8226769,0.7734823
601,0.56127274,0.5853602,0.6430831,0.70509833,0.79846835,0.8734949,0.97957736,0.82797444,0.77418053,0.7538831,0.73369277,0.7072773
602,0.34133875,0.49701655,0.6321109,0.7293269,0.8428385,0.814357,0.8962772,0.7013736,0.6525928,0.7029034,0.6613076,0.7039167
603,1.3891846,1.1055182,0.80678236,0.79176366,0.6931006,0.7009967,0.81120527,0.7442688,0.657768,0.5908601,0.6497555,0.739956
604,0.6564739,0.60175663,0.47387117,0.50963247,0.57680035,0.5832571,0.65204674,0.5492785,0.49927783,0.51786244,0.51502687,0.63844436
605,0.6380606,0.59518516,0.49709347,0.55550927,0.55992895,0.56800663,0.6227064,0.5756912,0.511232,0.4983188,0.51703155,0.5892988
606,0.4541446,0.50843215,0.43009722,0.51716065,0.51464325,0.51559925,0.546635,0.5400181,0.50154257,0.4639127,0.5401363,0.6152217
607,0.45544636,0.522683,0.4368167,0.529176,0.51751477,0.48299247,0.5252079,0.5169941,0.5304413,0.48091075,0.6046823,0.70981854
608,0.98872983,0.87929165,0.73490417,0.7315279,0.7383199,0.6299681,0.7003663,0.6177186,0.69573,0.6708076,0.7757865,0.9098932
609,1.0858395,0.95258117,0.8203319,0.79210055,0.8048059,0.6768151,0.7626687,0.67337406,0.8100108,0.83404064,0.9534918,1.0963651
610,0.78905034,0.7945862,0.71329284,0.7326536,0.7352763,0.62487596,0.7543294,0.72210103,0.90346146,0.9359329,1.0986258,1.2601254
611,0.46286225,0.56121445,0.55762565,0.5892796,0.58822864,0.5299721,0.7166861,0.7694262,0.98930275,1.0576788,1.2568349,1.4252961
612,0.34733146,0.4462359,0.49029303,0.44961205,0.48607594,0.5034786,0.7158783,0.8591722,1.1213099,1.2699741,1.4721022,1.5662191
613,0.34817338,0.4326036,0.46214885,0.42221296,0.4994216,0.5787061,0.8223185,1.0231551,1.2975727,1.4458835,1.6097405,1.5659235
614,0.29858616,0.38112488,0.40973157,0.47987086,0.58027786,0.7010604,1.0001634,1.1999054,1.4232392,1.4908692,1.6047341,1.42752
615,0.2669829,0.34144855,0.4111117,0.5807326,0.70276356,0.8588804,1.1692525,1.3175063,1.4493464,1.4447912,1.5324821,1.2772737
616,0.2531973,0.33156103,0.45433185,0.66750413,0.8249753,1.0188797,1.2789695,1.3489823,1.4024218,1.3681315,1.461958,1.1917524
617,0.3151325,0.3807199,0.5134572,0.7242596,0.92053396,1.1499699,1.3296949,1.3320434,1.3415121,1.2882943,1.4082718,1.1512156
618,0.4302501,0.46735692,0.59415376,0.79594076,1.0049487,1.2320138,1.3455316,1.3044102,1.2922037,1.2127162,1.3540875,1.1226916
619,0.8969704,0.79910153,0.870615,1.0245456,1.1697326,1.3441004,1.4155076,1.3599586,1.329081,1.1958493,1.3075982,1.1007607
620,2.3654282,1.4900185,1.1685767,1.16364,1.1239967,1.2348924,1.3249956,1.4213462,1.2975659,1.3351203,1.3262851,1.0112011
621,2.0236452,1.4085703,1.2192452,1.1991807,1.2926645,1.315764,1.3666261,1.4261281,1.28388,1.3619202,1.205277,0.98319066
622,1.5564351,1.3756661,1.2991924,1.4034017,1.5692036,1.520176,1.5713693,1.5089378,1.3300961,1.2268107,0.9608743,0.86973417
623,1.2750164,1.3394572,1.3826632,1.5908056,1.6533599,1.5861053,1.6054507,1.4557464,1.2125933,0.9854386,0.710009,0.6693629
624,1.628135,1.6033454,1.6406374,1.7439377,1.6815548,1.5630354,1.5279617,1.2936172,1.060406,0.7915678,0.56791306,0.56335795
625,2.2073278,1.9091344,1.8658097,1.8095866,1.6478423,1.4895053,1.3794363,1.1306615,0.9425355,0.69916177,0.562672,0.5265806
626,1.1289366,1.3520133,1.4859123,1.5354341,1.3172115,1.1894528,1.03646,0.8532423,0.7201991,0.5364405,0.4462834,0.42277753
627,1.2913823,1.4212623,1.4580736,1.392548,1.1516263,0.99337405,0.82581747,0.6354993,0.57854664,0.37865895,0.32613114,0.31669253
628,1.5228134,1.4807081,1.4175804,1.23528,0.98310417,0.811042,0.64097506,0.4682414,0.4457466,0.28811204,0.28293702,0.26337624
629,1.3312697,1.2694625,1.1862798,0.97789055,0.7501023,0.5995558,0.45390838,0.32864743,0.31597877,0.2315742,0.24794056,0.2121205
630,1.1642221,1.066551,0.96769845,0.7484106,0.56454253,0.43751976,0.33376837,0.23857501,0.2361271,0.21257712,0.22392759,0.2022638
631,1.0718756,0.9157519,0.8038825,0.5797656,0.43803453,0.3293956,0.26230034,0.1867964,0.19358791,0.21710542,0.21646756,0.21207699
632,1.382969,1.0200799,0.79935515,0.5561161,0.41679466,0.32590973,0.24686754,0.19364354,0.17764214,0.23538938,0.24372233,0.24526542
633,1.6515508,1.109005,0.73898757,0.5296892,0.41296944,0.31552136,0.2899434,0.272442,0.22900417,0.24863438,0.24345164,0.2325521
634,1.8125688,1.1452446,0.7025538,0.5222113,0.45102477,0.31352913,0.44252264,0.41609192,0.34498996,0.29716066,0.19344646,0.15449195
635,1.2858642,0.82160616,0.5601245,0.4007031,0.35428438,0.24362984,0.4126467,0.36184445,0.422769,0.35182709,0.25347167,0.2701805
636,0.9976066,0.6810087,0.49724722,0.37526673,0.34883893,0.2541118,0.41179636,0.38376006,0.4294952,0.34722787,0.2383267,0.27375546
637,0.9464864,0.6844982,0.51353574,0.39704376,0.37386584,0.28122115,0.40869814,0.40211537,0.41616887,0.33261314,0.22669145,0.27921632
638,0.31356627,0.29351687,0.2459791,0.23383728,0.2590176,0.23474364,0.331868,0.36001787,0.388474,0.3129384,0.2522738,0.31757262
639,0.9699448,0.79211265,0.5799356,0.486359,0.45206463,0.362207,0.39753145,0.43216842,0.37575057,0.35428035,0.2909568,0.35990125
640,0.12518704,0.20453627,0.15643197,0.20227207,0.24405278,0.23846745,0.3072352,0.35872278,0.38059238,0.34129333,0.33342412,0.41204524
641,0.025813855,0.16098146,0.110802144,0.18131033,0.23013589,0.24817352,0.31047,0.37500662,0.36281794,0.38946182,0.44737566,0.56193364
642,0.090007,0.2199787,0.14643292,0.20006996,0.2184485,0.22574264,0.29030222,0.38255787,0.39639026,0.49248272,0.6030197,0.7367168
643,0.1304554,0.24298489,0.16224991,0.18976547,0.17224008,0.18109474,0.26887137,0.40024123,0.48740652,0.6651238,0.810513,0.94352686
644,0.15218434,0.2185216,0.15186471,0.17204297,0.14567785,0.17181477,0.30184793,0.47818756,0.6617141,0.8850341,1.0315251,1.1118969
645,0.15101162,0.15775394,0.09924351,0.17235829,0.18828145,0.27039903,0.45739856,0.6423536,0.8742299,0.9865985,1.1182152,1.1032634
646,0.18287788,0.18086214,0.12570123,0.26093715,0.26199114,0.44041854,0.6504278,0.78880847,0.99949205,0.9801507,1.1115456,1.025008
647,0.19622342,0.2198666,0.19249535,0.36589307,0.3549286,0.58888406,0.80326116,0.871265,1.041371,0.98795307,1.0924566,0.9798263
648,0.23893322,0.2815247,0.2848478,0.4469893,0.46117008,0.68719983,0.89120907,0.89501643,1.0074121,0.9531307,1.0074822,0.90710145
649,0.27690667,0.33877128,0.37233704,0.5212883,0.5907188,0.79327935,0.97078943,0.9084536,0.95607615,0.9016392,0.9084654,0.83252174
650,1.0048916,0.81860274,0.62776047,0.64593744,0.6551773,0.7986928,0.92233694,0.87176985,0.8322239,0.76003563,0.72890353,0.6347763
651,1.5101911,1.1245413,0.64766526,0.6789994,0.5277602,0.662754,0.8004964,0.7504645,0.65341747,0.54223,0.51113486,0.5068006
652,1.2859535,0.92437255,0.59022546,0.5448458,0.4638999,0.5683084,0.6975361,0.59351885,0.56805444,0.4949815,0.45114458,0.58006567
653,0.5750481,0.46640754,0.37516224,0.3971111,0.37787348,0.5299851,0.5401892,0.48300606,0.47467512,0.41062832,0.4200626,0.52688456
654,0.5250159,0.46460927,0.4023985,0.4465666,0.4078103,0.55416286,0.53739065,0.5276992,0.47423273,0.36781755,0.4220325,0.48375148
655,0.2576388,0.325513,0.3257739,0.39353526,0.3787663,0.48665315,0.4499526,0.47027233,0.41994107,0.3317823,0.43511963,0.49333698
656,0.1887213,0.27814457,0.2945567,0.37357724,0.35836738,0.39215022,0.38403267,0.41160387,0.3859954,0.33593708,0.46769667,0.5631512
657,0.154405,0.24621734,0.26436108,0.34297928,0.32077688,0.2761051,0.3170531,0.34703124,0.35606062,0.3735607,0.5214913,0.67797434
658,0.2847107,0.31999242,0.33296996,0.37513846,0.3310026,0.2250198,0.32754633,0.3517854,0.40195286,0.50860435,0.6634121,0.87658113
659,0.24266784,0.26075122,0.32875463,0.30131763,0.24173045,0.13956305,0.307702,0.3628502,0.48407778,0.7211503,0.8918526,1.1183019
660,0.2275827,0.23934847,0.33159867,0.21828648,0.18174317,0.13845506,0.34249842,0.460306,0.6424738,0.98781633,1.1533886,1.3163929
661,0.24902569,0.2654878,0.3074796,0.2015169,0.22472173,0.24550758,0.48963982,0.6461298,0.8384075,1.1469605,1.2936276,1.357413
662,0.2933233,0.28015098,0.26223993,0.21385127,0.31401703,0.4141213,0.6855613,0.83580583,0.9846885,1.1604173,1.307837,1.2874631
663,0.26957333,0.23692784,0.23441413,0.23614535,0.395745,0.55443513,0.82245713,0.92757875,1.0171211,1.0951123,1.2567476,1.2067403
664,0.22221449,0.20058234,0.24349517,0.3079998,0.49960434,0.6437677,0.8963879,0.9452372,1.0032823,1.0191395,1.1946374,1.132899
665,0.16260941,0.198905,0.29350337,0.44328377,0.6304283,0.7059734,0.945094,0.9499932,1.0262214,0.98347425,1.1647717,1.0801812
666,0.20460373,0.30273497,0.4222548,0.63351583,0.7845148,0.80532193,1.0135194,1.005286,1.1193215,1.0167009,1.1869766,1.067368
667,1.3567326,0.98273736,0.88708943,0.91213626,0.9134209,0.9743236,1.1463572,1.1735873,1.2656738,1.1128353,1.2125491,1.0345308
668,0.7050443,0.71788895,0.8428939,0.93723154,1.0261166,1.0430788,1.1464378,1.157027,1.1806889,1.1618948,1.1761158,1.1483836
669,1.0745558,0.97031605,0.9758999,1.0331137,1.0600954,1.1219505,1.1947905,1.2500272,1.1979192,1.1491704,1.1280175,1.0796399
670,1.5061529,1.2045584,1.1097205,1.1780875,1.1250368,1.1918461,1.2447252,1.2774868,1.1381187,1.0586711,0.97580874,0.8908162
671,0.43827856,0.7693962,0.9254424,1.1843671,1.2369293,1.2109581,1.1910748,1.1432567,0.95744276,0.9192693,0.7324182,0.7416438
672,0.3621502,0.8020057,0.9693489,1.2514386,1.2215407,1.1729139,1.0947285,1.0235429,0.8354801,0.7498857,0.59200984,0.5914198
673,0.376406,0.8265851,0.96908945,1.1640744,1.1175158,1.0600411,0.92943305,0.86712736,0.6908457,0.6355781,0.5213324,0.52590895
674,0.37709016,0.8199115,0.9533568,1.0677198,0.97452134,0.8968666,0.72824925,0.6899621,0.5676434,0.5530754,0.476357,0.49461797
675,0.38101977,0.75909436,0.8903285,0.93391705,0.8211046,0.7520064,0.5905769,0.5761074,0.5148598,0.5161401,0.46626192,0.48855346
676,0.4396171,0.71761465,0.8458036,0.8346093,0.710328,0.6539322,0.52047276,0.5056994,0.49406424,0.4906113,0.46288633,0.48265213
677,1.1395333,1.0984797,1.0374215,0.92427206,0.74744034,0.6704328,0.5936712,0.5542879,0.5748944,0.51711273,0.5041914,0.5443112
678,1.8427495,1.3434798,0.99929756,0.90919197,0.7048016,0.6333105,0.6026815,0.6540244,0.5813222,0.55887234,0.5826764,0.5028525
679,1.5837117,1.1540906,0.90942603,0.80891234,0.6778671,0.63249826,0.6130572,0.6165328,0.5701401,0.55711204,0.58488274,0.48785126
680,1.2963873,1.0000396,0.867692,0.7795529,0.66247755,0.66003555,0.6465346,0.5896543,0.5882659,0.5148958,0.5169374,0.4423828
681,1.0485467,0.86037445,0.78418875,0.70935875,0.5950734,0.61156696,0.58756006,0.52208567,0.5183809,0.41245943,0.399028,0.3564802
682,0.9247189,0.77295196,0.6836931,0.5979103,0.5015982,0.5023082,0.47569698,0.42012292,0.39932188,0.29506096,0.2725418,0.26347628
683,0.78156716,0.66790605,0.56779337,0.49160597,0.42175657,0.41159797,0.39589173,0.36786634,0.33776188,0.25898057,0.23486152,0.24550818
684,0.21457136,0.29576066,0.26234007,0.28238165,0.27284336,0.2807364,0.28855914,0.31773296,0.27855834,0.23089889,0.23128687,0.2628486
685,-0.009916775,0.13718958,0.12764059,0.19140553,0.20507969,0.22277138,0.24095929,0.29816246,0.24144323,0.2347747,0.26153448,0.3289402
686,-0.06188406,0.094775155,0.09837062,0.16799216,0.17199524,0.19410977,0.21494415,0.28133637,0.2367898,0.26591188,0.3223232,0.42049554
687,0.025955126,0.14499894,0.14542098,0.18774305,0.16678083,0.19681063,0.21537843,0.28390095,0.28277713,0.36189982,0.4486094,0.5672282
688,0.06244165,0.16086051,0.17558455,0.19225153,0.14403057,0.1944833,0.22070734,0.3011969,0.3622144,0.48936066,0.60611236,0.7277164
689,0.07919184,0.15729475,0.19056514,0.1854999,0.12582295,0.20736802,0.2569733,0.37231272,0.4980298,0.67815065,0.8118105,0.9091654
690,0.112328336,0.14886844,0.15925345,0.16976373,0.14165063,0.2655956,0.36685982,0.5482745,0.71355784,0.89274144,1.0009902,1.0367209
691,0.12678228,0.1331796,0.09408925,0.18036447,0.22636747,0.41333318,0.57143795,0.7881493,0.91553617,0.98877406,1.0445594,0.99543506
692,0.14019606,0.20882064,0.2471367,0.30901864,0.38650072,0.5104615,0.63588107,0.74213743,0.8398601,0.87587106,0.95773566,0.95049465
693,0.20401007,0.30510786,0.4032096,0.40499574,0.4354757,0.5032018,0.5933863,0.6293965,0.75137055,0.7751291,0.86566794,0.8973506
694,0.21085957,0.33365786,0.44820017,0.45119068,0.45129615,0.5220269,0.59101343,0.6068288,0.72421026,0.7413956,0.81818056,0.8355922
695,0.29376286,0.4033816,0.49565414,0.49671873,0.47757304,0.5418652,0.59291124,0.6057805,0.6864102,0.70182574,0.7722393,0.76354337
696,0.3073733,0.42102125,0.50668,0.51840425,0.50922525,0.56124926,0.6092683,0.6188173,0.6719099,0.7003721,0.76078606,0.7405739
697,0.2728841,0.4136489,0.5089886,0.5429239,0.54852223,0.5874287,0.63281614,0.64214957,0.6753512,0.71494627,0.76497805,0.73494697
698,0.4851458,0.54985225,0.5955556,0.60583735,0.5816001,0.58787054,0.6527188,0.6694585,0.7014204,0.7105346,0.7461027,0.7192056
699,1.3512381,0.93717897,0.64949024,0.59501565,0.4099939,0.44137278,0.5691607,0.65028656,0.65153176,0.5699075,0.5800064,0.5875577
700,0.84570295,0.62006575,0.42898586,0.40244955,0.39354506,0.44005686,0.49500555,0.51177645,0.53106755,0.47307777,0.47319084,0.49775353
701,0.8471593,0.65029967,0.5336,0.5255115,0.5093936,0.5674488,0.59483653,0.5804653,0.59259,0.5068544,0.5088692,0.5373616
702,0.93644404,0.73454875,0.65177226,0.62733275,0.6106612,0.65603954,0.658841,0.63195586,0.6257508,0.5521773,0.5657704,0.6080446
703,1.3531835,1.0315081,0.9210293,0.83769494,0.7937753,0.7984391,0.77823144,0.73278105,0.7323524,0.70912015,0.69989944,0.7735481
704,0.59689844,0.6280704,0.676586,0.6605438,0.69341403,0.70295775,0.6518882,0.6541647,0.70331836,0.7010361,0.73042613,0.80175805
705,0.39838833,0.53816813,0.6122179,0.62943304,0.6515405,0.5770535,0.5851704,0.643317,0.67906606,0.7572875,0.78804886,0.91532177
706,0.47376412,0.60220724,0.6295361,0.6364472,0.6334957,0.48433596,0.5756903,0.67117846,0.7175884,0.8691664,0.91050255,1.0932469
707,0.5634241,0.6610751,0.66639405,0.6221093,0.6105275,0.47771895,0.58081937,0.7188693,0.7936388,0.99758685,1.0680501,1.2165277
708,0.5409054,0.60371053,0.6388654,0.5464978,0.5492379,0.48616266,0.5746473,0.75431687,0.85945415,1.0898141,1.1791106,1.2557683
709,0.5331546,0.5519467,0.60597396,0.4943302,0.5207055,0.5055828,0.6105936,0.80396056,0.93968844,1.1555183,1.2326026,1.2598875
710,0.84405273,0.74670684,0.7204338,0.6139723,0.6507001,0.66228396,0.79456943,0.9665954,1.1229687,1.2414917,1.2729816,1.2451341
711,0.74227166,0.6967463,0.72594094,0.6659905,0.6905034,0.7109191,0.87830573,0.9961557,1.1615969,1.2473181,1.2307752,1.2131256
712,0.63712806,0.6442254,0.69308126,0.6657315,0.70265,0.73312247,0.9110838,1.0035182,1.1523104,1.2259153,1.1771598,1.172054
713,0.659886,0.67947227,0.71903133,0.7122713,0.76840854,0.8123642,0.97589076,1.0473323,1.1666929,1.200471,1.1163198,1.0973679
714,1.2906467,1.0286138,0.95095325,0.89769053,0.9227975,0.97405446,1.1157591,1.1974024,1.2566528,1.2322049,1.1141872,1.0163522
715,1.9189014,1.287117,1.0905876,1.0377417,1.0600295,1.1164845,1.2078315,1.3385324,1.3050033,1.2843151,1.1127769,0.82775474
716,2.0263524,1.4628402,1.2272432,1.2135489,1.3432747,1.3431634,1.3614479,1.407131,1.2679508,1.2032481,0.90040123,0.579668
717,1.3299557,1.2870462,1.2495122,1.3498875,1.4666916,1.4789218,1.4168485,1.368545,1.1543783,0.9627061,0.6020038,0.4377976
718,2.1616771,1.8417722,1.7082479,1.6597943,1.5934677,1.5561649,1.3643262,1.2288244,0.95013285,0.66936594,0.36925077,0.17872104
719,2.2992105,1.9846416,1.8306797,1.7327594,1.5838082,1.5017033,1.2185925,1.0816758,0.7901714,0.5582185,0.3510529,0.18091184
720,2.4352305,2.0908697,1.8597989,1.7114029,1.4873219,1.3669881,1.0568355,0.94120544,0.67077756,0.5026512,0.36882195,0.21700405
721,1.911958,1.7473559,1.610229,1.4581412,1.2031198,1.1123676,0.84081113,0.7336433,0.54018795,0.38019446,0.32760197,0.25136682
722,1.4028064,1.3922906,1.3192079,1.20741,0.96213585,0.88277626,0.66466975,0.5681666,0.44484,0.2874641,0.26521257,0.23181334
723,1.1657734,1.1899252,1.1281903,1.0283754,0.80854046,0.7226375,0.5492808,0.45227873,0.3761301,0.24704026,0.23337647,0.22333644
724,1.0035537,1.0223317,0.9665388,0.8701449,0.6806034,0.58511007,0.45863456,0.365686,0.31755286,0.2296505,0.21742755,0.21967319
725,0.9857128,0.9281205,0.85289997,0.7233498,0.5684023,0.4586252,0.3806671,0.2956919,0.2675699,0.22599551,0.2076873,0.22049737
726,1.0826622,0.9051839,0.7956365,0.62320113,0.50317186,0.38211942,0.3329519,0.2591534,0.24134956,0.24427639,0.2158292,0.22739068
727,0.91774714,0.7386612,0.6526909,0.4937119,0.41948974,0.302583,0.28953823,0.23619217,0.229136,0.25902447,0.22100824,0.23150213
728,0.85311794,0.66370916,0.58727646,0.43576086,0.38690925,0.2750035,0.2801045,0.2363321,0.22797571,0.27899146,0.22909465,0.2424975
729,0.81831634,0.62129587,0.5456011,0.40151012,0.3683912,0.26044375,0.2750562,0.24184346,0.2276173,0.28991053,0.23252416,0.24591844
730,1.2681564,0.89473444,0.6830696,0.49662825,0.43451458,0.3069126,0.29661036,0.2772806,0.22054349,0.2961649,0.25096956,0.25234392
731,1.0238965,0.7207309,0.5294348,0.3826914,0.35068917,0.22982174,0.25497177,0.2629554,0.23490334,0.28406614,0.23946802,0.24511641
732,0.7176219,0.53354037,0.41011345,0.30666244,0.30747664,0.21611913,0.24920073,0.26452044,0.24778967,0.29537377,0.23927368,0.25341463
733,0.622666,0.4893574,0.38970414,0.3046214,0.31450605,0.24015014,0.26368845,0.2842077,0.2488378,0.3025293,0.24620093,0.26658744
734,0.3569395,0.32073593,0.27564457,0.24032763,0.2777248,0.23383886,0.25541425,0.28626478,0.24949588,0.2991866,0.2578847,0.28980216
735,0.09994778,0.1446191,0.15426448,0.16993786,0.23726255,0.22818519,0.25257137,0.28553885,0.24940377,0.3041343,0.29954866,0.3608082
736,-0.004274726,0.06898392,0.10471079,0.13989091,0.2119258,0.21953638,0.24689126,0.27995226,0.25603056,0.333663,0.380917,0.47873414
737,0.056567762,0.11604804,0.14616303,0.16165003,0.2058289,0.21344204,0.23356523,0.2762606,0.28882602,0.40886867,0.5158161,0.63963413
738,0.11062134,0.15396205,0.19087984,0.17332493,0.17869954,0.19362727,0.2101498,0.27725422,0.36472374,0.54691416,0.71458125,0.8440652
739,0.11833677,0.14998077,0.22262755,0.17315678,0.1344221,0.1679088,0.19578356,0.30720147,0.49271646,0.7549387,0.960737,1.0598487
740,0.18464862,0.18116449,0.25321078,0.2012268,0.11391986,0.17035566,0.2504305,0.4405587,0.71036386,1.003116,1.1858773,1.2253275
741,0.24691153,0.20134042,0.195236,0.22445774,0.12849285,0.2249552,0.44399244,0.7176924,1.0288149,1.2157304,1.2928665,1.2666214
742,0.20954296,0.17758179,0.14647764,0.2976874,0.27033776,0.43711352,0.7636914,0.9755786,1.2069796,1.1850424,1.1556326,1.0889397
743,0.23905234,0.28935745,0.3563028,0.4575633,0.54316545,0.68356174,0.9393879,0.9852183,1.0267203,0.9338672,0.941126,0.8926108
744,0.32503754,0.36793667,0.47017175,0.55985725,0.693802,0.8484276,1.0722096,1.0338323,1.012119,0.9177958,0.9148207,0.8776532
745,0.28766403,0.36279047,0.52000284,0.6214652,0.80288446,0.94560707,1.1133441,0.98976463,0.9353782,0.88346326,0.85774815,0.8463158
746,0.25568968,0.39539504,0.6201627,0.73226476,0.90125626,0.97879374,1.0927756,0.90714854,0.8312181,0.81968796,0.7941407,0.8086283
747,0.31255654,0.50001746,0.74693346,0.83877325,0.921412,0.91266906,1.0017343,0.83959115,0.76180327,0.7608788,0.7555332,0.7960902
748,0.34329668,0.5786647,0.80537444,0.90819836,0.92863345,0.876492,0.95459926,0.82270217,0.77633905,0.769709,0.76595724,0.8220108
749,0.5397972,0.7337348,0.86729705,0.95188403,0.9351097,0.8696503,0.9535286,0.86140263,0.8542557,0.8229835,0.7938322,0.8418653
750,0.4368205,0.66296726,0.77201,0.8978346,0.88967365,0.8498241,0.9324302,0.8621738,0.8831059,0.8465512,0.7891388,0.8435029
751,0.6305431,0.72835594,0.7515977,0.8506272,0.82536155,0.83308375,0.90295357,0.8624495,0.87949204,0.83243704,0.7825582,0.8277104
752,0.4876908,0.6096177,0.6560156,0.7948425,0.724057,0.7958477,0.8478689,0.8164988,0.85253966,0.8039845,0.78736794,0.8563075
753,0.49378705,0.6108544,0.6790216,0.8166612,0.696582,0.7997909,0.84053487,0.78363454,0.8451235,0.79645264,0.8382244,0.9510644
754,0.68985176,0.7858236,0.8431896,0.90556186,0.81830186,0.9001416,0.8986935,0.79070926,0.87575257,0.85622287,0.94153047,1.0989945
755,0.5883594,0.78692615,0.8575737,0.8768121,0.85296273,0.92254686,0.8653045,0.7754456,0.87398744,0.9171616,1.0713603,1.2681439
756,0.51775455,0.7787625,0.82821834,0.8041059,0.84353095,0.8978919,0.8135806,0.79396987,0.9054079,1.0143372,1.2380375,1.4288234
757,0.46928215,0.7576046,0.75819963,0.7450094,0.8288297,0.85233957,0.80058706,0.84208584,0.9776039,1.1088396,1.3744762,1.5256503
758,0.60121715,0.8262041,0.74988914,0.7781609,0.88404197,0.88347924,0.89803475,0.9689265,1.1450127,1.245133,1.5013541,1.5618088
759,0.61361283,0.8025392,0.72620517,0.82002103,0.92607826,0.9342765,1.0296183,1.1074461,1.3132838,1.3486183,1.5791657,1.5465178
760,0.6156857,0.75483084,0.7358574,0.8789771,0.97385144,1.0077735,1.1693898,1.2449841,1.4452823,1.4279615,1.6235325,1.5089393
761,1.5862502,1.2784908,1.0671256,1.1407701,1.1817683,1.3287157,1.4741613,1.5914061,1.7875869,1.7234343,1.8122336,1.5415264
762,1.3345371,1.0787647,1.113369,1.1749232,1.2570702,1.5354375,1.7112068,1.8109643,1.8983915,1.8186821,1.8239486,1.5820067
763,1.2293603,1.0629658,1.2479765,1.2891977,1.4887457,1.7476947,1.9271951,1.9264979,1.8859429,1.725828,1.6133949,1.4051678
764,0.818289,1.0107805,1.3677197,1.5275409,1.7021295,1.851631,1.9224145,1.8130548,1.7118684,1.5110431,1.3244592,1.1602991
765,1.4157835,1.4566442,1.6923096,1.750269,1.8615264,1.8522687,1.8722708,1.6766949,1.531689,1.3119532,1.11806,0.9638657
766,2.8044968,2.0859408,1.7674296,1.7903336,1.9398464,1.7624025,1.6667645,1.468476,1.3009921,1.1117191,0.96772885,0.6550384
767,2.262127,1.9022324,1.71927,1.6981211,1.789773,1.6307515,1.4778675,1.2343681,1.0582409,0.91992843,0.77383864,0.60667056
768,2.1100492,1.8147577,1.687532,1.6455058,1.650226,1.5084814,1.4394866,1.204789,1.0372766,0.8675499,0.7105538,0.6226208
769,2.373769,1.9376405,1.684366,1.6066668,1.5786376,1.3939133,1.3533897,1.1680298,0.99892664,0.8619796,0.7226124,0.62129366
770,1.6366228,1.561054,1.4892497,1.4645787,1.3626751,1.2414731,1.1903777,1.0485326,0.90100133,0.7591734,0.6314954,0.61832964
771,0.85270226,1.1194919,1.1824372,1.2982074,1.1631275,1.118109,0.967713,0.88131166,0.7714857,0.64096725,0.5239309,0.4993239
772,2.2812672,1.8682675,1.5424716,1.4376897,1.3149154,1.150319,1.0102609,0.9130959,0.7606838,0.6469456,0.53203213,0.44533277
773,1.7299768,1.5727304,1.3648674,1.3114898,1.1276945,1.018312,0.8499744,0.8103236,0.6229032,0.5381389,0.45579863,0.39434355
774,1.7816547,1.576362,1.3551786,1.271749,1.0581772,0.9419352,0.77198875,0.7208177,0.52499026,0.43164295,0.36615896,0.31823102
775,1.7198046,1.4728781,1.2500577,1.140105,0.93543524,0.8059499,0.66463923,0.5964651,0.43084377,0.33760464,0.31160572,0.28639525
776,2.2645185,1.7428169,1.2025518,1.1305568,0.962458,0.7437651,0.72749007,0.68848,0.42521974,0.32492647,0.26758716,0.18574284
777,1.1886969,0.9527328,0.7921201,0.7080701,0.6033679,0.49679703,0.49989855,0.4323488,0.41939557,0.29763117,0.29016384,0.28019196
778,1.9698298,1.3942903,0.9724528,0.8516091,0.73588645,0.55814415,0.6551655,0.5765868,0.4153456,0.31584007,0.251594,0.20354687
779,1.5921572,1.0816559,0.81958586,0.6644694,0.5651101,0.42128158,0.54030514,0.43940517,0.42337382,0.30718684,0.2681602,0.24558802
780,1.0726594,0.7368407,0.64302266,0.50861275,0.4378792,0.34443343,0.44269562,0.34986168,0.40571502,0.32316,0.26673704,0.2653811
781,1.0534155,0.7366274,0.6476686,0.49661568,0.43920356,0.34655017,0.42382824,0.34775895,0.3748822,0.32474467,0.26098198,0.28098512
782,0.91281205,0.6547238,0.5883093,0.45254552,0.41764158,0.32558775,0.3908407,0.33359417,0.3508345,0.3151139,0.25975764,0.2919469
783,0.7914188,0.5862309,0.5395427,0.4271898,0.4119537,0.3248916,0.37639487,0.3287141,0.33053124,0.3130543,0.2705656,0.3086613
784,0.36173832,0.28781804,0.33454114,0.30120966,0.33393174,0.28942904,0.34991533,0.30849588,0.31440395,0.3072265,0.2938463,0.35352013
785,0.17593512,0.16772479,0.24263436,0.24971195,0.3037461,0.27741504,0.34178272,0.31127077,0.29911274,0.3157318,0.34080073,0.42860478
786,0.15347052,0.16920342,0.22596094,0.24069189,0.2936781,0.2584465,0.32376146,0.31547233,0.299023,0.33955187,0.40294045,0.51476717
787,0.12764408,0.1622312,0.19925886,0.21482453,0.26040593,0.21704039,0.29187256,0.31026477,0.31745583,0.38516125,0.48833764,0.62484
788,0.18614542,0.21865247,0.22357847,0.2162514,0.23912132,0.1880565,0.2614373,0.32116985,0.3627966,0.46755338,0.61591136,0.7506529
789,0.18833393,0.22297695,0.22749992,0.20480031,0.20640908,0.16394997,0.24411425,0.3509989,0.44663736,0.5888017,0.770664,0.8747199
790,0.16422644,0.19778167,0.21622884,0.19622295,0.17965573,0.1610608,0.26809698,0.42185915,0.57104015,0.7292018,0.92113423,0.9752493
791,0.22404438,0.23465426,0.22338638,0.21949446,0.18858163,0.2048149,0.36097294,0.5657512,0.74815166,0.86364377,1.0256454,1.0243553
792,0.25806454,0.25202096,0.2113846,0.24717318,0.23191626,0.294309,0.52095276,0.73708445,0.938426,0.9653828,1.0630167,1.0416024
793,0.29303658,0.27839297,0.24135351,0.3124215,0.3445553,0.46640253,0.7223651,0.87455374,1.0478708,0.96589994,1.0117182,0.99946123
794,0.36206138,0.35453603,0.37332568,0.45121223,0.54699665,0.7050676,0.9085298,0.91101533,0.9963882,0.83025825,0.85659003,0.86641073
795,0.3662144,0.39069235,0.5283546,0.606266,0.73302877,0.85525995,0.99281234,0.85972184,0.86732864,0.70715964,0.7532811,0.7991447
796,0.35051572,0.4344657,0.68758214,0.7733477,0.8614711,0.9140964,1.0030677,0.8022326,0.7551348,0.6516193,0.74341214,0.8211248
797,0.44070697,0.55698603,0.8162852,0.9074054,0.92463475,0.9291348,1.0028363,0.8155811,0.7523023,0.6789096,0.8057604,0.89780664
798,0.85361594,0.8709916,0.98842734,1.0281148,0.98104537,0.9342662,1.0431612,0.89331055,0.84157515,0.77212584,0.88915575,0.97912186
799,0.76057774,0.79792196,0.89785004,0.97519875,0.95088625,0.92632294,1.0467873,0.8948615,0.87398577,0.82249796,0.89613736,0.9907146
800,0.65812135,0.7297229,0.8382541,0.9691153,0.8982702,0.9099778,1.0244923,0.9080698,0.90580225,0.8679875,0.923574,1.0017244
801,0.58361125,0.67639226,0.798226,0.96951216,0.81760806,0.85715026,0.97181296,0.8979632,0.9139147,0.8860111,0.9478862,1.034566
802,0.596411,0.6798667,0.79696643,0.96629554,0.76048905,0.8038875,0.9305533,0.8639901,0.91428864,0.9040973,0.9902072,1.1153877
803,1.1404531,1.0508213,1.0816042,1.1094998,0.9215846,0.94046354,1.0602236,0.94317436,1.0451821,1.0640185,1.1418602,1.2609706
804,1.9480934,1.5735877,1.3828323,1.2295331,1.1170816,1.1965818,1.2382344,1.1774732,1.3106737,1.3672717,1.417181,1.4176469
805,0.7424638,0.92771006,0.9916428,1.0396726,0.97356445,1.1299773,1.1481658,1.1493394,1.2274426,1.2917634,1.3878676,1.4603521
806,0.4188528,0.72330725,0.88571346,0.97279596,0.91400826,1.0512826,1.0981704,1.195235,1.22567,1.2962615,1.4695079,1.5524681
807,0.25918227,0.6153499,0.8069498,0.826948,0.83160895,0.9649199,1.023424,1.2084736,1.2692066,1.3844111,1.6137812,1.6497507
808,0.23483881,0.5819707,0.72777027,0.7163097,0.8021933,0.91394633,1.0236634,1.250257,1.3657992,1.4768134,1.7023048,1.6513054
809,0.19761221,0.5106112,0.6016822,0.6827236,0.83220816,0.9237993,1.1183333,1.3177898,1.4374831,1.4721683,1.6450834,1.4876415
810,0.29619318,0.52572745,0.5863402,0.7738677,0.93022305,1.0121044,1.253829,1.3780568,1.4478812,1.389326,1.512395,1.272598
811,0.3371235,0.5131547,0.6319782,0.8709469,1.0034848,1.0868108,1.3110605,1.3575349,1.3680247,1.2787993,1.3949112,1.1507938
812,0.44661468,0.57145596,0.7269386,0.9503577,1.0610396,1.1502064,1.3115314,1.302573,1.2742333,1.1890441,1.3278205,1.1145012
813,0.5221122,0.638326,0.8201044,1.018922,1.1030592,1.1896607,1.2748123,1.2312495,1.1884414,1.1162764,1.28175,1.114526
814,0.5220025,0.6853512,0.8946137,1.096801,1.1414205,1.18223,1.2077394,1.1457527,1.1151508,1.043781,1.2292718,1.100735
815,0.7920179,0.92119914,1.0888077,1.2601174,1.2341428,1.2123736,1.1922281,1.1302553,1.1295677,1.0153075,1.1810187,1.0786507
816,2.2996771,1.6815563,1.3540032,1.2765458,1.2000756,1.1557451,1.1621672,1.2494593,1.1519608,1.0729351,1.1652203,1.0277641
817,2.150152,1.561034,1.2265918,1.1169722,1.1650851,1.0864458,1.0374808,1.1347609,0.97952485,1.045138,0.98595715,0.81343013
818,2.241338,1.6975253,1.3491957,1.2709299,1.3735008,1.2260463,1.1794919,1.1518021,0.96892166,0.97434247,0.79949653,0.6172322
819,1.1487634,1.271638,1.2031438,1.2968686,1.3418751,1.2351158,1.1166164,1.0146111,0.8562101,0.82861316,0.6258328,0.6035086
820,1.0232623,1.180477,1.1835825,1.3340726,1.2633673,1.20286,1.1136932,0.990694,0.84492636,0.7129501,0.5360935,0.532862
821,0.9713727,1.164937,1.170037,1.2981596,1.1849636,1.1157689,0.9882931,0.85132784,0.7402296,0.59059215,0.45122367,0.46608955
822,0.99064964,1.1790762,1.1638324,1.2222879,1.0860925,0.9851957,0.82802725,0.6804843,0.6114366,0.45943612,0.36087734,0.3723949
823,1.1406444,1.2248273,1.1745267,1.12927,0.9674445,0.831933,0.6856302,0.5293376,0.4994784,0.36066478,0.3038363,0.30506486
824,0.91112524,1.0178674,0.999303,0.9255337,0.7669091,0.6324091,0.5095973,0.3763473,0.37656763,0.28891715,0.26091227,0.24568988
825,0.5593461,0.7161121,0.74475616,0.68566006,0.5614636,0.45560884,0.3613746,0.2630708,0.27930897,0.2457192,0.23225166,0.22880587
826,1.412624,1.1367075,0.95661557,0.771968,0.5925183,0.47293663,0.38298303,0.2749751,0.27198726,0.26259166,0.261664,0.2618225
827,0.41832298,0.44594085,0.4300997,0.35904747,0.3044331,0.23120472,0.20161414,0.16395876,0.20104502,0.22173259,0.22760698,0.23422088
828,0.25708497,0.30626246,0.32074708,0.28484732,0.25039652,0.21153648,0.20584318,0.17181662,0.18560958,0.22478488,0.22616526,0.2693289
829,0.16433601,0.21949609,0.23978366,0.22904786,0.20485638,0.1777165,0.19051084,0.17444962,0.17757481,0.21893895,0.22141486,0.28598192
830,0.08648299,0.14892556,0.17516889,0.18619807,0.17178749,0.16409335,0.18415497,0.18205234,0.18144313,0.22118042,0.23235215,0.3116888
831,0.08589189,0.13735446,0.15923753,0.17422226,0.15930407,0.16668393,0.18864268,0.19632912,0.20304812,0.24571232,0.26356524,0.35406303
832,0.10400918,0.14163323,0.16214335,0.17545067,0.15927607,0.18063487,0.20291632,0.2177909,0.23729062,0.2821205,0.30983368,0.4012702
833,0.07290685,0.11244613,0.14612457,0.16451378,0.15538153,0.19365084,0.21955195,0.24210888,0.27362987,0.323005,0.3687622,0.45447952
834,0.07548292,0.11226462,0.15737356,0.17229794,0.16389774,0.21639341,0.24215159,0.27515525,0.31963745,0.38115248,0.4462626,0.51997507
835,0.12932591,0.15335754,0.19877636,0.20323583,0.189638,0.25167817,0.2752822,0.32273957,0.3809068,0.45153362,0.527954,0.58239096
836,0.10874785,0.14612733,0.20466495,0.21360786,0.21212214,0.2810793,0.31571552,0.38039118,0.45491436,0.5343559,0.61907524,0.65835106
837,0.10303962,0.15282124,0.22023714,0.23275182,0.24301572,0.31885612,0.36979556,0.45460868,0.54229873,0.620119,0.7070628,0.7325884
838,0.15152286,0.19781908,0.2592513,0.27113515,0.28728312,0.37412,0.4476188,0.55132496,0.6505575,0.70410556,0.7785717,0.79023325
839,0.8847592,0.6906568,0.5291176,0.47295892,0.37576187,0.51061064,0.5945626,0.7690885,0.83744955,0.7980472,0.7822827,0.7320634
840,0.8731396,0.656084,0.43245637,0.4692231,0.43926418,0.56389093,0.6820102,0.7880002,0.82402575,0.77042294,0.69600046,0.69236666
841,0.857342,0.65021,0.48694256,0.568189,0.5981558,0.73813736,0.8186944,0.80390537,0.7758893,0.67606616,0.5990515,0.6026611
842,1.0535417,0.81096655,0.7759568,0.78970116,0.7925235,0.9255489,0.92204344,0.8425635,0.74850583,0.62435603,0.5520352,0.5192448
843,1.9733838,1.4225818,1.3050475,1.1925291,1.0719472,1.1204606,1.0514318,0.99088395,0.88722646,0.7805947,0.6724753,0.5917618
844,1.4196687,1.235024,1.3001542,1.0986849,1.1000336,1.1410446,0.93852043,0.84744763,0.8276863,0.766857,0.7355469,0.6781038
845,1.4446447,1.3143002,1.3970478,1.1928551,1.1150589,1.1267751,0.9419136,0.8148064,0.8593383,0.75411826,0.73793006,0.7118479
846,0.9200673,1.0257963,1.1337647,0.9801703,0.9569172,0.9653124,0.7949765,0.68831813,0.7576568,0.67648315,0.7053703,0.7100365
847,0.61428255,0.8190515,0.91929823,0.82047427,0.8068074,0.7897838,0.68112034,0.5962374,0.66989493,0.6333474,0.67577744,0.72765505
848,0.50366545,0.72539854,0.77642554,0.7284755,0.7027175,0.65518874,0.60860443,0.55886954,0.6171624,0.62140924,0.6781174,0.7901817
849,0.3611101,0.6005014,0.62180877,0.6114644,0.5679559,0.50919646,0.5097688,0.5214185,0.5565276,0.6133188,0.69606096,0.85324407
850,0.46913707,0.64076614,0.6102514,0.574863,0.5144039,0.45302457,0.47772682,0.539961,0.5675471,0.67335325,0.765996,0.9442283
851,0.45903575,0.59239256,0.55574465,0.49770367,0.42532638,0.38896978,0.44850048,0.5817404,0.6205274,0.7821443,0.8718605,1.0403626
852,1.2445899,1.0845236,0.85529524,0.77429616,0.60408944,0.6399881,0.6327601,0.84111613,0.88005567,1.0368063,1.082532,1.1495912
853,0.56178576,0.6269368,0.58376765,0.5965743,0.5321492,0.6033449,0.7465648,0.95847267,1.036392,1.1789639,1.1452466,1.1833956
854,0.34848434,0.48952782,0.52744794,0.58237237,0.6210516,0.71297485,0.85721934,1.0408096,1.0645533,1.1559485,1.0963551,1.097753
855,0.2165021,0.4436851,0.54730034,0.65953416,0.7821187,0.8763023,0.9663732,1.0771374,1.0684332,1.0926822,1.0224019,0.9914138
856,0.24376965,0.52236366,0.6537943,0.8022712,0.960836,1.0343791,1.0488673,1.088512,1.0531553,1.020278,0.9416201,0.8892314
857,0.42187202,0.6940628,0.825207,0.96305573,1.1126405,1.1485057,1.1036954,1.0946093,1.0338763,0.96399236,0.8690016,0.8044367
858,1.6515487,1.402593,1.2889805,1.2361258,1.2921734,1.2816733,1.1850747,1.1998683,1.0806731,0.94660044,0.84106565,0.6950964
859,2.0345986,1.5903082,1.3425024,1.3072603,1.3267102,1.2969109,1.1455597,1.2128363,1.0302222,0.90509105,0.77233696,0.5209496
860,1.8292912,1.5677859,1.3982356,1.4039555,1.4188172,1.3472428,1.1823962,1.1565704,0.95455873,0.76235616,0.5984933,0.4171735
861,1.6217493,1.5129887,1.4412668,1.4530966,1.375608,1.289508,1.1412723,1.0384135,0.8522111,0.5928042,0.4479497,0.33307743
862,1.3947227,1.405979,1.404026,1.3877873,1.2178099,1.1226301,0.9661922,0.829603,0.69582474,0.4456812,0.3469881,0.26870942
863,1.0050614,1.174197,1.2295234,1.2076373,0.9980019,0.89666784,0.718797,0.5816624,0.5085496,0.32384765,0.26123804,0.19470379
864,1.2252147,1.2579825,1.2308013,1.0964024,0.86246467,0.72495264,0.5588031,0.40793455,0.37122774,0.23035108,0.19036302,0.14901373
865,1.7580364,1.4532192,1.2599034,1.037807,0.8016401,0.6738436,0.48290747,0.3525733,0.30435994,0.21195321,0.2288761,0.18350065
866,0.88584757,0.8330005,0.78018725,0.6293856,0.49826205,0.40630043,0.30809912,0.22939523,0.23017633,0.1906482,0.20051967,0.16005948
867,0.93262035,0.815261,0.73638785,0.56357485,0.44420153,0.35912627,0.29757586,0.21507843,0.21395932,0.20923917,0.18927377,0.18568721
868,0.9519358,0.7780017,0.6716298,0.48615524,0.3845383,0.29883033,0.2592156,0.1987392,0.1942248,0.21536182,0.18764216,0.19299375
869,0.86791116,0.6902057,0.5772894,0.4065738,0.32881927,0.25217795,0.22530656,0.19272447,0.18288942,0.22585751,0.19288686,0.2008152
870,0.88387847,0.6799666,0.541515,0.3793179,0.3126678,0.2425848,0.2134871,0.20420474,0.17865324,0.24180202,0.20429161,0.21317784
871,0.84343904,0.64372784,0.48834893,0.34641963,0.29547402,0.23031238,0.20147522,0.22040394,0.18118206,0.2543385,0.2154739,0.22301193
872,0.68114364,0.5408083,0.40330008,0.29630816,0.2693044,0.21182795,0.19074875,0.23322952,0.19012319,0.26570216,0.22359641,0.23242657
873,1.2887442,0.92696804,0.6013043,0.46263254,0.38052177,0.29942337,0.24791344,0.30060935,0.19355404,0.29154676,0.26325053,0.29290858
874,0.6290163,0.49443543,0.30568835,0.24811696,0.22998986,0.17552973,0.18088844,0.25894707,0.2477843,0.28790388,0.25745666,0.2770641
875,0.5894393,0.5041154,0.338071,0.28288156,0.28009036,0.23403166,0.2284124,0.30029887,0.26555312,0.32285923,0.2865911,0.31916523
876,0.8820853,0.7152989,0.48646125,0.40510413,0.35635185,0.2934451,0.27334702,0.33853686,0.2817986,0.34925735,0.33004144,0.37709224
877,0.5720057,0.5203594,0.3544134,0.3221758,0.2943879,0.2586985,0.25836203,0.3285894,0.3270715,0.36558285,0.36664173,0.4050246
878,0.49854314,0.49746442,0.35668388,0.3443898,0.31806502,0.2981315,0.29777887,0.35786158,0.3721372,0.4213031,0.4513475,0.49865466
879,0.6667779,0.6358555,0.4715145,0.4633608,0.3844844,0.36659992,0.36177266,0.41190916,0.44508886,0.5119175,0.5911981,0.6480868
880,0.18750569,0.28945908,0.23827888,0.31665117,0.2646247,0.2948041,0.3760448,0.4411242,0.56346923,0.6290238,0.7567626,0.84871
881,0.15167166,0.26414865,0.2323557,0.3281417,0.2506538,0.30994815,0.4578124,0.58720374,0.70004165,0.86221147,1.0209749,1.1366062
882,0.110729136,0.20349127,0.16664198,0.30232722,0.39881206,0.52958935,0.7037964,0.921528,0.9416603,1.1088904,1.1241571,1.1689602
883,0.033260994,0.20764738,0.21925116,0.3682411,0.6115943,0.6846311,0.7298755,0.7627135,0.70001626,0.7366005,0.7812755,0.8211083
884,-0.006892957,0.19547822,0.2290985,0.31407577,0.43776304,0.48744768,0.53830457,0.5166452,0.5740848,0.59545416,0.7615366,0.8440259
885,0.04166088,0.188467,0.22072825,0.24203321,0.28332812,0.32923236,0.43376464,0.42991972,0.5719821,0.5798335,0.7879019,0.87598085
886,0.096762285,0.18406722,0.2158481,0.21994346,0.2125896,0.2571289,0.4141174,0.43865836,0.60959494,0.6134877,0.8005086,0.8733139
887,0.13366787,0.17645653,0.20540348,0.250564,0.24611838,0.32672966,0.5535607,0.6323637,0.78655493,0.7647861,0.93139875,0.9423213
888,0.20544717,0.2088004,0.246688,0.32192236,0.34235075,0.46324867,0.73663884,0.8326307,0.95119345,0.89860547,1.0091479,0.97840023
889,1.0483701,0.7659631,0.51360476,0.47646943,0.4246647,0.6148275,0.8330991,0.9905558,1.0151929,0.9024997,0.8696991,0.6946174
890,0.5583076,0.4724077,0.361151,0.4420978,0.62295187,0.71834385,0.9087531,0.85676223,0.8900132,0.89046645,0.73234403,0.7258996
891,1.4330039,1.0020835,0.5361493,0.63244164,0.4505844,0.56868666,0.76039696,0.84466213,0.74829733,0.604011,0.5291001,0.5059813
892,1.0125074,0.7195966,0.44191074,0.47996536,0.44339383,0.56757593,0.6905122,0.7079407,0.65589756,0.55283993,0.5144674,0.5808848
893,1.0792258,0.75712144,0.5742365,0.5889922,0.5263798,0.66994476,0.7454699,0.75710046,0.6909721,0.519845,0.51892185,0.561136
894,0.9672697,0.71101063,0.640914,0.61072814,0.60578775,0.7511137,0.7505853,0.74787843,0.67927754,0.51308787,0.5369591,0.5626718
895,0.5150694,0.45319408,0.5524893,0.5354792,0.5733981,0.6990353,0.6307633,0.62761116,0.5795988,0.4751997,0.53363746,0.5509969
896,0.27663252,0.31871784,0.47275195,0.47821897,0.5064356,0.5400397,0.49955755,0.49960053,0.4778347,0.45135322,0.53811586,0.6066855
897,0.24765909,0.33403397,0.4358581,0.4357772,0.46096355,0.36501652,0.3992883,0.3892473,0.4158762,0.46173635,0.5662459,0.7252653
898,0.2920034,0.38598216,0.42448106,0.39780387,0.42901406,0.24763209,0.35088843,0.34398913,0.41146463,0.5359992,0.6460513,0.8786409
899,0.38477337,0.45008355,0.44934246,0.34614617,0.38649803,0.20558387,0.3383727,0.3760187,0.48593658,0.691128,0.8148258,1.0544981
900,0.4026165,0.3823325,0.42456216,0.26347443,0.26520294,0.17214647,0.35663894,0.50221246,0.6646419,0.960384,1.1076092,1.2849382
901,0.4442888,0.38203067,0.3969423,0.2377318,0.28070283,0.28194937,0.48102838,0.6682301,0.8547529,1.0903581,1.2430623,1.306498
902,0.45217603,0.35665333,0.377449,0.28079253,0.3517601,0.43336666,0.6535764,0.82740754,0.99800503,1.129117,1.2673035,1.2456689
903,0.43593073,0.32907134,0.39405152,0.3531517,0.44103992,0.57811326,0.7929993,0.9224543,1.0490186,1.1095021,1.2337979,1.1821783
904,0.54577464,0.4170549,0.49588743,0.49020547,0.58261,0.7455261,0.9274303,1.0064892,1.0875076,1.0900006,1.1967393,1.1340632
905,0.59374666,0.50482535,0.6356016,0.67124945,0.752158,0.89371717,1.0391765,1.0575371,1.1091495,1.0788453,1.159386,1.1071556
906,0.5725542,0.5651678,0.7562539,0.8359323,0.9097884,1.0157727,1.1253024,1.1034205,1.1280464,1.0931306,1.1385418,1.0924177
907,1.4119189,1.0576217,1.0509902,1.0248508,1.037111,1.1483245,1.2482932,1.2639415,1.2279887,1.1706349,1.1518494,1.0669913
908,1.042573,0.90992826,1.0206594,1.0422341,1.0996145,1.1633583,1.2799057,1.3017988,1.2187861,1.2360393,1.0979528,1.0626404
909,0.7477111,0.8395307,1.0133364,1.0907744,1.1720973,1.218532,1.317447,1.3423529,1.207491,1.204017,0.99714637,0.95150805
910,0.602634,0.8757773,1.0642889,1.1790526,1.2568173,1.263175,1.2947862,1.286541,1.096419,1.066994,0.82939255,0.7735196
911,0.5579059,0.9478686,1.1294978,1.2477083,1.2837658,1.2385585,1.1784325,1.1353126,0.927727,0.89349616,0.663127,0.6075002
912,0.6675265,1.0505844,1.1978548,1.271474,1.2422216,1.1636844,1.0379925,0.9794409,0.7908405,0.7433491,0.5412952,0.48744395
913,1.3073907,1.3960152,1.3757634,1.3244572,1.2147204,1.1038926,0.97689277,0.90867096,0.7440032,0.628721,0.49030024,0.44366574
914,1.1276333,1.283298,1.2494481,1.18153,1.0738226,0.9346715,0.8026468,0.7386442,0.61897546,0.5250659,0.41184747,0.3689142
915,1.2338777,1.2935647,1.2178864,1.1026454,0.96237636,0.8290915,0.6884756,0.61998844,0.54653394,0.44926023,0.3767321,0.32597834
916,1.0878202,1.141627,1.0749888,0.94234824,0.80761313,0.6916242,0.56207293,0.48506898,0.45641774,0.37343115,0.33226997,0.287825
917,0.9484431,0.9811392,0.92733,0.7880337,0.6639074,0.57395595,0.46517664,0.3764926,0.3839516,0.31254587,0.29294097,0.26747143
918,1.3024834,1.1155802,0.9706768,0.7799423,0.61603546,0.54252136,0.41436395,0.329351,0.3228393,0.28800023,0.300534,0.27251357
919,1.1148374,0.93018466,0.7839656,0.5926706,0.4720652,0.4265883,0.3164093,0.26547727,0.26266667,0.25484055,0.28766108,0.25424778
920,0.74321294,0.6587061,0.5589192,0.4208151,0.3452377,0.33109456,0.2529922,0.22951369,0.23183669,0.2375896,0.26693514,0.24938703
921,1.439792,1.0395201,0.7464335,0.5714822,0.4221357,0.4003216,0.29319236,0.28531632,0.21675043,0.27279836,0.29305756,0.2951094
922,0.36580622,0.3312866,0.23760979,0.196706,0.17392607,0.20702486,0.15193382,0.21558025,0.22286981,0.24954033,0.2851236,0.2709572
923,0.18182886,0.21489432,0.16655886,0.17245694,0.17663111,0.21094409,0.17637143,0.24315439,0.21170808,0.26220027,0.2896415,0.31905502
924,0.047341105,0.115602426,0.100350045,0.14167447,0.15792388,0.17580175,0.17596899,0.2546084,0.22244307,0.27636054,0.31208417,0.37925828
925,0.011941269,0.08824015,0.09171538,0.14415075,0.15502128,0.16631353,0.18737413,0.26617315,0.25508857,0.32515222,0.38278386,0.48552
926,0.013256311,0.086007036,0.105289206,0.15139312,0.14531168,0.16260582,0.20307398,0.2815635,0.31478152,0.417818,0.5079288,0.6400348
927,0.10535768,0.14776868,0.17187625,0.17721987,0.13982143,0.17869401,0.22963831,0.32333457,0.42611295,0.5988368,0.723922,0.8548418
928,0.16046147,0.17278059,0.20292187,0.18440342,0.13240767,0.20327856,0.27784872,0.40972367,0.57882315,0.8040699,0.92624784,1.0215919
929,0.15823725,0.13691065,0.14919347,0.16145255,0.14165126,0.2544715,0.39611086,0.5933155,0.7999445,1.0188982,1.0923985,1.1279929
930,0.14807613,0.08327857,0.034855984,0.14349647,0.1911962,0.3832738,0.6180835,0.88968486,1.0530965,1.1675676,1.1550835,1.0996101
931,0.14694315,0.084795415,0.08435455,0.28348273,0.3572259,0.65489054,0.90171415,1.1526299,1.2367467,1.2855594,1.1943861,1.0464797
932,0.2048999,0.24293603,0.36807716,0.5591986,0.65538585,0.8988439,1.0283815,1.154187,1.1842846,1.2870696,1.1979876,1.0967588
933,0.3753655,0.46396977,0.6181452,0.68228865,0.7487112,0.84779507,0.89202833,0.9775413,1.0309937,1.2143098,1.1473837,1.1397774
934,0.4467218,0.5393416,0.6897521,0.6649221,0.71650803,0.7901922,0.80846816,0.88292634,1.0008204,1.1884751,1.1373951,1.1606913
935,0.45792198,0.5399424,0.6868363,0.6340941,0.7208022,0.8256361,0.8309777,0.8786583,1.0220549,1.1782227,1.1430887,1.1637852
936,0.37868136,0.49509066,0.65852255,0.63020563,0.7681482,0.89303774,0.88923043,0.90456414,1.0441161,1.1740427,1.1421996,1.1604693
937,0.31885326,0.50083166,0.6966042,0.723511,0.8934481,1.0078204,0.9976685,0.94870394,1.0795202,1.1536149,1.109503,1.1184471
938,0.33671597,0.5822844,0.7820669,0.8453548,1.0034008,1.066866,1.065608,0.98696953,1.1058812,1.1309911,1.0712256,1.0687566
939,1.7534833,1.3166381,1.1331,1.0125778,0.96242756,0.95726055,1.1036333,1.0798194,1.1458784,1.0351342,1.01057,1.0838737
940,0.54754835,0.6106212,0.659658,0.71876514,0.7714104,0.8288633,0.8377746,0.806316,0.83578455,0.78629935,0.7741029,0.855097
941,0.40506124,0.50181746,0.5815527,0.7157008,0.68657696,0.7672495,0.73897713,0.75354755,0.74021435,0.6439134,0.6943929,0.7619989
942,0.3068366,0.39397365,0.50820386,0.65880567,0.6206668,0.6765028,0.65715367,0.6601871,0.62908643,0.57071507,0.6748619,0.79200023
943,0.34015805,0.4230023,0.570146,0.69838715,0.6594691,0.6418426,0.6385177,0.61285156,0.5936576,0.61996424,0.7436006,0.9296045
944,1.3812416,1.17144,1.1025008,1.0207965,1.0093361,0.9062402,0.8637588,0.8169934,0.875118,0.9854711,1.0552471,1.2213798
945,1.0920808,1.0462743,1.0337858,0.9617699,0.9154664,0.8679123,0.82883835,0.8868216,1.007349,1.1809877,1.2933768,1.3860247
946,1.229361,1.1321238,1.0535127,0.950845,0.92636544,0.9299793,0.9144689,1.0756825,1.2309543,1.3884598,1.5164579,1.4930619
947,1.7097483,1.3431817,1.1143293,1.0115862,0.9788702,1.0263038,1.0775422,1.3012974,1.4139246,1.5349991,1.6099402,1.4964147
948,1.40764,1.2193736,1.0501586,1.0213292,1.0684888,1.1210737,1.1914097,1.3502433,1.4065765,1.4529516,1.4697869,1.383305
949,1.0415893,1.0438026,1.0023797,1.0551147,1.1649042,1.218453,1.2983071,1.4059949,1.4210019,1.3831977,1.360811,1.289679
950,1.1030824,1.0722125,1.0696411,1.1351304,1.2391938,1.2910411,1.3843769,1.4543619,1.4434383,1.3558333,1.3188443,1.230083
951,1.9741552,1.5013089,1.2734859,1.2846518,1.3123431,1.2854156,1.4428248,1.4895213,1.4359376,1.3629715,1.2632387,1.117255
952,0.3120571,0.64285284,0.8697902,1.1352427,1.1985629,1.2952592,1.3445636,1.3273487,1.2635189,1.2066094,1.0923889,1.0383167
953,0.49588865,0.7558543,0.95112926,1.194586,1.2367175,1.3441467,1.3173927,1.2986689,1.2400776,1.1731635,1.0943846,0.98901176
954,0.4933539,0.7866544,0.9776,1.1933268,1.2435838,1.3315134,1.2494881,1.1957607,1.1496488,1.0911736,1.0184795,0.90831465
955,0.4732949,0.8100023,0.97139305,1.1632043,1.2416624,1.2923545,1.1568245,1.081367,1.0408121,0.9586042,0.89338493,0.7878452
956,0.36204863,0.7739656,0.94432676,1.1384745,1.2068028,1.2154231,1.037743,0.95604426,0.9080138,0.8267479,0.7745892,0.6865089
957,0.39332283,0.7921157,0.9571855,1.113019,1.1366715,1.0984048,0.9049555,0.84494483,0.7903166,0.73253626,0.6834101,0.60961246
958,0.48681003,0.809899,0.9675601,1.0574661,1.0326264,0.9650248,0.78934443,0.75553167,0.70217764,0.67218745,0.61237276,0.5597445
959,1.5593368,1.3712409,1.2271221,1.1096218,1.0323173,0.9302609,0.79020756,0.80689543,0.74712765,0.67388093,0.61676097,0.5406138
960,1.4269161,1.2388927,1.0717335,0.97794074,0.9478279,0.8522094,0.7339595,0.7676773,0.67458963,0.6252959,0.5440733,0.43371585
961,0.92192197,0.9552419,0.90783304,0.8971656,0.8767452,0.7861229,0.69331956,0.67881656,0.5950784,0.5202701,0.41605645,0.30913606
962,0.8415149,0.9014071,0.88350517,0.87595946,0.806171,0.71801054,0.63568676,0.5748686,0.5028572,0.4074443,0.31566045,0.22174527
963,0.8461087,0.8718885,0.850026,0.7967326,0.69674087,0.59348345,0.52557796,0.4415488,0.38785702,0.3121615,0.24527057,0.17948484
964,0.8815759,0.843696,0.79791504,0.69751096,0.5907411,0.48290122,0.4357981,0.34600708,0.31113747,0.2595902,0.20853204,0.1694271
965,0.85129684,0.77384657,0.7106183,0.585966,0.49167132,0.39227697,0.36242458,0.27960497,0.25891095,0.23067045,0.18999386,0.17054984
966,0.7280081,0.6454533,0.57612467,0.4568635,0.38706654,0.31003684,0.294962,0.2321406,0.21896623,0.21267565,0.18072724,0.17922896
967,0.6519832,0.5653169,0.48686793,0.38206184,0.3261838,0.26991016,0.25780898,0.21522301,0.19719821,0.20672613,0.17867605,0.18923448
968,0.62182367,0.52728575,0.43725392,0.34376016,0.29453492,0.25195184,0.23592624,0.21087234,0.18589695,0.20759927,0.18174139,0.19886073
969,1.3153085,0.93300086,0.6325705,0.5022322,0.38031793,0.345663,0.2691428,0.28056493,0.18549404,0.24770398,0.2332228,0.24268499
970,1.7952123,1.1696317,0.627947,0.5277865,0.43860853,0.34997037,0.41762847,0.46629792,0.3129167,0.27318174,0.15362279,0.096488595
971,1.4527062,0.9109775,0.5532396,0.41439933,0.3573393,0.30349275,0.42654067,0.40709412,0.4261303,0.36371374,0.25156808,0.24179526
972,0.414284,0.31948903,0.20226313,0.19436927,0.21966363,0.24301518,0.32167566,0.3361742,0.4296487,0.3557218,0.28578147,0.30694956
973,0.1249699,0.16192035,0.09063213,0.14427926,0.19286641,0.23521331,0.300247,0.36656225,0.37950826,0.3180201,0.28815827,0.3486705
974,0.0331162,0.12447725,0.063316636,0.1410204,0.18193018,0.21995707,0.27731887,0.36914527,0.3613623,0.32172456,0.33322757,0.4278316
975,0.04972698,0.1575922,0.08843701,0.16200426,0.17592035,0.21163507,0.25756878,0.36306143,0.36757106,0.37360078,0.42479628,0.5382787
976,0.05966338,0.16931188,0.10622495,0.16143261,0.14534304,0.19480732,0.23739782,0.34993175,0.40034783,0.46466732,0.554515,0.67562586
977,0.15451679,0.23203336,0.1718834,0.18455517,0.13044697,0.20482706,0.23497699,0.35817778,0.46987337,0.5886567,0.70354444,0.8017458
978,0.13814625,0.20414603,0.17615755,0.17571731,0.10572145,0.21225509,0.25872716,0.39449915,0.5746473,0.7292732,0.8510742,0.9154197
979,0.15355298,0.20056063,0.181804,0.19044763,0.11340925,0.25255868,0.33181563,0.49473363,0.7180879,0.87030065,0.9802903,0.9953883
980,0.19604623,0.22493792,0.18716477,0.2278768,0.15917973,0.32898992,0.45608044,0.6428386,0.876438,0.9771246,1.046958,1.0153639
981,0.17028755,0.20063189,0.16551465,0.25134343,0.22391647,0.41992787,0.5992766,0.781249,0.9996898,1.0451593,1.0680128,1.0113189
982,0.19582719,0.21422821,0.18152964,0.30627167,0.32545757,0.5648623,0.76516557,0.9276552,1.1044848,1.0933954,1.073362,0.9803198
983,0.24500565,0.25032502,0.24491814,0.39794195,0.47828716,0.775414,0.948781,1.0615027,1.1784923,1.140082,1.0742216,0.944925
984,0.21947081,0.25283936,0.33226776,0.4969347,0.66700315,0.9868508,1.089516,1.1258018,1.1767161,1.1763192,1.0856209,0.9609004
985,0.31391504,0.41582978,0.56499213,0.66207707,0.83032215,1.0229143,1.0402147,1.0468409,1.0916389,1.1821911,1.1129359,1.0565563
986,0.48904157,0.62579894,0.7405924,0.70277005,0.78506887,0.8063374,0.78625685,0.83718604,0.91045904,1.0750672,1.0549642,1.0842018
987,1.528638,1.1482493,0.9066309,0.8998549,0.8636866,1.0144199,1.0037293,0.97263986,0.8255968,0.78817856,0.7718853,0.73000956
988,1.3694375,1.0357915,1.0231196,0.9278899,1.0385746,1.1786903,1.0843735,0.924596,0.8716558,0.9100288,0.7688086,0.7025274
989,0.72065806,0.65182245,0.8214834,0.85933447,0.9463496,1.032474,1.0676388,0.99123394,1.0365613,1.0177965,0.9040004,0.83243006
990,0.74641186,0.70051765,0.8652688,0.92680764,0.9195657,0.97557724,1.059052,1.0109017,1.0285503,0.91386795,0.84956956,0.78882384
991,1.1819514,0.98373544,1.1099086,1.0714222,0.9889888,1.0279254,1.0996294,0.99642307,0.99227476,0.8304075,0.7909697,0.75323105
992,1.0571232,1.0110413,1.1812909,1.0998414,1.012224,1.016587,1.0141478,0.86409485,0.86591816,0.7243354,0.7073077,0.7081332
993,0.47170544,0.7088282,0.89537495,0.8728381,0.8119723,0.8038739,0.7446748,0.65275395,0.6542058,0.57404214,0.61389625,0.63141525
994,0.7873175,0.90701956,0.95838714,0.8721695,0.79379827,0.7450333,0.6938808,0.5907976,0.62623274,0.57190645,0.62275577,0.68968844
995,0.4695257,0.6745837,0.6976028,0.6497121,0.6108604,0.5550688,0.5422606,0.4885529,0.5461712,0.55776227,0.65003383,0.7468189
996,0.5094028,0.65313596,0.63098305,0.5770916,0.5623618,0.5040922,0.53644973,0.4999406,0.5871049,0.66020316,0.7548225,0.8928
997,0.6686213,0.7257388,0.6689138,0.60506,0.58481044,0.53058434,0.6018001,0.584581,0.70714664,0.8270118,0.9093139,1.0576291
998,1.0375503,0.9279829,0.82167083,0.73404765,0.6797649,0.64630955,0.7311222,0.7538848,0.90581715,1.0662874,1.1340826,1.2404528
999,0.6710726,0.6820551,0.71587867,0.6752928,0.6404327,0.6654818,0.85348916,0.96834254,1.1535771,1.2959354,1.3017831,1.3149142
1000,0.37530428,0.47920418,0.579569,0.5857807,0.61217666,0.67412746,0.872977,0.98533094,1.1499755,1.2678943,1.2483473,1.249871
1001,0.7850024,0.7644979,0.78517437,0.77812976,0.8431723,0.9098856,1.0846548,1.1830168,1.3042831,1.335403,1.2559052,1.1706021
1002,0.40551865,0.5824984,0.71931,0.79248625,0.9337273,1.0163591,1.1860521,1.232131,1.3053125,1.3051215,1.1683257,1.104113
1003,0.25665444,0.5391385,0.70656216,0.8214752,1.0158772,1.0985446,1.1979327,1.224782,1.2126508,1.2026151,1.0574089,1.0018876
1004,0.16245538,0.5263574,0.7059001,0.84787333,1.0664215,1.1283953,1.1518195,1.167933,1.0804207,1.0766377,0.9394239,0.90381026
1005,0.18191478,0.5713301,0.76641166,0.90176046,1.102893,1.1283818,1.0786754,1.0795164,0.94609547,0.9527739,0.828562,0.8110634
1006,1.8201524,1.554272,1.4078352,1.308216,1.3525792,1.3225377,1.1959417,1.2379128,1.0785729,0.9702487,0.84107435,0.7325697
1007,0.7611252,0.9586433,1.0450596,1.0657711,1.2126324,1.1584549,1.0851932,1.09041,0.9440111,0.91790867,0.6890425,0.63910615
1008,0.6145996,0.85540706,0.95471776,1.0055373,1.1260185,1.095797,1.0094208,1.0034851,0.8558488,0.81037176,0.59304976,0.5129858
1009,0.7044552,0.9252951,1.0025629,1.0328649,1.0953088,1.0249405,0.92909336,0.8820628,0.7389139,0.6747124,0.47639096,0.39993724
1010,0.91112924,1.0432088,1.0760455,1.0505865,1.0440247,0.93033034,0.8331469,0.75266474,0.6373594,0.55620253,0.38666618,0.31643263
1011,0.8299406,0.96037674,0.99735224,0.9475613,0.91044897,0.77981037,0.693245,0.59239566,0.5235058,0.45683718,0.32027018,0.27327982
1012,0.87143487,0.9319848,0.94859254,0.85390085,0.7802984,0.64564407,0.5730329,0.46159956,0.43594092,0.3827374,0.2801218,0.25665343
1013,0.8395275,0.8532943,0.84706575,0.7220917,0.6375204,0.51421654,0.4598413,0.35013872,0.36065006,0.32421413,0.251258,0.2560513
1014,0.8191586,0.786102,0.74771714,0.6055832,0.5185506,0.41833243,0.37709296,0.274418,0.3077594,0.2817799,0.23361403,0.26108938
1015,0.74487025,0.6916402,0.6267369,0.4904629,0.4128521,0.34451655,0.31153154,0.22505736,0.26802966,0.24982598,0.22414535,0.2677995
1016,1.3467286,1.0113316,0.7674382,0.5956273,0.43793118,0.40596074,0.3219497,0.2734601,0.25762942,0.26683873,0.27202722,0.29976916
1017,0.924336,0.7008505,0.4955401,0.3546639,0.2822686,0.29039055,0.2185623,0.22475836,0.23921813,0.25542745,0.28592208,0.28782585
1018,0.68955386,0.5347673,0.38401735,0.27735677,0.24461296,0.2528482,0.2049311,0.22405267,0.22774917,0.26217958,0.26271498,0.26500663
1019,0.6035655,0.48535955,0.3608309,0.27786884,0.25609422,0.24985315,0.21827959,0.25031465,0.23101813,0.26978877,0.25301212,0.26600996
1020,0.26350722,0.26585004,0.2060293,0.18942136,0.20282748,0.20466846,0.19441512,0.2513106,0.23064128,0.26401222,0.26127142,0.29267037
1021,0.035717078,0.1078126,0.09922911,0.1347309,0.16861375,0.17648965,0.18672265,0.25057805,0.22838627,0.26887533,0.29407945,0.3641659
1022,0.036486775,0.10578045,0.11232941,0.15471186,0.17527972,0.17294407,0.19290282,0.25064272,0.24397132,0.30461496,0.3529559,0.45745647
1023,0.021586388,0.09028109,0.11226326,0.15922451,0.16508701,0.16104643,0.19754776,0.254757,0.28561965,0.36685333,0.44513097,0.5800193
1024,0.032486178,0.09751387,0.13190562,0.16740382,0.15488607,0.1556477,0.20753759,0.27262807,0.34730867,0.46709388,0.5739678,0.72655594
1025,0.08122297,0.13389681,0.17620637,0.18155904,0.15089065,0.16822359,0.23403971,0.32610548,0.44724816,0.62621105,0.7465846,0.8890174
1026,0.16925922,0.19138068,0.21622536,0.19439779,0.1639188,0.21134216,0.30119008,0.45005757,0.60447943,0.8300251,0.92448366,1.0278735
1027,0.17392135,0.17574623,0.14942743,0.15872803,0.19064054,0.28149593,0.43759042,0.6612234,0.8119706,1.0179781,1.0411531,1.0936973
1028,0.13597149,0.12215398,0.044816986,0.14553669,0.2552622,0.41271552,0.64718986,0.91266423,0.9928483,1.107485,1.0459938,1.0326641
1029,0.09115423,0.09801319,0.12069312,0.27633965,0.42393678,0.6092603,0.83948416,1.0203774,1.0276474,1.1301386,1.0130205,0.973568
1030,0.22890435,0.30948454,0.4281974,0.5046432,0.60563225,0.67554754,0.7682114,0.86359864,0.87765133,1.0572662,0.98649955,1.0154755
1031,0.33859426,0.4966215,0.62392426,0.63728964,0.65659136,0.61494315,0.6545505,0.7565388,0.83530235,1.0696818,1.0289828,1.116977
1032,0.37476313,0.57005787,0.6819704,0.67000324,0.6565988,0.5985319,0.6451094,0.77674896,0.9292151,1.1600837,1.1090933,1.1959693
1033,0.39479285,0.5776212,0.6845254,0.64437604,0.6667831,0.65772516,0.6980505,0.8391054,1.0340757,1.2489241,1.1758696,1.235172
1034,0.42831433,0.56046087,0.6707644,0.6038718,0.6954013,0.7649372,0.7830273,0.9107215,1.1081272,1.2936938,1.2173275,1.239239
1035,1.4980706,0.9312601,0.71365666,0.5645511,0.51693624,0.7408909,0.83879274,0.954166,1.1620299,1.2049563,1.154405,1.0616992
1036,0.90481496,0.6840327,0.7163423,0.69755435,0.84400344,0.97464067,1.054962,0.95599604,1.1161207,1.1482589,0.94994545,0.9607469
1037,0.65615326,0.645255,0.83840024,0.9201087,1.0083797,1.1122073,1.1262898,1.0155706,1.0909363,1.0214046,0.8284203,0.8337968
1038,0.6013507,0.72204465,0.9659143,1.0505767,1.1021495,1.1528074,1.1117712,1.0070728,0.9770405,0.8828907,0.75133693,0.77558136
1039,0.61129344,0.81870806,1.0221567,1.0571661,1.1034578,1.0711361,0.98594224,0.873208,0.79689384,0.74539626,0.68507826,0.7436015
1040,1.720167,1.4815705,1.4541984,1.2782279,1.2940271,1.1694607,1.0795945,0.90320706,0.90432584,0.9051721,0.8349451,0.9067725
1041,1.3680469,1.3483261,1.4158707,1.2504135,1.2640663,1.1599247,1.0424758,0.8329104,0.85212696,0.8807695,0.83853126,0.879567
1042,1.3104367,1.3295586,1.3582547,1.1906916,1.1864394,1.0851533,0.9726686,0.79817116,0.8551822,0.90508664,0.8981854,0.9328485
1043,0.78182703,1.0072924,1.1055233,1.0203196,1.0087814,0.92084336,0.8292443,0.69369435,0.7336296,0.793677,0.82109964,0.8798749
1044,0.5865366,0.8437909,0.92040646,0.8708406,0.86942023,0.7672227,0.7126142,0.64073384,0.6565347,0.7522863,0.80490077,0.90274554
1045,0.4759004,0.7152124,0.776257,0.7357698,0.7412549,0.641872,0.63042533,0.6318682,0.64793754,0.79232883,0.85745394,0.971588
1046,1.3704594,1.1846943,1.0420132,0.9074517,0.9080054,0.82498,0.843087,0.92268157,0.9896555,1.1052036,1.1520641,1.1538935
1047,1.2996961,1.0819662,1.0127859,0.89967936,0.8712517,0.8411252,0.93174124,1.0266445,1.1375567,1.2142988,1.2157245,1.1360774
1048,1.0646855,0.9099641,0.93441874,0.8568142,0.8410597,0.8616525,1.0170814,1.10215,1.2231727,1.2584836,1.2103511,1.105969
1049,0.48727262,0.5885339,0.81108564,0.8637051,0.9078913,1.0287519,1.1592504,1.1767538,1.2698334,1.2405682,1.1261057,1.0052371
1050,0.34660158,0.5492409,0.7767741,0.89622104,0.9801199,1.1244912,1.1918626,1.1900042,1.2388504,1.1806619,1.0659657,0.93171984
1051,0.38005346,0.64047223,0.83289427,0.9779067,1.0970299,1.2120583,1.2166187,1.1905159,1.188336,1.0967722,0.9734434,0.8454489
1052,0.42653346,0.7430212,0.9170257,1.0695047,1.2010713,1.2654525,1.2111706,1.1594517,1.1046267,0.995965,0.85987604,0.7559612
1053,0.4554931,0.8135607,0.9885632,1.1314398,1.2408831,1.2516922,1.148503,1.0853863,0.987604,0.8890246,0.7448971,0.66891336
1054,0.43541068,0.7746537,0.9198008,1.035697,1.1318915,1.1268531,0.9979838,0.9494204,0.83496594,0.7455897,0.61844575,0.5506074
1055,0.5215013,0.80905235,0.9643708,1.0308408,1.0777678,1.0397301,0.9078225,0.8497572,0.7315711,0.6668314,0.53724015,0.48690253
1056,0.60603803,0.8221245,0.97760737,0.996782,1.0006822,0.9387169,0.82375383,0.7571975,0.6505254,0.6064663,0.47757542,0.43834585
1057,1.2080845,1.1531495,1.143343,1.0533416,0.99563515,0.8894076,0.78675574,0.7355348,0.63697386,0.5590495,0.4501642,0.38911676
1058,1.0311314,1.0131023,0.99160427,0.90927684,0.87607485,0.7408297,0.66640794,0.61138827,0.52160645,0.4712789,0.36863115,0.30244994
1059,1.0136408,0.96760345,0.9217643,0.8205908,0.7635227,0.63152623,0.5662812,0.5058088,0.43747666,0.39325994,0.31474265,0.24596897
1060,1.2303078,1.0500475,0.93358994,0.7769307,0.68240577,0.56552845,0.48995304,0.4280339,0.36616653,0.32347187,0.2821699,0.21181875
1061,1.0608898,0.9072942,0.7938171,0.6237534,0.5474787,0.45040935,0.38950762,0.32774788,0.29189754,0.2666782,0.24309015,0.19216102
1062,1.4332114,1.079388,0.8552503,0.6594135,0.53023523,0.46101868,0.3902139,0.32704094,0.27998525,0.25116315,0.24692899,0.219094
1063,1.0964321,0.8345275,0.6648214,0.47620195,0.39775077,0.35263065,0.30463377,0.25779358,0.2523305,0.2335417,0.2330271,0.21444167
1064,1.0361366,0.77550155,0.6062187,0.43387228,0.3630766,0.33413714,0.2936411,0.25747943,0.24625438,0.2394204,0.2225635,0.2192538
1065,1.5095631,1.0451195,0.71151775,0.53555346,0.43487066,0.3771522,0.35336116,0.33528262,0.2745204,0.25983706,0.22588666,0.24026448
1066,1.8001269,1.1774151,0.7139025,0.55949044,0.48623753,0.36073095,0.48495823,0.4738308,0.37507105,0.3019031,0.17812257,0.1680362
1067,1.087182,0.7376533,0.49538222,0.3688962,0.3391909,0.26278153,0.39928523,0.3709826,0.43684512,0.34446532,0.25350195,0.2944014
1068,0.74063945,0.5670241,0.40071708,0.3264467,0.32331946,0.275867,0.3824321,0.39013475,0.42813826,0.33731008,0.25084117,0.30680475
1069,0.40949708,0.38605362,0.2816331,0.2658686,0.2886593,0.27069008,0.34794074,0.389856,0.40623444,0.3197976,0.264004,0.33666816
1070,0.32567322,0.36850595,0.26274306,0.2776476,0.30072126,0.2891402,0.34028652,0.40380347,0.3947276,0.3349666,0.3150667,0.40126002
1071,0.29764497,0.38219097,0.26561975,0.29995292,0.3110178,0.30253452,0.33658445,0.41306844,0.40446335,0.37877363,0.39942393,0.49357432
1072,0.26819664,0.38134503,0.26068085,0.30746382,0.2969755,0.2985103,0.33155012,0.42069155,0.4332229,0.4537346,0.5165585,0.62074554
1073,1.3519815,1.1347638,0.77185225,0.7229322,0.5369945,0.48557705,0.454314,0.5604323,0.54078496,0.62309885,0.7040764,0.75400454
1074,0.6264668,0.6176989,0.4363207,0.50215364,0.36130935,0.38476163,0.487081,0.60014766,0.76134217,0.8156198,0.87319076,0.9263184
1075,1.035272,0.92958236,0.7161153,0.7925099,0.6142388,0.70608115,0.80310506,0.9673185,1.0383757,1.0795612,1.0946254,1.058654
1076,0.98514736,0.9458465,0.89911014,1.0355536,1.0434134,1.1969695,1.2666612,1.3814814,1.3082534,1.2310946,1.0776346,0.9672068
1077,0.45262688,0.7469547,0.8519595,1.0981098,1.1779915,1.2974536,1.2455016,1.298079,1.0784516,0.9832207,0.8724792,0.79632956
1078,0.10028337,0.5727538,0.70057577,0.97065806,1.0324606,1.094692,0.9437863,0.97955203,0.7307347,0.6953156,0.71145475,0.65325844
1079,0.03087078,0.5085509,0.619997,0.8130558,0.8437595,0.8590678,0.6554891,0.6756804,0.50662506,0.5084666,0.62502295,0.5950328
1080,0.085589945,0.4805035,0.57256997,0.66618204,0.68663925,0.6829125,0.48414004,0.47718662,0.42236638,0.4146049,0.587386,0.5937402
1081,0.059987396,0.37377363,0.4811585,0.51239973,0.5352418,0.5494159,0.40231574,0.37087202,0.41108942,0.39821297,0.6026188,0.644773
1082,0.060301904,0.29119763,0.39846465,0.39567924,0.40722924,0.4551803,0.38005495,0.35246256,0.45477974,0.4492151,0.6739149,0.73189807
1083,0.10849338,0.2556252,0.31761962,0.3207491,0.34618843,0.4248458,0.44583064,0.45983872,0.56061184,0.54712814,0.7544011,0.7863032
1084,0.1561229,0.24657062,0.2962547,0.32631677,0.35343027,0.45610005,0.5667531,0.6110817,0.7130327,0.7127129,0.8896779,0.90602696
1085,0.28126043,0.31551912,0.36848605,0.39812833,0.42257398,0.54012656,0.6900207,0.7454264,0.8374835,0.84766567,0.972404,0.96841085
1086,0.45335054,0.4263296,0.47782427,0.48811615,0.53645635,0.67473876,0.8216062,0.86248416,0.93415785,0.9503318,1.0052803,0.9769996
1087,0.5440376,0.4857279,0.5404334,0.5373763,0.6479263,0.7911401,0.9090349,0.90120596,0.9475882,0.9821807,0.9752152,0.9487686
1088,0.76002204,0.62920475,0.61054075,0.5961038,0.7580329,0.86722165,0.9498185,0.88127553,0.88400865,0.9170983,0.85074043,0.82428485
1089,0.73352,0.6598673,0.6382113,0.65647364,0.83945554,0.87607354,0.9320626,0.7858225,0.76873636,0.8274088,0.70006955,0.7101548
1090,1.1787974,0.9400301,0.8225437,0.7880855,0.8328112,0.85338926,0.8976242,0.7698135,0.6970794,0.69750834,0.59994686,0.6186434
1091,1.7780578,1.2808101,1.0263164,0.94682914,0.85424405,0.8960947,0.91583973,0.86068565,0.77732396,0.71236295,0.6296257,0.6501609
1092,1.2551965,1.0290247,0.95788914,0.7951572,0.8363964,0.8983939,0.78281724,0.72856796,0.69567084,0.6742063,0.6444756,0.6584859
1093,1.1470801,1.0213116,1.0261989,0.86018115,0.8792192,0.90997994,0.77145284,0.7098882,0.71859026,0.6623742,0.64655244,0.6512876
1094,0.5411201,0.65044945,0.73271996,0.64421725,0.6990125,0.7146496,0.5993015,0.57944447,0.6125983,0.5857171,0.62777364,0.64971256
1095,1.2865372,1.1127802,1.0517598,0.8649197,0.91717535,0.84011334,0.7785298,0.7056327,0.78992975,0.7751895,0.77949774,0.8522841
1096,0.84088266,0.86098903,0.86673474,0.7352998,0.7901916,0.6930541,0.7018392,0.64357114,0.7658018,0.7938068,0.81100774,0.92660683
1097,0.70681804,0.8011929,0.812257,0.7109824,0.73800623,0.60350853,0.67614466,0.6494023,0.7610347,0.83426785,0.845502,0.9873501
1098,0.85925263,0.917193,0.8878195,0.7817523,0.7767613,0.6387036,0.723135,0.72749126,0.8252814,0.9177811,0.93606055,1.0664549
1099,2.022462,1.4964635,1.1929054,1.057642,0.93234897,0.8002413,0.90914845,1.0086102,1.1040409,1.2410868,1.210979,1.2226453
1100,1.4687647,1.2620956,1.0613173,0.9711191,0.92285764,0.8789584,0.9806354,1.0731459,1.1865821,1.249637,1.2148496,1.1928856
1101,0.95894027,0.9799435,0.93985444,0.94415504,0.9723088,0.9856482,1.1046915,1.1853478,1.2741855,1.2480971,1.1937762,1.1676676
1102,1.7449265,1.3767993,1.1607838,1.1448902,1.1472013,1.1293731,1.3187705,1.3911235,1.4104284,1.308539,1.2496989,1.1386234
1103,1.1288075,1.0908896,1.0953597,1.1651071,1.2209841,1.2500864,1.3804599,1.3683131,1.3426548,1.1950108,1.1336225,1.0739619
1104,1.6116366,1.3761026,1.3142726,1.3525897,1.3673847,1.364048,1.486061,1.420316,1.3437716,1.1647661,1.1166373,1.0312049
1105,2.1173613,1.6764845,1.4884903,1.5219492,1.4870634,1.3832858,1.526603,1.4238122,1.2710279,1.1430764,1.027586,0.89576983
1106,1.8698907,1.5973686,1.5136068,1.5562549,1.503873,1.3802078,1.5034566,1.3537619,1.1647459,1.0239747,0.8715637,0.8101126
1107,2.2173858,1.8150842,1.571183,1.6080424,1.5532731,1.3458246,1.4655112,1.3324966,1.0983498,0.9712057,0.8095385,0.71912634
1108,2.029887,1.7774965,1.5823953,1.6179485,1.5155711,1.3315858,1.3802344,1.2734368,0.9945638,0.8735658,0.6969334,0.6518227
1109,1.9920421,1.8356838,1.6503155,1.6737993,1.4945217,1.3400075,1.2708617,1.2011096,0.8756218,0.76556444,0.5659437,0.55152106
1110,2.0590038,1.9482623,1.734283,1.7230053,1.4630781,1.3165569,1.1156942,1.066565,0.70237935,0.6198402,0.42960155,0.44341817
1111,1.7994521,1.7325672,1.5786695,1.5322498,1.2504776,1.1226592,0.9082489,0.83862305,0.5581639,0.4622171,0.34271958,0.38393965
1112,2.1985931,1.8802049,1.5416579,1.419476,1.1664908,0.9788363,0.7930778,0.7053629,0.44235402,0.38397425,0.34778705,0.37528107
1113,2.0982108,1.6722804,1.3014781,1.1574003,0.94458383,0.77843165,0.6665083,0.56748104,0.39430368,0.32602942,0.349667,0.3489654
1114,1.3173332,1.0305494,0.89379925,0.76763946,0.60726005,0.5364401,0.47346961,0.37463406,0.38152522,0.3250177,0.3315864,0.31951913
1115,1.1641954,0.86643714,0.7662957,0.623815,0.49969226,0.4533319,0.41392887,0.317586,0.34322613,0.34512764,0.33433282,0.33061457
1116,0.9091301,0.66764414,0.6236776,0.5096915,0.4251415,0.38393635,0.37730488,0.29277787,0.32779285,0.3471784,0.33249342,0.34902507
1117,0.8811836,0.6516049,0.60773885,0.49788806,0.43300802,0.37018123,0.37714416,0.30152053,0.3153332,0.34825546,0.33159164,0.36430204
1118,0.79456055,0.5938138,0.5615211,0.4643645,0.42674005,0.34705523,0.3707602,0.30571085,0.30837828,0.3413918,0.32544985,0.37137032
1119,1.2897959,0.9531162,0.7680995,0.6032219,0.5353309,0.37756503,0.38383502,0.3376113,0.28597802,0.33560276,0.31771302,0.35195842
1120,0.71993345,0.5321108,0.48056343,0.38567764,0.39035478,0.27780166,0.32587138,0.28144836,0.29289317,0.30659002,0.27854306,0.32655007
1121,0.7587074,0.575156,0.5081059,0.40715635,0.42470634,0.3179108,0.35407227,0.31182152,0.28420112,0.3099018,0.2913975,0.3461764
1122,0.73373526,0.5717243,0.49144512,0.39919016,0.42920393,0.32034433,0.34743983,0.32046333,0.2783422,0.30117202,0.2903085,0.34799427
1123,0.22552814,0.19953275,0.22397459,0.21783507,0.31483942,0.27359405,0.3163157,0.29124707,0.27234125,0.2824645,0.3002978,0.3913993
1124,0.07957815,0.10678631,0.14506243,0.16693057,0.28528324,0.26372135,0.30143547,0.2927317,0.25355536,0.29227823,0.37131807,0.4953815
1125,0.08587462,0.1334873,0.14550169,0.15875931,0.26927626,0.23149659,0.25347197,0.2847125,0.25231063,0.33135048,0.4860821,0.63542354
1126,0.08964558,0.15031746,0.16042845,0.14425862,0.23229733,0.18155026,0.18408424,0.26683939,0.28955886,0.42791957,0.6702298,0.82406235
1127,0.062289022,0.12558971,0.18805966,0.12814541,0.17825295,0.12953295,0.123017155,0.26932943,0.39039642,0.6190342,0.93983066,1.0610101
1128,0.12577765,0.15131325,0.24929807,0.15595861,0.14490229,0.10460388,0.1357643,0.37589964,0.5960614,0.89170206,1.2295002,1.29432
1129,0.18105125,0.16436094,0.22786161,0.17457852,0.13019551,0.10847542,0.27894625,0.62294626,0.9206153,1.1773617,1.4274033,1.4494933
1130,0.22822313,0.1781227,0.15474088,0.18754241,0.15356511,0.18297513,0.51187295,0.9180452,1.2325633,1.3428617,1.4648277,1.4434121
1131,0.32088742,0.24416205,0.16849263,0.26087552,0.25654235,0.3763272,0.76773965,1.1486473,1.4282156,1.3645335,1.3827502,1.3267156
1132,0.34155953,0.26611227,0.26287472,0.3849656,0.46958333,0.6975276,1.0330603,1.2641828,1.4481937,1.2439731,1.215131,1.1879473
1133,0.2942112,0.25178415,0.4467627,0.5933783,0.79589283,1.0728477,1.2544652,1.2600701,1.2897707,1.007015,1.0357587,1.0606848
1134,0.50397885,0.51125443,0.87428826,0.99228567,1.131234,1.2914888,1.3190147,1.2226439,1.1279788,0.88951087,1.0092251,1.0160155
1135,0.6450223,0.7211663,1.166228,1.2635255,1.3373091,1.3920913,1.3447313,1.2074496,1.1012967,0.9560107,1.0724324,1.0578938
1136,0.66991514,0.8386072,1.2665095,1.4004709,1.458145,1.4611546,1.3819591,1.211074,1.1122385,1.0150567,1.0926389,1.060824
1137,1.0492662,1.1343594,1.4140329,1.5004117,1.5130124,1.456325,1.4242038,1.2518005,1.17364,1.0838113,1.1206962,1.0856812
1138,1.2019783,1.1538626,1.3658383,1.4255582,1.3492982,1.3082781,1.3783747,1.2198305,1.1574302,1.0587423,1.0730294,1.0844059
1139,0.50813407,0.5811463,0.74646276,0.9334164,0.8516807,1.0072511,1.0992397,0.9898543,0.9598632,0.84372056,0.8898462,0.9607713
1140,0.39360315,0.5378273,0.711569,0.9262059,0.7848335,0.8956133,0.98328334,0.86898977,0.8589368,0.7772074,0.8855325,1.056293
1141,2.4307609,1.8042678,1.5238051,1.3607035,1.2478894,1.2329777,1.3508794,1.3242624,1.3676097,1.2899529,1.2924695,1.2392979
1142,1.6724837,1.4620318,1.334702,1.2194207,1.1534162,1.2588506,1.2739599,1.3129828,1.3101721,1.3235899,1.3740128,1.3191
1143,1.5970898,1.4210768,1.333616,1.2341851,1.2074763,1.2763883,1.3461436,1.4202464,1.3856802,1.39165,1.4301538,1.3597482
1144,1.1592777,1.1985233,1.1889906,1.157499,1.1829066,1.230178,1.3374633,1.4576721,1.3828746,1.4178243,1.451559,1.4018894
1145,1.0530282,1.1590587,1.1864579,1.1739407,1.2098103,1.2005059,1.3403751,1.4750705,1.4062748,1.4440265,1.4646785,1.4195402
1146,1.22519,1.2861286,1.2696831,1.2407619,1.2733921,1.2260461,1.3570613,1.4772482,1.4481876,1.4400241,1.4728156,1.4044211
1147,1.5081537,1.449184,1.3367927,1.3180118,1.330663,1.284428,1.3737193,1.4833591,1.4741893,1.3785155,1.4567239,1.340875
1148,1.6584742,1.5149008,1.3551078,1.3673996,1.3425924,1.3109313,1.3703424,1.4465117,1.4389861,1.2918223,1.4039376,1.2749604
1149,1.2876992,1.3236198,1.2931981,1.3481196,1.321468,1.3173224,1.3550463,1.3598702,1.3698559,1.2061747,1.3105227,1.228384
1150,1.448317,1.3802528,1.3685734,1.4034681,1.3582174,1.3616897,1.3828409,1.3243852,1.3410652,1.1631207,1.2871945,1.2055435
1151,1.7691364,1.529244,1.4589403,1.4654037,1.3759375,1.3690865,1.383337,1.2849565,1.2985528,1.148946,1.2759073,1.1775174
1152,1.4134254,1.356496,1.3998675,1.429466,1.3612422,1.3542519,1.3661145,1.2286093,1.2280983,1.0936508,1.1563702,1.0906909
1153,1.1312511,1.2002801,1.3248324,1.4027913,1.3348923,1.3346477,1.3428463,1.2051404,1.1882038,1.0784224,1.0815678,1.0029871
1154,1.76999,1.5196217,1.489135,1.4707655,1.3877263,1.3343837,1.3629234,1.2317008,1.1865131,1.0868851,1.0468374,0.91976243
1155,2.0853043,1.6677479,1.5268683,1.5092318,1.4081835,1.295837,1.3525591,1.2243935,1.1178399,1.0330651,0.9363625,0.7849298
1156,1.6883532,1.475216,1.4155474,1.4475526,1.3579174,1.2452612,1.2986735,1.1613022,1.0187051,0.8922646,0.7578192,0.674789
1157,1.4030671,1.3586402,1.3389132,1.4068846,1.2985518,1.1987314,1.1780641,1.0542762,0.90268433,0.74809146,0.60842645,0.54842556
1158,1.9921756,1.7135562,1.5388193,1.5113486,1.3796372,1.2423329,1.1138455,1.0025655,0.7843106,0.6412419,0.5250573,0.42402494
1159,2.2129717,1.9208585,1.5754888,1.5635818,1.3710874,1.1967437,0.9981418,0.960611,0.65438855,0.573498,0.46832556,0.35047358
1160,1.1478012,1.2568095,1.1877747,1.241288,1.0297785,0.94299054,0.7435543,0.71269166,0.50674105,0.40889347,0.336199,0.2976685
1161,2.2811978,1.8508767,1.4293132,1.3346101,1.1286621,0.9303773,0.7954521,0.7150986,0.4500705,0.36641684,0.3179943,0.24952382
1162,2.1872969,1.6672902,1.1913717,1.0975313,0.9424668,0.7361285,0.7386292,0.67025834,0.4358707,0.31015494,0.29108334,0.22178724
1163,1.449165,1.0911679,0.88171405,0.75875,0.6445107,0.5265341,0.55099607,0.45179468,0.43224478,0.31366986,0.30100626,0.2776885
1164,1.4887214,1.0717324,0.8673719,0.70349836,0.5962175,0.48549402,0.51570505,0.41560137,0.39390254,0.31806022,0.28378022,0.26781335
1165,0.5190836,0.3889744,0.42316285,0.3771609,0.3430548,0.31280637,0.35814232,0.2911193,0.34521347,0.30354744,0.2842357,0.30228993
1166,0.36732304,0.28446558,0.33888322,0.3213653,0.29973713,0.28344738,0.3364098,0.29034236,0.3075133,0.31770352,0.31857377,0.38148385
1167,0.22075656,0.18932872,0.25732255,0.27342784,0.26264727,0.24467327,0.3130663,0.28838423,0.30375382,0.32976234,0.36385077,0.45886326
1168,0.20937705,0.20103163,0.2432539,0.26697773,0.25317284,0.22331676,0.30015242,0.29888347,0.31856477,0.36040023,0.43036664,0.5465633
1169,0.17954972,0.1924275,0.21133333,0.2395736,0.22596087,0.18965487,0.28493607,0.30923697,0.35682005,0.41827554,0.520468,0.6532662
1170,0.22852644,0.24076104,0.22046794,0.23088619,0.21097283,0.17228195,0.2794737,0.3443613,0.42181474,0.50953925,0.64144105,0.7650184
1171,0.1925212,0.21088758,0.19241595,0.20150094,0.17720747,0.15555772,0.2885303,0.387294,0.5133704,0.62501806,0.7709434,0.86502093
1172,0.21224004,0.2210927,0.19328077,0.20727853,0.1713499,0.18344076,0.34089118,0.47803873,0.635815,0.73890126,0.88429344,0.9185219
1173,0.21357206,0.21952024,0.17873193,0.21962558,0.19269152,0.24481447,0.44440264,0.6016853,0.7811471,0.8366889,0.946846,0.93606687
1174,0.23186223,0.23608194,0.18027817,0.24923615,0.24822788,0.3445866,0.5804676,0.73049504,0.9113542,0.89398396,0.9580008,0.9287422
1175,0.31465828,0.3089911,0.2400699,0.31930476,0.3476968,0.48934054,0.7291871,0.8447304,1.001775,0.9017049,0.9254104,0.89688015
1176,0.309165,0.31009334,0.2990775,0.38534105,0.47078037,0.64339954,0.8569356,0.8906513,1.0126334,0.86257267,0.8746817,0.8854394
1177,0.50242543,0.45601016,0.45534906,0.52160645,0.6123169,0.8061267,0.9651272,0.93727195,0.99834263,0.78657746,0.830307,0.86219347
1178,0.42036164,0.41299048,0.5328624,0.6322439,0.75731564,0.9338245,1.0409751,0.9060417,0.9140723,0.7159902,0.79560745,0.89322555
1179,1.5477918,1.2144895,0.8207862,0.8323272,0.7032842,0.845124,0.99719137,0.9952001,0.8709942,0.6344546,0.8001522,0.9247641
1180,0.5509812,0.48809874,0.455104,0.5705644,0.5988553,0.827583,0.8514045,0.7160989,0.67588747,0.56527,0.65150917,0.8293924
1181,0.3276384,0.34438118,0.45123816,0.63855124,0.55289453,0.8145859,0.7826537,0.7109515,0.5980762,0.5200236,0.6427929,0.7130624
1182,0.24845439,0.32217592,0.5078317,0.6945536,0.5536546,0.7998736,0.7265622,0.68205947,0.5445124,0.51510763,0.66981864,0.7197023
1183,0.3992566,0.4799595,0.6870556,0.8303032,0.6279782,0.7789871,0.7018143,0.628834,0.53504956,0.56072116,0.7341326,0.83807033
1184,1.5590355,1.3311388,1.3620594,1.2801634,1.069709,1.0740042,0.9731477,0.807407,0.81466925,0.85218096,0.99726033,1.0980927
1185,0.6287199,0.7725093,0.93638307,0.97655886,0.77479064,0.79359895,0.75883204,0.6803262,0.74007344,0.83410597,1.0521989,1.2043436
1186,0.4725778,0.6252995,0.7885592,0.8002847,0.6552525,0.6613724,0.6956992,0.6744391,0.7733269,0.9100554,1.1960586,1.3690861
1187,0.836741,0.9047681,0.97464585,0.83432037,0.7563459,0.7716268,0.79198813,0.8212113,1.013713,1.2013493,1.4830496,1.5786555
1188,0.4891367,0.66382223,0.75759053,0.6272275,0.5879528,0.6577855,0.77618706,0.9081504,1.1664232,1.3795614,1.6358743,1.6724082
1189,0.7092256,0.79634047,0.7657282,0.6996946,0.7223556,0.84234023,1.0355768,1.206882,1.4656295,1.5903778,1.7152247,1.5975304
1190,0.65932107,0.76177853,0.78600407,0.84794277,0.86381984,1.0594712,1.3126872,1.475431,1.6774054,1.6659179,1.7271161,1.5097021
1191,0.61501014,0.7362883,0.85735226,1.0181811,1.0440212,1.2808863,1.5403583,1.636991,1.7321258,1.6119275,1.6444154,1.4065773
1192,1.4519346,1.1927686,1.2207451,1.2961906,1.317259,1.5895822,1.7884808,1.8124566,1.7905282,1.623115,1.6292245,1.3305303
1193,1.4437282,1.2324729,1.4057145,1.4278558,1.4456446,1.6932778,1.8626335,1.8156359,1.773062,1.6405818,1.594114,1.3779846
1194,1.5868229,1.3762815,1.5912473,1.5770993,1.5915492,1.7697657,1.9172404,1.805337,1.7590959,1.6181972,1.5370715,1.3650472
1195,0.8507604,1.1215339,1.502284,1.6600059,1.6361691,1.7615739,1.842843,1.6859603,1.6640968,1.5146182,1.3897406,1.3283142
1196,0.68283415,1.1133019,1.4801166,1.6897166,1.6495382,1.7233268,1.7081053,1.5481648,1.4964615,1.376367,1.2596287,1.2152009
1197,0.8937195,1.3032855,1.5873084,1.7256111,1.6683192,1.6490678,1.5700798,1.4084656,1.3316408,1.2432585,1.1123265,1.0786865
1198,0.9901247,1.38294,1.628186,1.7003628,1.6154828,1.537697,1.4242824,1.2656846,1.1931822,1.1172508,0.9620379,0.9517677
1199,1.2804594,1.54647,1.696775,1.6697677,1.5642362,1.430895,1.3088435,1.1530504,1.0884408,0.99429035,0.8149791,0.8241024
1200,1.5652171,1.6839669,1.7097211,1.5990685,1.4837564,1.3191222,1.1946919,1.0532079,0.9946934,0.87569666,0.6989573,0.71348405
1201,1.8040558,1.7606179,1.6503813,1.5006208,1.3922999,1.2433308,1.064487,0.98359984,0.89937675,0.7843555,0.6500596,0.6002614
1202,1.6901197,1.6656005,1.509547,1.3907356,1.2762164,1.1566684,0.9163936,0.88292557,0.7569326,0.6526433,0.5359817,0.41826385
1203,1.7100282,1.6236144,1.4295456,1.30082,1.1460226,1.0470645,0.7660227,0.7361299,0.5936669,0.48806104,0.41324615,0.2695817
1204,1.730626,1.5441796,1.3366003,1.163352,0.9727543,0.8823203,0.6250971,0.5697739,0.4502139,0.35202044,0.3323062,0.21629554
1205,1.2917229,1.1884384,1.0772151,0.8893989,0.72231305,0.6424319,0.47336078,0.40136456,0.34062165,0.26755664,0.256244,0.18347111
1206,1.6812804,1.3123178,1.0765263,0.8246653,0.6497744,0.5633411,0.42814338,0.33905265,0.2914196,0.23708318,0.24245606,0.21228755
1207,1.0591713,0.8255423,0.70993835,0.4947612,0.41007584,0.34674507,0.29587203,0.23279499,0.25658664,0.22732697,0.21999648,0.20339367
1208,0.867639,0.6781256,0.5983058,0.41102257,0.35486078,0.29531726,0.27878153,0.223893,0.2459932,0.24699037,0.20878588,0.21607594
1209,0.833888,0.6376284,0.54422295,0.37754932,0.33615637,0.26647702,0.2712129,0.24021026,0.24095932,0.259266,0.20325756,0.22495018
1210,1.3321316,0.94436586,0.6851593,0.5006949,0.42954203,0.320489,0.31273723,0.3095053,0.2413606,0.2699344,0.22211435,0.24910253
1211,1.6407673,1.1145679,0.6704525,0.5429338,0.47549003,0.30781078,0.41351843,0.43647355,0.2991832,0.2558827,0.19188307,0.21270987
1212,1.0995111,0.7561994,0.49070334,0.38839668,0.3412117,0.20896341,0.35096115,0.35058734,0.3603487,0.28531164,0.22080334,0.27153206
1213,0.60964584,0.4748882,0.34945613,0.28947693,0.28586808,0.22355475,0.32146323,0.33162668,0.36388952,0.30446005,0.23593965,0.28618616
1214,0.7633585,0.61668915,0.46109223,0.381352,0.36352587,0.30137405,0.3585438,0.3758111,0.35400116,0.3168092,0.25384694,0.30878228
1215,0.113638915,0.17302158,0.14989603,0.17729816,0.23000637,0.23807484,0.29684943,0.33074188,0.33979657,0.30350626,0.28888875,0.35974458
1216,0.051647082,0.15187216,0.12917143,0.175554,0.23850444,0.25906384,0.30106133,0.34295756,0.31914186,0.33564955,0.37605095,0.47317174
1217,0.003511399,0.1264733,0.10205676,0.15730533,0.20938079,0.22696646,0.27576107,0.33446765,0.33529156,0.403683,0.502525,0.6314646
1218,0.07419556,0.18442447,0.14039458,0.16727786,0.1804118,0.19078061,0.2432598,0.3345997,0.38926268,0.53573614,0.69609475,0.8404329
1219,0.13631073,0.21520476,0.18166034,0.17077179,0.13382025,0.1536178,0.22499222,0.3654456,0.51650053,0.7569547,0.9517474,1.0751562
1220,0.16866533,0.19555387,0.18424332,0.1721394,0.09848371,0.14719063,0.2799137,0.48657233,0.7417381,1.0393536,1.2094085,1.2732126
1221,0.24925292,0.19120392,0.1230472,0.1824431,0.120075375,0.23352496,0.47964978,0.76984036,1.0772486,1.2905037,1.3520316,1.3152995
1222,0.22821124,0.12233684,0.034324385,0.2353063,0.23918104,0.49149972,0.84353036,1.148844,1.4107696,1.4522022,1.3664454,1.2319748
1223,0.18281388,0.16199832,0.21166329,0.5093453,0.591824,1.0344888,1.2022331,1.3429637,1.4390079,1.4410161,1.3656517,1.1516242
1224,0.23694664,0.27833712,0.33063436,0.59664595,0.7060554,1.0683033,1.226964,1.2351553,1.2799436,1.2490844,1.2325692,1.0792649
1225,0.22725356,0.30517176,0.41376215,0.6676625,0.8509943,1.1698537,1.2902759,1.2030343,1.1880335,1.1950551,1.1563333,1.0560445
1226,0.2654962,0.36151713,0.5013522,0.7227715,0.94657826,1.1988144,1.2749894,1.1206831,1.074284,1.1146889,1.0573087,0.9935835
1227,0.51149005,0.49771512,0.5678102,0.68996054,0.821434,1.0145487,1.1403172,0.9979224,0.9535321,0.80221546,0.77595246,0.77926135
1228,0.61872303,0.6100472,0.7926325,0.91034114,1.0411495,1.1474545,1.1899744,0.9135995,0.8079041,0.7533311,0.73964727,0.7604685
1229,0.7170439,0.8077053,0.9750271,1.0612866,1.1297303,1.0920395,1.0705346,0.7824031,0.7129283,0.8050114,0.74604726,0.75898886
1230,0.6224899,0.8829048,0.91510063,1.0164831,1.0341827,0.8945419,0.8807534,0.70942026,0.69969743,0.8133905,0.7279253,0.7685646
1231,0.8608014,1.0663934,0.9404691,0.9815556,0.95465,0.78370285,0.7989745,0.7207242,0.7366326,0.7987423,0.73892206,0.7946116
1232,0.60279566,0.70576984,0.6556322,0.76367855,0.6897645,0.7127203,0.6847946,0.6020242,0.62404406,0.6316762,0.72129,0.8237919
1233,0.4977672,0.69921577,0.59570575,0.71974725,0.6377712,0.61130446,0.6246689,0.55774486,0.66564465,0.67917776,0.8053268,0.9507947
1234,0.7107223,0.91011417,0.6928148,0.7450566,0.74740946,0.62987465,0.68662614,0.63117385,0.80260336,0.8312799,0.92340994,1.0542564
1235,1.3380808,1.2663531,1.0367146,0.93764406,0.94836926,0.8978805,0.88893175,0.7849394,1.0181197,1.1308731,1.2304801,1.3434465
1236,0.8890761,1.0218104,0.7907481,0.7635427,0.83866465,0.7775548,0.8387961,0.8486347,1.0652723,1.1885284,1.2843592,1.3678981
1237,0.5522263,0.7457359,0.6469451,0.63442886,0.74405557,0.76433074,0.8523878,0.9496379,1.1729043,1.3259019,1.4766625,1.5376382
1238,1.2957658,1.1512514,0.9419428,0.8027382,0.9308694,0.9969891,1.0678601,1.2385371,1.4536922,1.6419978,1.7241343,1.6618981
1239,1.0809826,1.0357386,0.88823533,0.82596827,0.9453643,1.0903466,1.2104057,1.4520938,1.6229113,1.7677355,1.8110039,1.6844497
1240,1.0566819,1.0288197,0.9290486,0.9402441,1.0920568,1.2692121,1.4318136,1.6555204,1.7514302,1.7718095,1.7737358,1.6174736
1241,0.87093574,0.95700836,0.98011565,1.0725763,1.2551724,1.4633218,1.6417323,1.7954929,1.8273342,1.7306312,1.6938974,1.5356808
1242,0.53483975,0.8169589,1.0240396,1.2018572,1.3931127,1.6421325,1.7772962,1.8416803,1.8424284,1.6975145,1.6351258,1.4986078
1243,0.49997574,0.8846528,1.1595244,1.368902,1.54845,1.7688693,1.8037153,1.7861049,1.7306851,1.5818131,1.5346622,1.4056133
1244,0.6041239,1.0485365,1.3480315,1.5545799,1.6588507,1.7969986,1.7394658,1.6618235,1.572049,1.43653,1.4080929,1.3142126
1245,0.9046499,1.2981168,1.569154,1.7068902,1.7150122,1.7608397,1.6564015,1.5484998,1.4601096,1.3410753,1.3066796,1.243758
1246,1.0771751,1.4241686,1.6841571,1.7517502,1.6961745,1.6754727,1.561858,1.4286451,1.3641098,1.2642379,1.206654,1.1855742
1247,1.2975044,1.5568107,1.7780321,1.762744,1.6667212,1.5828655,1.4766101,1.3257015,1.284677,1.1913533,1.099507,1.1121039
1248,2.116408,1.9867257,1.9702523,1.7820772,1.6659106,1.5210773,1.4181898,1.2876437,1.2421213,1.1290895,1.040539,1.057476
1249,1.9174877,1.8215827,1.7728539,1.5857575,1.4998413,1.3552699,1.2461239,1.1701415,1.108916,1.0379474,0.9467212,0.9080337
1250,1.7105676,1.6857784,1.6059349,1.4641713,1.3840618,1.261922,1.1403358,1.1142359,1.0306257,0.9492589,0.8400104,0.73888254
1251,1.7190377,1.6769974,1.5252504,1.4173628,1.3226408,1.2197875,1.0511432,1.0324161,0.90548325,0.7812575,0.6696356,0.52793866
1252,1.5405673,1.5689255,1.4393141,1.340053,1.21137,1.1253358,0.9081132,0.8637954,0.720345,0.57624614,0.46728653,0.3270337
1253,1.5138676,1.5140183,1.4020722,1.2612296,1.0827637,1.0006819,0.76042366,0.68807244,0.55922496,0.41898477,0.33859044,0.21778947
1254,1.5003725,1.4100667,1.2943907,1.0866194,0.8783237,0.7811555,0.5657794,0.47687954,0.38397795,0.28696233,0.2586223,0.17065136
1255,1.5347463,1.3217944,1.1640792,0.9095689,0.7096988,0.6109117,0.434312,0.3455075,0.28497007,0.23099631,0.23642361,0.18266791
1256,1.6052049,1.2591016,1.033206,0.76067305,0.58703077,0.49592584,0.35674107,0.28026828,0.24535461,0.21375665,0.24009429,0.21407053
1257,1.332158,1.0040742,0.817036,0.55619216,0.4412281,0.36399817,0.28723848,0.22402412,0.23728542,0.22149804,0.23507087,0.22378053
1258,1.8166816,1.2364703,0.84705275,0.6050385,0.5032941,0.38562608,0.38600722,0.33699062,0.29273933,0.2515375,0.2156493,0.20346811
1259,1.2084669,0.8057509,0.5810467,0.38371313,0.33892053,0.23700432,0.31603935,0.27460787,0.33907127,0.2789899,0.23811361,0.26468816
1260,1.4882569,0.9915266,0.66835546,0.49162662,0.44223797,0.2890528,0.43530422,0.403291,0.36325812,0.2994327,0.21315251,0.25249535
1261,1.3358395,0.8905857,0.6201949,0.4549821,0.404651,0.24706359,0.4264631,0.38964623,0.38788325,0.29816854,0.21154004,0.26542822
1262,0.93611944,0.6671634,0.51482034,0.37938666,0.3407018,0.2335958,0.37225324,0.3442629,0.39062625,0.30564597,0.21611291,0.2722439
1263,0.39743912,0.32885146,0.30088833,0.24470359,0.25692934,0.22662796,0.3220988,0.31778345,0.363562,0.30443758,0.23824385,0.30219084
1264,0.18053365,0.20115697,0.20338726,0.2023583,0.24053879,0.24774447,0.3171138,0.33023426,0.3323144,0.30994543,0.28576854,0.3724057
1265,0.07242778,0.14455368,0.14865358,0.18191898,0.22950093,0.24376778,0.30411208,0.33234918,0.3192402,0.3313619,0.3560567,0.46525705
1266,0.08598942,0.17680797,0.15310566,0.18927349,0.22770698,0.23078968,0.28501862,0.33395422,0.3291783,0.3832503,0.45886382,0.58756936
1267,0.0834308,0.18463913,0.14603302,0.17236587,0.19518836,0.19008821,0.25134978,0.32738656,0.3672335,0.47508562,0.6006758,0.7433481
1268,0.14448076,0.22789492,0.18356054,0.17640671,0.16678403,0.16347846,0.2249908,0.34004557,0.44192094,0.60922784,0.77418995,0.8950686
1269,0.16273248,0.22335435,0.19796982,0.17433016,0.13480842,0.1536612,0.23429745,0.39174643,0.5705273,0.77624464,0.95032287,1.0208473
1270,0.16907799,0.20408437,0.18770233,0.18154252,0.12345792,0.18231851,0.30711213,0.49255493,0.729192,0.9101021,1.0549047,1.0694306
1271,0.23806298,0.24527983,0.18923604,0.22360495,0.15878779,0.2657751,0.45094657,0.65551555,0.91165817,1.0000062,1.0861466,1.0496504
1272,0.25022718,0.25696993,0.18114927,0.27534425,0.24191795,0.39447588,0.64706564,0.8233679,1.0687481,1.0501955,1.0631715,1.0147675
1273,0.25968874,0.2817037,0.2202045,0.36163363,0.39223528,0.5914477,0.8652384,0.95531774,1.1387345,1.023966,0.9867935,0.9528748
1274,0.28574908,0.32915193,0.32179213,0.49632183,0.614095,0.8418045,1.0852966,1.0352466,1.1119939,0.9288229,0.8792958,0.87495095
1275,1.483404,1.1164968,0.61584955,0.7077718,0.60220206,0.85496616,1.0525621,1.0257454,0.9521053,0.7066728,0.756379,0.7064524
1276,0.7019433,0.56296706,0.465925,0.5713376,0.6491763,0.8348431,0.92874527,0.71070284,0.7345407,0.6715462,0.61169314,0.73465264
1277,0.6184068,0.56268543,0.6076002,0.72362524,0.69193107,0.8915587,0.8574761,0.66123265,0.6238559,0.5920228,0.57700706,0.6137364
1278,0.52042174,0.67151,0.7339051,0.81480783,0.74863636,0.83141613,0.7011366,0.5408091,0.5182302,0.56271434,0.5419496,0.56011254
1279,1.7646004,1.418469,1.2507,1.1223887,0.9784453,1.0131334,0.9115314,0.7461407,0.72962046,0.6741197,0.66693294,0.7248244
1280,1.234928,1.1587747,1.0967956,0.94051796,0.8684272,0.87234163,0.7298878,0.6039158,0.6728606,0.63368475,0.65120494,0.6900172
1281,1.2286614,1.1914169,1.151748,0.98430693,0.87772703,0.8525197,0.7070806,0.59639394,0.7132665,0.65275323,0.6691263,0.7003002
1282,0.7985756,0.944043,0.9174289,0.79717374,0.73021394,0.695396,0.57015735,0.5080598,0.644341,0.58752644,0.6450647,0.68382514
1283,0.40945178,0.63614476,0.5980145,0.5263735,0.5257844,0.45280975,0.39644325,0.38152665,0.5175586,0.5128567,0.6199498,0.71710885
1284,0.34222358,0.5479237,0.47854084,0.43074828,0.44227767,0.33187035,0.3530067,0.36285517,0.48948547,0.5535753,0.67312133,0.83215183
1285,0.35023054,0.5184195,0.44111475,0.40222943,0.3916443,0.28339395,0.36052546,0.39669824,0.5219249,0.65059286,0.77825797,0.9715044
1286,1.309466,1.0933614,0.85825074,0.74674034,0.68271345,0.58733964,0.65011835,0.70288086,0.8443389,1.05698,1.1490237,1.3364891
1287,0.95034057,0.8513031,0.7411526,0.6887669,0.56692,0.5622304,0.74485636,0.8798626,1.0920925,1.3102258,1.3929762,1.4996336
1288,1.0546954,0.8642351,0.79689926,0.7702224,0.65300715,0.7554256,1.0100143,1.2072482,1.4178587,1.5667125,1.6153594,1.6001407
1289,0.5668476,0.56969863,0.71006304,0.78181404,0.74257696,0.94004565,1.2919887,1.4472694,1.6482073,1.7010801,1.648187,1.5843287
1290,0.46615273,0.55867416,0.7717336,0.9108043,0.98245794,1.2077333,1.540671,1.6203439,1.7384444,1.7106168,1.5946627,1.4894799
1291,1.7508435,1.2304199,1.2400875,1.3017327,1.3866023,1.6190073,1.8933378,1.9216919,1.8989638,1.7269442,1.6191589,1.3462768
1292,2.41679,1.676052,1.6621299,1.7305154,1.8065016,1.9711694,2.1302571,2.014769,1.9152328,1.7462655,1.5525535,1.2349688
1293,0.69188035,1.0741637,1.4389586,1.8157951,1.9874107,2.042775,2.0855792,1.8627067,1.6698854,1.4568617,1.1372056,1.0838857
1294,1.5161587,1.6780783,1.8877435,2.0927308,2.1762943,2.060103,2.0145233,1.6641982,1.4395431,1.1348236,0.865533,0.8104844
1295,2.1816766,2.1078722,2.1906292,2.1841958,2.163206,1.9154592,1.7763368,1.3642347,1.1775637,0.902087,0.69137704,0.63529277
1296,2.060964,2.055408,2.1288412,2.056016,1.9103106,1.630236,1.4229573,1.0834426,0.9393605,0.73147583,0.57438964,0.49116504
1297,2.1481159,2.0453537,2.0265903,1.8583214,1.641774,1.3791536,1.115565,0.8750975,0.7700479,0.61966395,0.52712125,0.4271007
1298,2.1237173,1.9456306,1.8483016,1.6349585,1.3772167,1.1729176,0.87190795,0.7196827,0.6338097,0.5325942,0.49997663,0.39308304
1299,1.3742341,1.4523078,1.4341841,1.2777158,1.0035936,0.8720649,0.6202656,0.5311748,0.45851982,0.37173218,0.35333088,0.25967306
1300,1.1134654,1.2042094,1.171377,1.0029149,0.7626165,0.64684755,0.4534968,0.38009554,0.3249666,0.26309928,0.2511077,0.19655345
1301,1.1407158,1.1089772,1.01551,0.8063121,0.6092211,0.48227936,0.3565716,0.2867458,0.2511907,0.22756088,0.21932311,0.20288384
1302,0.88674384,0.8425494,0.76764375,0.58042496,0.4451204,0.3302657,0.2697496,0.22008008,0.20768875,0.21840408,0.20975786,0.21755132
1303,0.60295314,0.5808928,0.55176044,0.41306382,0.32889727,0.23737547,0.22350813,0.18791409,0.18986562,0.22800261,0.21090949,0.2511148
1304,0.5838436,0.5223948,0.4918204,0.3681126,0.29851824,0.21471906,0.21740949,0.18625611,0.18932268,0.25042614,0.21671496,0.27690536
1305,1.5960693,1.1174369,0.77716094,0.5722245,0.44110543,0.33153,0.27515036,0.27229348,0.19336945,0.28938323,0.2539007,0.2562237
1306,1.058749,0.71648467,0.47838312,0.32875222,0.27212685,0.18221264,0.1944523,0.22011575,0.24085592,0.2848051,0.25021392,0.2540284
1307,0.4915415,0.37741905,0.2706924,0.21116519,0.21796004,0.16999465,0.20143913,0.23996627,0.26769462,0.3117133,0.25860584,0.2838279
1308,0.8190269,0.6163423,0.44595197,0.34679985,0.32516062,0.25759158,0.27112633,0.30480593,0.2717452,0.3259172,0.26231614,0.29309207
1309,0.18435563,0.19480498,0.15646443,0.16442207,0.20627469,0.18197475,0.22509299,0.2837965,0.27316293,0.29883388,0.25807893,0.3007403
1310,0.034924567,0.102003746,0.104552045,0.14447066,0.20361856,0.20504484,0.24271813,0.29626775,0.25674957,0.30628675,0.3000675,0.36883008
1311,0.021949977,0.09669923,0.11143254,0.15223351,0.2000827,0.20941357,0.24232432,0.2939796,0.26691458,0.3423674,0.37552744,0.46877864
1312,0.071676604,0.13508958,0.14818798,0.17119761,0.19188382,0.20922144,0.2367343,0.29132843,0.30535144,0.41626465,0.49477506,0.60779643
1313,0.09703892,0.15047477,0.17609064,0.17417002,0.16327846,0.19583882,0.22622664,0.29418793,0.3772432,0.53964365,0.6647604,0.78331715
1314,0.16427475,0.19393246,0.23285452,0.19586664,0.14334379,0.19702543,0.22980087,0.33429536,0.4954213,0.7161994,0.87078047,0.95567787
1315,0.18934444,0.19861051,0.241812,0.20934975,0.13069199,0.20931715,0.28850928,0.4500557,0.6849879,0.9205178,1.0575367,1.0912
1316,0.21017659,0.19538572,0.196392,0.22288695,0.14468117,0.2538779,0.4367422,0.65982616,0.9363713,1.0997195,1.1728785,1.1569327
1317,0.27386394,0.2306629,0.1614671,0.27983582,0.21973954,0.38538313,0.68615663,0.9368788,1.2056327,1.2197428,1.1974522,1.1290951
1318,0.2748321,0.23899293,0.17977725,0.39008737,0.40224826,0.6587979,1.006963,1.1846311,1.3790658,1.2584772,1.1363816,1.0462956
1319,0.20566002,0.2233085,0.29575902,0.58257896,0.7590322,1.1426439,1.3630775,1.3499646,1.3671389,1.2067193,1.0402925,0.9395284
1320,0.24386525,0.36126924,0.6727774,0.97875184,1.2545793,1.5886112,1.5287948,1.2991362,1.1631474,1.1782496,1.0686218,0.9244906
1321,0.4153043,0.5372184,0.8354345,1.0048052,1.254867,1.4100533,1.3429487,1.1213305,1.0575776,1.1724143,1.0941468,1.0555036
1322,0.411543,0.64210653,0.92241716,1.0569215,1.2627354,1.2901844,1.2111756,0.97740865,0.9482976,1.0908769,1.0174254,1.0280766
1323,2.0152073,1.4888761,1.1682351,1.0766525,1.0082204,1.0124108,1.0393119,1.0445689,0.9113413,0.91873777,0.93469346,0.9374815
1324,0.9675134,0.80712837,0.7333677,0.7052809,0.83173823,0.8594695,0.8436547,0.8091554,0.73668647,0.80311215,0.7686975,0.82072276
1325,0.4597131,0.5379456,0.5834858,0.6756558,0.72415227,0.74369496,0.7409661,0.78032935,0.70301914,0.7612518,0.7301675,0.76482546
1326,0.7414725,0.79775596,0.7692525,0.8011712,0.8664183,0.8057272,0.84569395,0.8694708,0.8064883,0.7980379,0.777549,0.8277445
1327,1.1527185,0.96234214,0.9375678,0.8837727,0.9428426,0.85414195,0.93705237,0.9031564,0.8721137,0.84355605,0.85468674,0.922986
1328,1.0318782,0.94156545,0.9667646,0.9058243,0.95705974,0.8502825,0.92794424,0.88673675,0.90301955,0.9038626,0.9440026,1.0263269
1329,1.0001476,0.9793609,0.99630934,0.93865347,0.97835386,0.8430945,0.92708874,0.90240866,0.9575528,0.96627295,1.0375366,1.1388482
1330,1.0482876,1.0860661,1.0527654,0.98841995,1.0164031,0.85832745,0.9415323,0.9637079,1.0500138,1.0602736,1.1631515,1.2638812
1331,1.2184607,1.2478161,1.1476591,1.0538921,1.0537562,0.9140779,0.9699495,1.0628712,1.1703694,1.186635,1.3242742,1.3663894
1332,1.1121107,1.1927685,1.1201072,1.0393429,0.977798,0.91953975,0.98240983,1.1280596,1.251691,1.24967,1.4106034,1.3813714
1333,1.0697311,1.1281034,1.1071594,1.0363756,0.9373369,0.9678177,1.050631,1.1912943,1.3235699,1.2927499,1.4463015,1.34542
1334,1.0217617,1.0325918,1.1067576,1.0592141,0.9626751,1.0843679,1.2055767,1.2986915,1.4539924,1.3730212,1.4992058,1.342904
1335,1.0700226,1.0233313,1.1715868,1.129117,1.054994,1.2240387,1.3666334,1.3880548,1.5468751,1.4343109,1.5246955,1.3339087
1336,0.7285547,0.8379473,1.1504838,1.158856,1.1084843,1.3230071,1.4736007,1.4174893,1.5956444,1.4761629,1.497907,1.3918426
1337,0.707905,0.8468319,1.1554875,1.1894268,1.1885306,1.3862574,1.5141047,1.429842,1.5537021,1.4470067,1.4439355,1.3351047
1338,0.81155753,0.9678546,1.2273452,1.2575805,1.3109848,1.4515672,1.540377,1.4363868,1.5027479,1.3975356,1.3536087,1.2443829
1339,1.4667333,1.3924065,1.4939914,1.4212689,1.5100652,1.5452398,1.5782982,1.4819891,1.4632595,1.3446926,1.2691809,1.0917554
1340,1.4099506,1.3700081,1.5148499,1.4258486,1.5008028,1.481901,1.5070964,1.4026687,1.3672317,1.2660471,1.1004248,0.93841654
1341,1.5049541,1.4625112,1.5957508,1.4783101,1.5011581,1.4461856,1.4352458,1.3283281,1.274235,1.1733068,0.97317004,0.8149216
1342,1.5680729,1.5256886,1.6101079,1.5083313,1.4968,1.4152548,1.3419416,1.225301,1.1343797,0.99836385,0.7859894,0.61771023
1343,1.6649071,1.606271,1.6160562,1.5350082,1.4999858,1.4011996,1.2224535,1.0890236,0.95441353,0.7717376,0.5726963,0.38110232
1344,1.6019785,1.5924963,1.5816133,1.4961987,1.4127903,1.3053342,1.0432712,0.9021218,0.7541212,0.5638597,0.38836473,0.19631806
1345,2.226905,1.9014856,1.6970079,1.5487257,1.3905631,1.2664148,0.88264567,0.7684323,0.61348706,0.43165728,0.36694902,0.16180336
1346,1.6820273,1.4995562,1.4061942,1.2229058,1.037008,0.9373392,0.64489347,0.53560877,0.43318897,0.29630616,0.28079158,0.14401972
1347,1.6535275,1.3982826,1.2626858,1.0256515,0.84007275,0.7422034,0.52370685,0.40714145,0.34106958,0.23045196,0.22625498,0.14583328
1348,1.5481311,1.2441264,1.0758123,0.8154773,0.6650917,0.571895,0.41585267,0.31652835,0.28223664,0.20466706,0.21149562,0.16359249
1349,1.4306583,1.0869298,0.89975303,0.6406666,0.53358036,0.44263214,0.34724334,0.26849616,0.25923687,0.21061876,0.21274066,0.18906988
1350,1.3521168,0.984122,0.78342384,0.53737473,0.46066308,0.36335975,0.31598094,0.2570321,0.25755352,0.22872442,0.21936661,0.21498163
1351,1.2585348,0.8976678,0.6984186,0.4728478,0.4170369,0.30923384,0.30153522,0.2601877,0.2633108,0.24624176,0.22428197,0.23531847
1352,1.2278168,0.8662158,0.65536684,0.44870093,0.40316752,0.28133965,0.30428877,0.27833712,0.27170944,0.26231652,0.22883469,0.2542104
1353,1.0765239,0.77058196,0.58522487,0.4137356,0.37708664,0.25456688,0.30279157,0.29149348,0.2828145,0.2734617,0.22885264,0.26231804
1354,1.0328215,0.7546615,0.5771645,0.4207518,0.3811633,0.26323485,0.31080315,0.30516922,0.28329465,0.28154546,0.23207083,0.26704246
1355,1.0680308,0.78925323,0.594743,0.44247666,0.39302003,0.27588788,0.3154745,0.31417188,0.27701655,0.28093252,0.23634738,0.2712512
1356,0.7362393,0.5752436,0.4623865,0.35519114,0.33409992,0.25626466,0.28829467,0.29025662,0.28011456,0.27870896,0.23333444,0.259402
1357,1.1407388,0.87570196,0.64548504,0.50477797,0.43837976,0.33180708,0.33594653,0.33931518,0.2588654,0.28440505,0.25703925,0.29373768
1358,0.3133688,0.29477167,0.25252157,0.22300702,0.24822594,0.22554748,0.24471961,0.26097518,0.2805538,0.2733979,0.24975987,0.28220013
1359,0.82420355,0.69790024,0.5319893,0.43894252,0.4175614,0.3525718,0.32186618,0.3353408,0.26988208,0.31641036,0.30741248,0.35176516
1360,0.3239177,0.34093198,0.2711382,0.25842994,0.29950213,0.28008482,0.2700873,0.29800418,0.29901582,0.3114854,0.33192998,0.38068494
1361,0.07966854,0.1685336,0.14480546,0.17620018,0.26089078,0.27233782,0.27532494,0.3025629,0.30699056,0.34529275,0.4277302,0.5184356
1362,0.04232576,0.14155893,0.12107462,0.15853019,0.23816134,0.2418014,0.26024365,0.30771667,0.32898116,0.42266417,0.5843218,0.7187329
1363,0.12193414,0.20199122,0.17217,0.17884184,0.2152125,0.20455667,0.23323572,0.3248254,0.40284866,0.58348876,0.82138026,0.97670114
1364,0.14527142,0.20438728,0.20836943,0.1827904,0.16121083,0.1585996,0.22889462,0.38617596,0.56610906,0.8665798,1.1301756,1.2683582
1365,0.18330017,0.2031158,0.21368371,0.20409603,0.13178432,0.15405333,0.32604766,0.5888099,0.8510599,1.2309113,1.40076,1.4737561
1366,0.26781422,0.20232339,0.091187716,0.22554487,0.2121534,0.3372209,0.67446125,1.0450509,1.2932762,1.5067468,1.4300786,1.3723395
1367,0.14015934,0.13115206,0.2079756,0.47851956,0.6891268,1.0187356,1.2558916,1.390271,1.3842771,1.3245565,1.2375978,1.1324021
1368,0.14275472,0.22337621,0.33377635,0.59533584,0.74349445,1.0514377,1.2243155,1.2494643,1.2269279,1.1533253,1.2596854,1.1425298
1369,0.291041,0.34716818,0.4632546,0.7038272,0.8547298,1.1572428,1.3315837,1.2791691,1.2396201,1.1646185,1.2175529,1.1093214
1370,0.30146492,0.37654322,0.5633787,0.8018246,1.0019537,1.2593181,1.3965038,1.2300959,1.1610668,1.1207558,1.1230823,1.0453087
1371,1.8212869,1.3633469,0.96579677,0.97320074,0.8882853,1.0317965,1.2077316,1.1096516,0.956545,0.8002331,0.87010384,0.8030754
1372,1.0849957,0.84189224,0.83894336,0.8301006,0.8785645,0.9329487,1.0545706,0.81570596,0.7880337,0.783483,0.6941906,0.78208977
1373,0.81694806,0.74232805,0.8152896,0.8274166,0.8084541,0.87737936,0.8750912,0.69542694,0.68184257,0.7250185,0.60729754,0.65133375
1374,0.5906221,0.68025833,0.7539914,0.77449125,0.73781604,0.783128,0.7274461,0.62065995,0.58426595,0.5936866,0.5434717,0.5831351
1375,0.37382698,0.55050004,0.5997003,0.66547143,0.61310846,0.636329,0.5870264,0.5516561,0.5029665,0.46341053,0.52423286,0.57982713
1376,0.22426532,0.43897486,0.4755873,0.56322557,0.5141094,0.49890125,0.46965396,0.45284683,0.45214707,0.4246015,0.56681323,0.66462445
1377,0.16701734,0.3816368,0.41232574,0.48640162,0.4612248,0.40196294,0.41279122,0.37875897,0.44462496,0.47725725,0.6587663,0.80769396
1378,0.18225645,0.36618084,0.40967244,0.4339579,0.4418636,0.3580453,0.41435105,0.37246296,0.4977693,0.62394214,0.81727135,1.0020106
1379,0.13533014,0.28198034,0.37239033,0.32270062,0.3630582,0.3005439,0.4064141,0.42147106,0.5953327,0.839257,1.0411079,1.2173313
1380,0.18413772,0.2968467,0.36609268,0.2643913,0.35195965,0.3184119,0.46840256,0.55348384,0.74931335,1.0333587,1.2223815,1.3380947
1381,0.22563677,0.3103478,0.32621753,0.25918943,0.38874537,0.39539146,0.6060681,0.7290585,0.91172445,1.1312727,1.3011913,1.3379843
1382,0.3269317,0.3392738,0.30152217,0.281839,0.4483056,0.5246379,0.7693207,0.89538324,1.0383233,1.1546639,1.316513,1.2832127
1383,0.309704,0.29194713,0.28028,0.30261815,0.4931907,0.6354082,0.88691074,0.9803646,1.0775311,1.1264645,1.2885989,1.2301517
1384,0.4366097,0.36271775,0.3448647,0.39624614,0.6099903,0.76334596,0.99681664,1.0367551,1.1088609,1.0912188,1.25677,1.1757929
1385,0.35298538,0.34763098,0.4081056,0.5422269,0.741957,0.8448765,1.0788085,1.0736794,1.1604121,1.0972261,1.2549864,1.1622252
1386,0.36786044,0.4355092,0.5395773,0.7441384,0.9057944,0.9621936,1.1700497,1.1530223,1.2567868,1.1429455,1.2819549,1.1564999
1387,1.6045989,1.1224769,0.9740413,0.98644024,0.99534667,1.1009614,1.2580559,1.3042467,1.3473668,1.2250531,1.3016285,1.1145729
1388,0.6399066,0.7109949,0.86690867,0.98865616,1.1210381,1.1604266,1.2456383,1.2730019,1.2322233,1.246176,1.2253333,1.2187414
1389,0.5810999,0.79173607,0.94322044,1.1399575,1.2308453,1.2523637,1.3112586,1.3561268,1.2477533,1.2103443,1.1418619,1.1083672
1390,0.55517304,0.89513427,1.0610299,1.2939091,1.3331413,1.2819338,1.2985274,1.3049252,1.1293993,1.0782956,0.97090685,0.9397792
1391,1.3987062,1.4083048,1.3775129,1.4561642,1.3885039,1.2631247,1.2725405,1.2406656,1.0420505,0.9405198,0.83300614,0.8077665
1392,1.329931,1.4179444,1.3884873,1.4299232,1.3440037,1.1638824,1.1264414,1.072149,0.8714504,0.82870114,0.69193304,0.67917573
1393,1.1205413,1.3363339,1.3146143,1.3429036,1.2416188,1.0613102,0.99404144,0.94209653,0.77526927,0.7389082,0.591555,0.594856
1394,0.9815524,1.2478023,1.2090762,1.207561,1.1039947,0.9535916,0.8604879,0.82295007,0.6923859,0.6529989,0.5115358,0.52742624
1395,0.97886765,1.2096088,1.136172,1.0862076,0.98707235,0.8584772,0.7499171,0.7170838,0.62116015,0.57632506,0.44774216,0.46685398
1396,1.01728,1.1764085,1.0810792,0.98740697,0.88640445,0.7718183,0.6556271,0.614174,0.5515647,0.5024565,0.39609087,0.4070661
1397,0.99774647,1.0932643,1.0030782,0.8859919,0.77987796,0.6826106,0.5634935,0.5067238,0.47448632,0.42453617,0.34957832,0.34578544
1398,1.041599,1.0415294,0.94659513,0.80447143,0.68815535,0.6033238,0.48737198,0.41393685,0.4026214,0.3574339,0.315669,0.2981774
1399,1.0590204,0.974126,0.8694737,0.7090641,0.5929436,0.52406347,0.41420847,0.33738437,0.3350085,0.30366218,0.29189518,0.2641217
1400,0.91254765,0.817114,0.71954215,0.5699052,0.475663,0.4306302,0.34036598,0.27714393,0.2776149,0.2574373,0.2660023,0.23937702
1401,0.74684644,0.6622805,0.5714034,0.44994998,0.3768979,0.35457832,0.28677815,0.2425162,0.23676094,0.22844198,0.24675384,0.23261677
1402,1.3817929,1.0018381,0.7412354,0.5718479,0.42858487,0.40398133,0.29662722,0.2733644,0.21364927,0.26534933,0.28775948,0.28002298
1403,0.5877967,0.4678623,0.3351638,0.25744042,0.21830918,0.23129356,0.17286532,0.21684234,0.20673044,0.23507443,0.26683885,0.23599575
1404,0.47265935,0.40015388,0.3008554,0.25189957,0.2325291,0.24595839,0.20134132,0.24533308,0.21215416,0.2619557,0.2719011,0.27419078
1405,1.187516,0.8498037,0.58217454,0.45874348,0.36295038,0.33396974,0.2614789,0.30229455,0.22495145,0.31455252,0.30231234,0.33037537
1406,0.49023652,0.39516968,0.2566199,0.2298845,0.21174958,0.20502393,0.1906249,0.2742778,0.27006328,0.30536222,0.30328417,0.31561753
1407,0.8632137,0.6755684,0.46769488,0.4002847,0.34534293,0.31255004,0.2789076,0.34338117,0.30317402,0.37365067,0.36912537,0.41413724
1408,0.4041447,0.37794808,0.27013946,0.28011754,0.2644834,0.25432497,0.27077344,0.34867114,0.37084627,0.40010428,0.42550915,0.47121513
1409,0.07892059,0.16000298,0.13669059,0.21121219,0.22764322,0.24317625,0.3045994,0.38303038,0.42393428,0.46391582,0.54383403,0.6301366
1410,0.10065222,0.17294475,0.17106341,0.25223583,0.24096704,0.2621711,0.35893506,0.44975114,0.5107776,0.6057528,0.7461202,0.8617932
1411,0.10390874,0.15806508,0.16207673,0.22319062,0.22704023,0.27902257,0.42541775,0.56669104,0.6677942,0.8438988,0.98614204,1.0976474
1412,0.15561788,0.1745631,0.12459726,0.1827564,0.3187793,0.41001165,0.57941794,0.7889634,0.85756767,1.0415282,1.0722773,1.1133838
1413,0.10721769,0.16570827,0.11805609,0.2104752,0.43661183,0.51351815,0.66401994,0.8203347,0.80715525,0.88824356,0.889007,0.8936913
1414,0.063562006,0.15892549,0.1807797,0.2399889,0.3630364,0.40311316,0.5477108,0.6058853,0.66612047,0.6876546,0.8078363,0.8499229
1415,0.13902362,0.19255948,0.23893595,0.24397331,0.23098364,0.25062656,0.38615012,0.40897852,0.54572403,0.5634277,0.6969913,0.7774434
1416,0.23648049,0.2462827,0.2846034,0.27822235,0.22699225,0.25696808,0.3817231,0.40708345,0.54644525,0.55688715,0.66055155,0.7195113
1417,0.31241983,0.29928535,0.32079452,0.32197183,0.28092852,0.3293751,0.4639818,0.5076639,0.6342093,0.6322361,0.704932,0.72522163
1418,0.37373036,0.35344154,0.36378026,0.37346947,0.36569184,0.4317817,0.5664265,0.61440575,0.7175499,0.7061691,0.7365491,0.7287383
1419,0.2441889,0.278181,0.31048506,0.33981267,0.3589124,0.40545714,0.4907186,0.5245301,0.5877293,0.6082165,0.6356165,0.6410274
1420,0.16030036,0.24521431,0.29727238,0.34779298,0.3958096,0.44291547,0.50969416,0.544675,0.5811764,0.6098432,0.63954425,0.646478
1421,0.44360375,0.4604352,0.4481575,0.46009517,0.48593932,0.5227796,0.56896824,0.61627376,0.6302453,0.6401584,0.64500165,0.64414895
1422,0.23341931,0.35302588,0.39046434,0.4476725,0.5386499,0.548901,0.58800685,0.60463893,0.6090708,0.64978373,0.63904023,0.6781398
1423,0.22449654,0.38468647,0.43250778,0.5140029,0.6057803,0.59912944,0.6266245,0.6367618,0.63104427,0.675632,0.66851914,0.71919346
1424,0.37654704,0.52217114,0.5336344,0.6164088,0.68355423,0.651137,0.67660207,0.6860526,0.68129325,0.72040147,0.7003046,0.7572035
1425,0.58133626,0.6714266,0.6251048,0.6985344,0.7362478,0.6921746,0.7183249,0.7286992,0.7316383,0.7579099,0.729048,0.7895028
1426,0.5949936,0.67703706,0.61237955,0.69751877,0.713665,0.69020677,0.705008,0.71575665,0.7407646,0.75453025,0.7560463,0.8277175
1427,0.5958409,0.6784496,0.6048289,0.6961355,0.6864283,0.6910833,0.69716525,0.6810105,0.7500653,0.7503036,0.8163425,0.9156525
1428,1.0942366,1.0166221,0.8826865,0.8686243,0.8874783,0.8696261,0.85862714,0.7682022,0.88240147,0.9175428,0.9892031,1.0914997
1429,0.8207591,0.9069802,0.8083949,0.825462,0.8742377,0.8610334,0.84988093,0.7846181,0.9293902,0.9990208,1.120299,1.2537208
1430,0.9531883,1.0024737,0.8939141,0.85216177,0.9378293,0.9247947,0.90964544,0.9018403,1.0645173,1.184815,1.3194833,1.4210443
1431,0.9765122,1.0374546,0.91114366,0.8530316,0.9578321,0.9636226,0.9636261,1.0056095,1.1871032,1.3251057,1.4305696,1.4755032
1432,0.8771926,0.9810855,0.87672704,0.83934575,0.95604545,1.0109885,1.0341628,1.1256387,1.3142377,1.4402497,1.5176458,1.521624
1433,0.90748113,1.0162196,0.91178966,0.8977465,1.0242298,1.1160346,1.1492579,1.2507775,1.4116876,1.5124516,1.5382954,1.5081929
1434,1.7917542,1.4631517,1.1747711,1.1027057,1.1561693,1.2802162,1.3205688,1.4667635,1.5372244,1.6779827,1.6280214,1.5264452
1435,1.7931179,1.4059078,1.1460404,1.1700374,1.2569729,1.4314218,1.5601978,1.6867859,1.6858144,1.6940967,1.6003442,1.4778334
1436,1.5596986,1.3717551,1.2347116,1.3261071,1.486733,1.6136074,1.7586352,1.7418342,1.6923689,1.5828071,1.4247004,1.3754855
1437,1.6742308,1.4959371,1.4423072,1.534621,1.6808565,1.7550961,1.886887,1.7648239,1.6636416,1.4581454,1.2777895,1.2335949
1438,2.261986,1.8284898,1.7034543,1.7169265,1.7883137,1.7720476,1.86088,1.6719317,1.5352489,1.3317993,1.1513911,1.0574875
1439,1.1549704,1.3095465,1.4643793,1.6179563,1.6381947,1.6244416,1.6120017,1.4239333,1.2757043,1.0822709,0.9089769,0.86016124
1440,1.2635292,1.4046382,1.5213957,1.6372573,1.6099546,1.5348446,1.4641957,1.2575707,1.1408122,0.9207314,0.7835305,0.7434355
1441,2.016532,1.8064377,1.7587621,1.6949217,1.6276488,1.4485373,1.3781514,1.1355855,1.0427315,0.8338642,0.71998954,0.6940334
1442,1.958367,1.7413538,1.682579,1.6032492,1.4879695,1.3031735,1.223218,1.012501,0.9178804,0.75352687,0.6620722,0.617494
1443,1.2138953,1.321092,1.3662858,1.3881053,1.2404202,1.1166689,1.0100402,0.86305064,0.77462435,0.6415,0.53875124,0.48247975
1444,2.3072052,1.8843436,1.5914693,1.4758296,1.3343116,1.141816,0.9797806,0.8720142,0.74092245,0.65922534,0.5802597,0.4614743
1445,1.1688738,1.241909,1.1915233,1.1999341,1.0178277,0.9400522,0.7652327,0.72418255,0.59919894,0.5216656,0.44477862,0.37424207
1446,1.1067119,1.1751156,1.1331422,1.1157799,0.92197835,0.8451561,0.6681265,0.60672,0.49195117,0.4098351,0.3287059,0.27950302
1447,1.0779366,1.0885394,1.0306125,0.9682546,0.78529304,0.6855802,0.54283094,0.47049785,0.38052535,0.32093006,0.26326036,0.23394349
1448,0.986936,0.945366,0.88422495,0.7907743,0.64272946,0.52968544,0.43951428,0.3714376,0.30733705,0.28066117,0.23493247,0.220669
1449,0.8723246,0.79585284,0.74503016,0.63646066,0.52776927,0.41431248,0.36948407,0.3078481,0.26677823,0.2698895,0.2249236,0.22502482
1450,0.8401747,0.6949283,0.6433107,0.51027167,0.43960667,0.3275066,0.31895614,0.26291895,0.24234699,0.2767313,0.22648992,0.23929146
1451,0.7311537,0.5832582,0.5479524,0.42524806,0.38055032,0.27919763,0.29082912,0.24397475,0.23344085,0.2803527,0.22570565,0.24607
1452,0.78915286,0.59831655,0.54265666,0.4097561,0.37167734,0.27367038,0.28463024,0.24313591,0.22873946,0.28978917,0.22851196,0.24764787
1453,0.716976,0.5342005,0.47631752,0.36113822,0.34002823,0.25349057,0.26853144,0.24376276,0.22378477,0.28746834,0.22515666,0.24326292
1454,0.65322787,0.4889897,0.43053377,0.33437937,0.3251366,0.25138995,0.26405004,0.250644,0.22181247,0.28724533,0.22668527,0.2464841
1455,0.369451,0.29647872,0.28539258,0.25210696,0.27716824,0.23668647,0.25623238,0.25739253,0.22492933,0.27958748,0.23698018,0.2760301
1456,0.1434442,0.13871054,0.17462051,0.1930383,0.24500534,0.23925747,0.2604534,0.26293865,0.22911349,0.2819486,0.27770275,0.35110885
1457,0.14078179,0.1354517,0.18284735,0.20323868,0.24302655,0.24745218,0.2612476,0.25815153,0.23033704,0.29534954,0.31915462,0.41349748
1458,0.13830386,0.1308513,0.18749182,0.20686068,0.23270631,0.24755473,0.2560215,0.2524586,0.25067276,0.32640225,0.38583297,0.50002015
1459,0.12173118,0.11714843,0.18953675,0.20399658,0.21319109,0.24106269,0.247124,0.24723724,0.27962068,0.37184665,0.46783724,0.5937332
1460,0.19019616,0.17319112,0.24814725,0.23625097,0.21444461,0.2518258,0.24449867,0.2596595,0.32718706,0.4469946,0.57531226,0.6895686
1461,0.24447341,0.2222321,0.300938,0.26644096,0.21879202,0.26750103,0.25561568,0.29992744,0.40741622,0.5526097,0.6980703,0.7840244
1462,0.26193738,0.2482425,0.32761896,0.2890985,0.23313184,0.29277965,0.2966292,0.37463057,0.5067713,0.6581944,0.7934201,0.847186
1463,0.35256028,0.33347005,0.3817756,0.34317136,0.2838239,0.35278925,0.37804013,0.49418873,0.62525284,0.7547252,0.8526472,0.871124
1464,0.396546,0.3846215,0.41025,0.38362247,0.3553001,0.42821163,0.4803655,0.618154,0.73355377,0.8296249,0.87470484,0.872282
1465,0.45890456,0.44427806,0.4546116,0.43790948,0.45960295,0.53075564,0.5882853,0.720199,0.79175377,0.8555347,0.85736537,0.84397125
1466,0.50167716,0.48385787,0.49719277,0.49700752,0.58607715,0.63695437,0.6815501,0.77869695,0.7928332,0.84346735,0.82113206,0.81200176
1467,0.3429876,0.41323245,0.47482863,0.5223652,0.7013591,0.70408744,0.7285857,0.77781504,0.75483584,0.8207929,0.79122746,0.8065212
1468,0.30929345,0.45503157,0.50800157,0.59831536,0.79015946,0.75341237,0.7668677,0.8125299,0.7885293,0.85335886,0.8211721,0.84310377
1469,0.62831247,0.6862547,0.66846144,0.740179,0.87444025,0.8286521,0.8431718,0.89545316,0.88410676,0.9142107,0.87488556,0.8795074
1470,0.6588311,0.7333592,0.69458747,0.77729577,0.8763602,0.8502554,0.86081314,0.894415,0.9203454,0.91628075,0.8989911,0.9209281
1471,0.5197924,0.65969867,0.63294655,0.7446487,0.80594444,0.81802785,0.8147201,0.81643057,0.8867216,0.8629961,0.9126259,0.9795548
1472,0.5646641,0.69648886,0.6794212,0.76709116,0.8101704,0.8424489,0.8283343,0.7706483,0.8872498,0.87460196,0.9866799,1.0965185
1473,0.39783436,0.5835281,0.61876017,0.68082,0.74777424,0.7999705,0.77780646,0.71106714,0.8601651,0.90638995,1.093044,1.2496393
1474,1.0583987,1.0730869,0.99416685,0.8928295,0.9947332,1.0524907,0.94892716,0.8830088,1.0774434,1.1790876,1.3507302,1.44292
1475,1.3630897,1.3071111,1.1245077,0.96120405,1.06735,1.1776304,1.0590187,1.098109,1.321583,1.4824849,1.6315359,1.622885
1476,1.8778889,1.4051136,1.1134028,0.9872542,1.0088967,1.1930317,1.2257066,1.4716997,1.6179911,1.7877183,1.848729,1.7301615
1477,1.3351051,1.1974778,0.9801706,1.0037553,1.0865321,1.2754693,1.3786467,1.6504872,1.6832011,1.7654221,1.8030317,1.7367144
1478,0.7568823,0.9255974,0.88022125,1.1148977,1.2586527,1.4300485,1.5914059,1.8151228,1.749639,1.6849753,1.6771921,1.6114746
1479,1.069657,1.094971,1.1120114,1.3443902,1.4784665,1.6417109,1.8156239,1.9185796,1.7736951,1.5719743,1.5548944,1.4454259
1480,0.643983,0.92385876,1.1573899,1.4843124,1.5714967,1.7228351,1.803569,1.7910621,1.6549973,1.463493,1.442264,1.3544058
1481,0.42604423,0.82968843,1.190691,1.5428749,1.5644629,1.7103261,1.6772746,1.598016,1.5093718,1.3736855,1.3904722,1.3191596
1482,0.5672778,0.943725,1.2833118,1.5385473,1.5450281,1.6368139,1.5239637,1.4210279,1.3689277,1.2916056,1.3326527,1.2674098
1483,0.99494594,1.2509503,1.4805439,1.582057,1.547794,1.5642077,1.4220759,1.3421025,1.3332845,1.269408,1.298456,1.2193146
1484,1.142879,1.3588829,1.536922,1.5481564,1.4697568,1.4379225,1.3234962,1.254852,1.2806492,1.2197267,1.2224687,1.1695883
1485,1.9047415,1.7618564,1.7138126,1.5585985,1.4715798,1.3794688,1.3098475,1.2453909,1.286969,1.2158737,1.2007941,1.1453438
1486,2.1616275,1.799724,1.6517668,1.4554375,1.357136,1.2649547,1.2062656,1.2116063,1.2311728,1.2235045,1.201271,1.0682883
1487,2.3083336,1.7627202,1.5102785,1.3856747,1.3481905,1.2722353,1.2197446,1.2823124,1.2503397,1.2171673,1.1667194,0.8862581
1488,2.6582477,1.9193199,1.4885933,1.4374297,1.5796049,1.3620807,1.3795661,1.3236043,1.2095182,1.144888,0.8980795,0.5421363
1489,1.9479145,1.7300141,1.5348103,1.4713187,1.5085064,1.405917,1.3543568,1.2451248,1.0799525,0.9786786,0.7369038,0.5755569
1490,1.7224793,1.6114141,1.5370488,1.4931804,1.4144578,1.3520094,1.2796906,1.1347752,0.9748888,0.7529098,0.55421305,0.4352684
1491,2.434769,1.990208,1.7451453,1.5763795,1.4497137,1.3226142,1.2007093,1.0476772,0.8741245,0.69942176,0.532799,0.36621922
1492,1.3424245,1.3741043,1.3583429,1.298392,1.0848625,1.0328164,0.84562486,0.7478826,0.62060595,0.45737964,0.40478402,0.31308168
1493,2.0614378,1.7431813,1.5472422,1.3343804,1.106904,0.99172044,0.798902,0.6583618,0.5314225,0.37232625,0.32966492,0.26871094
1494,2.5041456,1.9551178,1.4659014,1.2744579,1.0752631,0.8801356,0.77617323,0.6955226,0.49996763,0.38194674,0.30294767,0.16331924
1495,2.3201172,1.7250093,1.2464807,1.0430058,0.90303445,0.7124929,0.7558927,0.68235683,0.50414157,0.361183,0.28160074,0.16221984
1496,2.1210399,1.5113246,1.1031778,0.89506596,0.78810906,0.6068935,0.7536121,0.6494624,0.5299407,0.37156746,0.2772142,0.19821265
1497,1.3719343,0.99345493,0.8374103,0.6588643,0.575946,0.47130668,0.5854373,0.46655774,0.5219897,0.36745682,0.2934741,0.26116455
1498,1.6072396,1.1182991,0.89448947,0.67826277,0.59814143,0.4651326,0.5700527,0.4640958,0.47039375,0.3598488,0.2606111,0.25560933
1499,0.63676816,0.4626196,0.46657187,0.37919256,0.35513377,0.30460593,0.3892271,0.32709116,0.41772544,0.32727516,0.27545053,0.2971948
1500,0.33844686,0.27476785,0.30132657,0.28219718,0.28711027,0.26742354,0.34079984,0.3204319,0.36417672,0.33211982,0.31806156,0.39451587
1501,0.17070572,0.18451796,0.2096209,0.23858243,0.2575565,0.24229184,0.31771708,0.32613644,0.3547868,0.35061336,0.38605714,0.50201994
1502,0.1157798,0.1871757,0.17039183,0.21872091,0.24449289,0.2166297,0.30226582,0.34759995,0.37436357,0.39970058,0.4853933,0.63509333
1503,0.12035723,0.21181579,0.15689085,0.19531403,0.21736583,0.17090502,0.27601486,0.3601188,0.41759887,0.49355817,0.6226369,0.789053
1504,0.16830768,0.24146646,0.17202413,0.18542437,0.19492093,0.13914424,0.2669573,0.3883306,0.49230894,0.61249125,0.7679244,0.9125897
1505,0.1407907,0.20084232,0.14616576,0.1614006,0.16807012,0.12668964,0.2961057,0.4525976,0.6053641,0.7462667,0.90811,1.0077379
1506,0.17147605,0.20398486,0.14096397,0.17771256,0.17785558,0.17398211,0.38811374,0.57649475,0.7536731,0.85648084,1.0016434,1.0314794
1507,0.16887742,0.18584426,0.117100865,0.20126404,0.21496423,0.26372796,0.538724,0.7210601,0.91166675,0.9342811,1.0308589,1.0191972
1508,0.2137205,0.22043209,0.1336327,0.25813156,0.29814994,0.40871376,0.7242808,0.8745807,1.048834,0.96987665,1.0144368,0.98458946
1509,0.2793765,0.28654438,0.20125607,0.34788254,0.42933798,0.5960384,0.91272616,0.9902754,1.1215999,0.9502498,0.95000577,0.9323156
1510,0.27462724,0.30090296,0.28235018,0.44097897,0.5838886,0.77559465,1.0541667,1.0140662,1.0897346,0.8705888,0.8564007,0.87936354
1511,0.307885,0.34195265,0.41871503,0.56780255,0.7379826,0.9123005,1.1205304,0.9727452,0.991984,0.76027465,0.7753892,0.8237657
1512,0.3784517,0.41871098,0.6073477,0.7291748,0.8685447,0.98723,1.125033,0.90308696,0.8726282,0.6768497,0.7459413,0.81915444
1513,0.43469548,0.5061412,0.77166015,0.8777815,0.9492356,1.0086416,1.0996343,0.8543592,0.79004085,0.65760434,0.7782297,0.87881035
1514,0.64992857,0.7015712,0.9035268,0.98640096,0.99347407,1.0096083,1.0931872,0.87411445,0.79957116,0.6966964,0.84182966,0.94895166
1515,0.71280205,0.7754172,0.936377,1.0289341,1.0146052,1.0095901,1.0958363,0.883525,0.8299508,0.76221764,0.88380885,0.99031436
1516,1.0173484,0.9696003,1.0361991,1.086742,0.9948264,0.97379804,1.0817369,0.91585076,0.8753617,0.83641434,0.92919636,1.0165863
1517,0.92000914,0.8712966,0.961516,1.0358862,0.88602924,0.91609794,1.0021042,0.86539584,0.8500434,0.8341551,0.91762197,1.0151877
1518,0.7859706,0.79087067,0.90228385,1.0207634,0.8103512,0.866423,0.9288278,0.80963486,0.8320991,0.83042836,0.9441973,1.0834725
1519,0.66274047,0.7505754,0.85274476,0.998856,0.76917976,0.7998379,0.875541,0.75717777,0.82797456,0.8460268,1.0024835,1.2071009
1520,0.6249705,0.7645638,0.8322895,0.9355611,0.75511104,0.7546996,0.838118,0.7247414,0.8471236,0.9076581,1.1065073,1.3520416
1521,0.6165777,0.7988441,0.82015526,0.83105487,0.7483821,0.7467996,0.8034431,0.7269448,0.8986615,1.0135243,1.2420486,1.4651186
1522,0.5019667,0.7409467,0.75462145,0.7006479,0.70398766,0.7174974,0.7728146,0.7762411,0.97701097,1.1372696,1.3986355,1.5886889
1523,0.478064,0.7441062,0.7071935,0.6562726,0.7410375,0.7400428,0.8285969,0.8902878,1.093413,1.2486039,1.4991151,1.6112939
1524,0.40352678,0.5839353,0.5293129,0.50222766,0.689543,0.6695426,0.80518514,0.90080655,1.1359175,1.3203433,1.5036595,1.5271282
1525,0.57886124,0.64969295,0.5506927,0.57524616,0.784691,0.7857033,0.9719032,1.096275,1.3362828,1.4549028,1.5758233,1.4904951
1526,0.5538551,0.6182321,0.569494,0.67841786,0.8713625,0.90930545,1.1455363,1.2687042,1.4737297,1.5216895,1.6020192,1.4463127
1527,0.6270459,0.65760016,0.6648136,0.8269003,1.0057404,1.0955338,1.3381739,1.4425621,1.5889219,1.5802317,1.613476,1.4026095
1528,0.5825142,0.6629857,0.7742291,0.98753965,1.1620475,1.2972411,1.5169855,1.5726421,1.633128,1.58779,1.609837,1.3825184
1529,0.76009303,0.85967976,1.0131096,1.2357161,1.3956978,1.5435872,1.6938952,1.689079,1.6679114,1.5820979,1.5915595,1.3508084
1530,1.7531186,1.4725089,1.4528983,1.5068147,1.6156653,1.7352891,1.8416221,1.822787,1.7221365,1.6071568,1.5801153,1.3491343
1531,1.588464,1.4237825,1.5171542,1.5142577,1.6221551,1.6841774,1.7707063,1.7719219,1.6188234,1.578399,1.4862729,1.3127081
1532,2.0958397,1.7133183,1.596262,1.5413879,1.6555645,1.6680695,1.6791775,1.7199125,1.5323721,1.4740661,1.3687716,1.1431761
1533,1.3274295,1.4139599,1.4976065,1.5679492,1.6765975,1.6077061,1.619617,1.5139077,1.3408409,1.2377342,1.0133823,0.8892283
1534,1.3622506,1.4961927,1.5892057,1.6639178,1.6714032,1.5515597,1.5407757,1.3515344,1.195248,1.0388309,0.78951454,0.68907404
1535,1.8558702,1.7651875,1.7350569,1.6909003,1.654254,1.4848521,1.4190344,1.18506,1.0467143,0.86604,0.65335715,0.5628966
1536,2.22885,1.8998342,1.7242987,1.6417468,1.6016223,1.4387081,1.2839077,1.0756106,0.9573871,0.77449524,0.6472696,0.5252398
1537,1.823208,1.6826714,1.5858018,1.5190513,1.4251155,1.3122429,1.1342894,0.9654007,0.83898056,0.6570256,0.5434317,0.4533255
1538,1.9958761,1.769052,1.6043053,1.4898089,1.3277676,1.2298242,1.0003986,0.88040435,0.7354971,0.5636041,0.4767913,0.39228043
1539,1.2090304,1.3180428,1.3030434,1.2389024,1.0144283,0.96751535,0.71521837,0.6424407,0.52361006,0.38612372,0.3190074,0.25412357
1540,1.3237466,1.3225102,1.2564485,1.117309,0.87603927,0.7934727,0.5818185,0.48395514,0.39838198,0.27909654,0.23116481,0.19934338
1541,1.4243758,1.2577136,1.1261826,0.9145126,0.7058868,0.59908366,0.44214082,0.34693703,0.2881531,0.22075054,0.20749168,0.18768966
1542,1.0316231,0.9063191,0.8221236,0.6306722,0.49549174,0.39273953,0.31881192,0.25144646,0.23071904,0.20933254,0.19444291,0.18345624
1543,0.8636962,0.723271,0.66191775,0.48161653,0.39403272,0.2943763,0.27284932,0.21573997,0.21147594,0.23199485,0.19705984,0.20635298
1544,0.78803766,0.6270053,0.5721735,0.40775076,0.34816277,0.2485788,0.25578654,0.21423626,0.20716774,0.25233707,0.20267111,0.22225803
1545,1.6662276,1.1483778,0.7915906,0.5919266,0.4916526,0.34725198,0.33621523,0.3226228,0.21862847,0.26436052,0.22563611,0.2190007
1546,0.7833193,0.54422677,0.40129182,0.29120034,0.27091053,0.16046637,0.2216192,0.23188023,0.26449388,0.2719732,0.22386792,0.23983118
1547,0.7652561,0.5623517,0.43598825,0.32841128,0.3181014,0.23026013,0.2796839,0.28617164,0.27333903,0.30253124,0.23829181,0.26394364
1548,1.0331956,0.74930006,0.5519898,0.41783798,0.37954384,0.26993623,0.3090002,0.32311037,0.269795,0.29914504,0.23882774,0.26516134
1549,0.72102785,0.5499446,0.41677257,0.32562304,0.31499475,0.22768363,0.27170715,0.2996918,0.27351278,0.28801343,0.23019917,0.2533787
1550,0.4850794,0.41004696,0.3334608,0.28033495,0.29838294,0.2426942,0.27467662,0.3042422,0.27176526,0.29635346,0.24476802,0.27343595
1551,0.7461108,0.6101352,0.47338668,0.388928,0.3791659,0.30397862,0.30461577,0.33307764,0.26608047,0.31343275,0.26750934,0.2953109
1552,0.09835415,0.14814799,0.1443961,0.16878068,0.23362459,0.2241066,0.2557661,0.29519242,0.276589,0.29907417,0.2875496,0.33964488
1553,0.028112136,0.103822716,0.12263021,0.16049632,0.23568402,0.24326876,0.26980263,0.30304134,0.26608437,0.32690722,0.3639391,0.4481763
1554,-0.006117426,0.07659269,0.107122615,0.14585693,0.20863324,0.22027287,0.2522518,0.29291537,0.28701836,0.38501284,0.4801154,0.59851766
1555,0.09130042,0.15034206,0.1707438,0.17291379,0.19272004,0.20345837,0.22751658,0.29163104,0.3436625,0.5053636,0.6633134,0.7935943
1556,0.108185254,0.15162207,0.20147164,0.17288351,0.14679779,0.17177479,0.21059579,0.31252313,0.4663414,0.71033293,0.90881586,1.0203413
1557,0.16951329,0.1769302,0.23584071,0.19843173,0.12765451,0.17559168,0.2532124,0.41745675,0.65676165,0.9350984,1.1205293,1.1689916
1558,0.16301653,0.17187601,0.19923207,0.2163867,0.15932594,0.24616611,0.3918087,0.561123,0.8075048,0.9567057,1.0777907,1.0651386
1559,0.1384665,0.18141836,0.2266783,0.2605343,0.23266642,0.33501396,0.49161917,0.5941765,0.7704145,0.8207725,0.91813767,0.894194
1560,0.28449404,0.29197282,0.3114099,0.3346042,0.30615276,0.41828185,0.57558334,0.67127,0.80242157,0.80230474,0.871606,0.8269278
1561,0.3391887,0.34206414,0.3564393,0.3830524,0.40026468,0.51249975,0.672503,0.743798,0.8347924,0.81229854,0.82652473,0.7843606
1562,0.37720543,0.39423287,0.40749714,0.43747297,0.5166752,0.62253964,0.7600839,0.79019755,0.8250456,0.796026,0.76297486,0.7360796
1563,1.3268319,0.9877842,0.5545993,0.5639402,0.4514265,0.5628328,0.70142895,0.81573,0.7269405,0.63294184,0.6050177,0.56457233
1564,1.201617,0.8604001,0.45307285,0.48690337,0.4094217,0.51749647,0.670306,0.7031622,0.624832,0.5235386,0.49670786,0.5862577
1565,0.7136582,0.5379796,0.36717522,0.4154826,0.42798185,0.56692463,0.62504596,0.61989856,0.5673522,0.47226796,0.4828406,0.5730568
1566,0.56425,0.4506175,0.40734348,0.46893618,0.4634316,0.61091024,0.6239037,0.6334404,0.5429385,0.42638847,0.473351,0.5120217
1567,0.2797339,0.29599816,0.36200202,0.44032425,0.4490401,0.561166,0.5455954,0.56671697,0.47916993,0.3949784,0.4863762,0.51279366
1568,0.2920282,0.3324202,0.4139698,0.48344624,0.48352563,0.49753356,0.5143362,0.51401496,0.47235107,0.42273498,0.53919506,0.61293256
1569,0.21684575,0.29878628,0.38159466,0.4491277,0.4533646,0.37847877,0.44798625,0.42741966,0.44683355,0.45771205,0.6011313,0.7499367
1570,0.34033957,0.40273365,0.44761828,0.46602023,0.49104637,0.34737512,0.46189654,0.42006332,0.49893656,0.5830178,0.72633564,0.93010056
1571,0.35668474,0.41336688,0.45958105,0.40559393,0.44770205,0.3069676,0.45282486,0.45501745,0.5925582,0.771922,0.9236982,1.1296636
1572,0.34263057,0.38366425,0.4387659,0.313722,0.38292766,0.30028877,0.47107494,0.5602448,0.7478297,0.9948534,1.1544861,1.2962075
1573,0.36578608,0.38004786,0.40831104,0.3026433,0.4060797,0.39080316,0.6016651,0.74760664,0.95183396,1.1584524,1.3079926,1.3391821
1574,0.44147986,0.4035452,0.40556633,0.37120277,0.49693984,0.5549749,0.7960973,0.9400227,1.1153969,1.2071314,1.3450229,1.2769316
1575,0.473786,0.39898852,0.43259904,0.44688803,0.5715399,0.69683444,0.93612635,1.0400019,1.164472,1.1785785,1.316681,1.2190578
1576,0.47813445,0.4016387,0.4750313,0.5204389,0.6358864,0.79640704,1.0122578,1.0774395,1.1514633,1.1361536,1.2766454,1.189373
1577,0.46432203,0.42783928,0.54360425,0.6308552,0.7330577,0.88464946,1.0694394,1.0990331,1.1423795,1.1067342,1.2430427,1.1648282
1578,0.64355594,0.62127346,0.7450839,0.8547141,0.92549634,1.0427934,1.1746328,1.1663146,1.1977745,1.1176814,1.2248294,1.1417782
1579,1.666603,1.205154,1.1028998,1.0618196,1.0612139,1.1704532,1.271212,1.2936697,1.2611895,1.1803954,1.2404727,1.14856
1580,1.7032089,1.2254733,1.1102065,1.0528278,1.0875568,1.1734301,1.2393959,1.3270242,1.2257031,1.2675388,1.2230967,1.126502
1581,1.8538092,1.3689227,1.200186,1.1917316,1.2881314,1.3186829,1.3685238,1.410022,1.2587074,1.2409608,1.0892535,0.9413003
1582,0.8178991,0.9995107,1.0780069,1.2958357,1.437991,1.4082042,1.4173113,1.341214,1.1411712,1.0507419,0.78727305,0.7781225
1583,1.3340011,1.3702264,1.3967941,1.565989,1.5798552,1.4951917,1.5049036,1.3323531,1.1095351,0.88146985,0.6273345,0.61763144
1584,1.650587,1.6130356,1.6288431,1.6959988,1.6353781,1.4927839,1.4370987,1.1972082,0.9804388,0.7304604,0.5113766,0.5035063
1585,1.6060215,1.6416416,1.6809754,1.6772696,1.5385609,1.3665212,1.2327913,0.995221,0.8210131,0.5878346,0.4204694,0.39581516
1586,1.6564077,1.6756831,1.6828868,1.5771862,1.3757681,1.1934988,0.98641,0.7831771,0.6557624,0.4470533,0.3438284,0.29021043
1587,1.6317091,1.5989963,1.564311,1.3917576,1.1556443,0.981185,0.76146567,0.6044014,0.5211274,0.37436944,0.3266005,0.26068333
1588,1.1707169,1.2578964,1.2524855,1.0947058,0.8675091,0.72602147,0.54030323,0.43237242,0.38614303,0.29601246,0.26947168,0.20369837
1589,1.0274067,1.080686,1.0491503,0.87284166,0.6719395,0.5457995,0.40410113,0.31282425,0.29024452,0.2443175,0.22453314,0.18903491
1590,0.8943901,0.90353906,0.856891,0.6792461,0.51788163,0.40248767,0.31472957,0.23503432,0.23352304,0.22224236,0.20518237,0.20223996
1591,0.81861424,0.77491325,0.7168474,0.5428136,0.41511714,0.30947563,0.2624207,0.19049636,0.20402947,0.21993808,0.198589,0.2215277
1592,0.8029773,0.7031362,0.6282683,0.45802572,0.3519343,0.25702924,0.23143893,0.1705277,0.18878564,0.22773175,0.19964585,0.23403025
1593,1.4425895,1.0280596,0.7592476,0.54736865,0.40189403,0.31985202,0.24498834,0.2149011,0.17244475,0.25011012,0.24397343,0.25174904
1594,0.9930455,0.69531363,0.49965528,0.33342105,0.2610552,0.20414492,0.17323753,0.18517898,0.19524825,0.25406045,0.24802713,0.2381634
1595,0.76315314,0.55773455,0.40929756,0.28800076,0.24945818,0.20932432,0.19377382,0.21855915,0.21618816,0.28149357,0.25096864,0.25212398
1596,0.8643647,0.63210934,0.45421076,0.3338228,0.29157346,0.23973726,0.22584102,0.26248747,0.22442763,0.2916455,0.24819122,0.2586822
1597,0.5950529,0.47149038,0.3399497,0.2694284,0.25760454,0.21222767,0.21383807,0.274471,0.2369324,0.2889775,0.24375889,0.25598675
1598,0.5696882,0.47757262,0.35183185,0.29328132,0.28926748,0.24265613,0.23723757,0.30019122,0.24602035,0.30598608,0.2612386,0.2813274
1599,1.0284271,0.80068207,0.5545516,0.4571798,0.39239657,0.31975573,0.2821344,0.34227172,0.24997826,0.33056667,0.308124,0.3429487
1600,0.29418284,0.3015896,0.20622027,0.21385705,0.22787699,0.20604008,0.21951988,0.2970103,0.29906932,0.33066297,0.32174915,0.35239443
1601,0.8324007,0.7080466,0.50972974,0.45328376,0.39522278,0.34770462,0.31544322,0.36818182,0.32423076,0.4102251,0.42834938,0.47901058
1602,0.24530661,0.29011285,0.22128768,0.26388744,0.25586143,0.25837836,0.2945815,0.35608283,0.41710675,0.46040297,0.5223074,0.5846081
1603,0.16503325,0.24231967,0.20696393,0.2810362,0.2614087,0.28361297,0.36094543,0.4291564,0.50382894,0.59869504,0.72986376,0.835111
1604,0.14582056,0.21835347,0.20428184,0.29023463,0.2517056,0.3046219,0.45829588,0.5880588,0.69530094,0.8824059,1.0300553,1.1444504
1605,0.14058046,0.19527884,0.15872452,0.28514194,0.4618175,0.54164773,0.70334,0.8453737,0.8568052,0.98137605,0.98212683,1.0120116
1606,0.085226506,0.20868754,0.21345359,0.29566514,0.44185627,0.45754027,0.57734704,0.55996466,0.5968272,0.61873174,0.7013986,0.7801209
1607,0.09039446,0.18504514,0.22671431,0.24343821,0.2529003,0.2550553,0.36368847,0.34023583,0.4493442,0.49570304,0.5983279,0.7269126
1608,0.18091324,0.22048621,0.2622223,0.2536505,0.21408212,0.22711879,0.3056092,0.2980631,0.41187632,0.46794093,0.5415856,0.667193
1609,0.2785582,0.27561638,0.29959697,0.2817253,0.23056182,0.25492153,0.3201533,0.33103448,0.44218698,0.4990635,0.5494201,0.6505054
1610,0.25616312,0.2571767,0.28445113,0.28167897,0.25238892,0.28864458,0.36051965,0.3903213,0.49374264,0.55500257,0.5929083,0.66644466
1611,1.3610723,0.9247306,0.5231687,0.49739933,0.27826983,0.3186002,0.39889145,0.5516599,0.4908882,0.48824888,0.47783098,0.43363875
1612,1.513883,0.9550248,0.4250634,0.42769197,0.27785534,0.28612208,0.47074872,0.5904993,0.52734363,0.44948277,0.35869655,0.3310649
1613,0.6675765,0.44226348,0.21162218,0.26570827,0.25906032,0.31736812,0.45800048,0.48970783,0.6069878,0.5258517,0.44350174,0.49328756
1614,0.3602743,0.27802584,0.15177058,0.2744804,0.28020155,0.3803423,0.49384135,0.54214025,0.61651886,0.51148707,0.50485563,0.567184
1615,0.38333774,0.33417055,0.23332635,0.36350766,0.3599003,0.4513653,0.5463103,0.6026473,0.6400891,0.5260954,0.5731971,0.6489483
1616,0.3015567,0.3152894,0.26907834,0.40379265,0.4021064,0.4624769,0.54811877,0.61472034,0.64446104,0.55730397,0.647905,0.7345779
1617,0.2521786,0.30262744,0.31075853,0.42981017,0.41006458,0.42740232,0.50606275,0.58654976,0.6112834,0.5826303,0.70260495,0.80128676
1618,0.32055598,0.3457302,0.39336878,0.46363762,0.40713733,0.38419855,0.47718328,0.5657619,0.604404,0.6600763,0.7915163,0.914022
1619,0.3551706,0.3391728,0.44463745,0.43959996,0.35738492,0.31443855,0.4488153,0.53703195,0.61465955,0.77749693,0.9098058,1.0575044
1620,0.37224716,0.31743827,0.46467,0.37660396,0.31216067,0.2866913,0.46670347,0.55743456,0.68787116,0.93685246,1.0615913,1.2026024
1621,0.36560673,0.30836165,0.4587305,0.33771273,0.32329303,0.35306707,0.55493754,0.67038274,0.829736,1.0919648,1.1901925,1.2693322
1622,0.42431867,0.3575375,0.474469,0.38169265,0.4190068,0.5128074,0.71410984,0.84472597,0.98576486,1.1797262,1.2448647,1.2379017
1623,0.3716839,0.3408373,0.47646514,0.43393725,0.5051686,0.64197296,0.82078034,0.9314214,1.0206293,1.1516286,1.2071061,1.1653817
1624,0.5175522,0.47046936,0.5707474,0.5436198,0.61712056,0.7831593,0.9078031,0.98353946,1.0192133,1.0968853,1.1499944,1.1109024
1625,0.47238976,0.4879532,0.6166357,0.6243224,0.6882744,0.8438948,0.9359129,0.9700939,0.9767525,1.04502,1.0988277,1.0922954
1626,0.7339029,0.70603245,0.7913808,0.8070708,0.83598393,0.9632253,1.0266948,1.0281695,1.0273576,1.0433532,1.0878992,1.0850618
1627,1.6270897,1.163978,1.0252182,0.94801587,0.9004578,1.0409666,1.1130427,1.1622385,1.1003376,1.1275135,1.1501858,1.1092794
1628,1.1199254,0.9279462,0.9180202,0.8972371,0.9240024,1.0115072,1.110774,1.1952319,1.1156583,1.2355559,1.1721469,1.1896019
1629,0.771504,0.80339545,0.8834672,0.9555307,1.0140129,1.1117092,1.2558359,1.3507082,1.2480974,1.3067131,1.1563549,1.1549387
1630,0.74761766,0.8836081,0.97740835,1.0949603,1.1566046,1.2144907,1.340014,1.3856409,1.222861,1.2010154,1.0002753,0.98175806
1631,0.8065506,1.0306995,1.1174185,1.2414112,1.2821094,1.2740223,1.3400983,1.3176885,1.1141715,1.0460769,0.81774366,0.80540013
1632,0.8238697,1.1356533,1.2076836,1.31429,1.3130636,1.2538098,1.2370085,1.171776,0.9694593,0.88420594,0.6611835,0.66240436
1633,1.1272805,1.3535649,1.3414237,1.3588352,1.2961794,1.1871661,1.1186064,1.0299981,0.8533361,0.74282444,0.5497491,0.5603198
1634,1.1264881,1.3460408,1.3108499,1.2806442,1.1837828,1.0653725,0.95981836,0.8656468,0.7383412,0.62790334,0.47587597,0.49003458
1635,1.4018968,1.4505891,1.3523223,1.2447785,1.1028379,0.975181,0.845954,0.7412027,0.6613685,0.5524286,0.46211332,0.46130282
1636,1.9546126,1.6623489,1.406152,1.2495552,1.0621287,0.94740367,0.71557486,0.6798906,0.58257324,0.51675016,0.51116335,0.4237107
1637,1.2532296,1.2221961,1.1106052,0.9663759,0.8202389,0.73934007,0.54429245,0.5236421,0.461761,0.42554015,0.42478037,0.33223832
1638,1.0907415,1.0790063,1.0041465,0.853863,0.69377804,0.6319008,0.47777516,0.4314795,0.39144874,0.34257874,0.32912657,0.2678538
1639,0.97771096,0.9497752,0.8817578,0.7198698,0.5687905,0.50565755,0.39412403,0.33996066,0.3134284,0.27970365,0.2669206,0.23425785
1640,0.9054813,0.8429002,0.7692288,0.603318,0.4713977,0.40767893,0.33226717,0.2770859,0.2626638,0.24957843,0.23727044,0.22811516
1641,1.6480287,1.2099694,0.91226816,0.70200485,0.5270811,0.45956224,0.34692973,0.31263787,0.2448356,0.26859778,0.27952155,0.2642226
1642,1.25001,0.8924727,0.6572407,0.46755382,0.36685362,0.3286988,0.26320264,0.2588416,0.25246707,0.26125398,0.28465083,0.26327795
1643,1.4206365,0.97479856,0.6739758,0.49276248,0.3976304,0.35214683,0.31975648,0.31213707,0.2844638,0.29174313,0.28261146,0.2798179
1644,0.68375826,0.51546925,0.37145254,0.2845844,0.25950834,0.24641415,0.25322527,0.2795319,0.3088264,0.2936132,0.2725492,0.28326735
1645,1.0848123,0.79538023,0.55742013,0.43400386,0.37890685,0.32765526,0.33069885,0.3548412,0.31521314,0.32205528,0.27452898,0.31369135
1646,0.18521543,0.21320823,0.15491188,0.17327315,0.19825986,0.20126286,0.24622723,0.3136992,0.32131764,0.2976201,0.27754498,0.321762
1647,0.021345794,0.123536184,0.095988914,0.15038031,0.19638942,0.21698281,0.25917178,0.33368242,0.301615,0.32300615,0.33786494,0.41581005
1648,0.0431188,0.14860989,0.12178705,0.17820421,0.20114115,0.2209443,0.26246813,0.34080517,0.32179523,0.383027,0.44224066,0.54308367
1649,0.0571417,0.16073439,0.13247275,0.17737488,0.17457297,0.20025848,0.25495437,0.34090245,0.3783753,0.50121355,0.61879855,0.747839
1650,0.1325573,0.20230919,0.17720914,0.18706831,0.13734387,0.18029028,0.25533015,0.3747514,0.501721,0.7181301,0.87688756,1.0023966
1651,0.2559143,0.2468012,0.21403857,0.20841205,0.13148145,0.21523592,0.3352108,0.5275707,0.75516987,1.0369325,1.1640012,1.2227595
1652,0.24025603,0.15206483,0.08350478,0.1903098,0.2018606,0.392598,0.6151053,0.89559275,1.1379061,1.3095741,1.2943345,1.2297902
1653,0.14483757,0.12353741,0.13922708,0.37107974,0.45255423,0.7962728,0.95892566,1.1370658,1.2506486,1.2699581,1.2655504,1.1038399
1654,0.22142419,0.2820999,0.33434978,0.5687033,0.64724386,0.96210533,1.0883911,1.1350877,1.1652426,1.1422656,1.2172285,1.0772567
1655,0.3190832,0.33646256,0.4081652,0.5381044,0.59732527,0.8179106,0.9957656,1.0053924,1.0643294,1.0620779,1.1055565,1.0402782
1656,0.30647475,0.32960343,0.4104337,0.5046047,0.59069026,0.7816509,0.9479559,0.9338896,0.99677455,0.9972259,1.0072912,0.96725166
1657,1.0722873,0.7879587,0.573094,0.5431459,0.5742353,0.7449599,0.8725175,0.8971707,0.9198743,0.8832948,0.8246932,0.7044827
1658,0.45436865,0.4367053,0.382445,0.46066776,0.6687089,0.7369548,0.84262115,0.71611863,0.7681829,0.8312799,0.669603,0.6861617
1659,1.5014898,1.0462877,0.66497475,0.7119129,0.5664429,0.6398563,0.7849135,0.79402596,0.71061885,0.6098728,0.5025927,0.48391646
1660,0.47591364,0.39995268,0.2784063,0.331501,0.37795419,0.4378004,0.48764032,0.48506916,0.49986047,0.45612365,0.40601596,0.46375075
1661,0.48207343,0.42004013,0.3525184,0.43340433,0.41023004,0.48999524,0.5113294,0.5182029,0.5066986,0.40887767,0.41922188,0.4580031
1662,0.40515327,0.4198084,0.38826305,0.45631564,0.44210786,0.4959662,0.49077886,0.4976465,0.48074988,0.38913724,0.43806946,0.48161203
1663,0.6680654,0.6108257,0.5658245,0.58545387,0.5616278,0.5583627,0.5577195,0.5278624,0.52652407,0.44943005,0.5092075,0.5758225
1664,0.6507451,0.6235035,0.60377157,0.60758555,0.59865403,0.5364936,0.55475134,0.50070465,0.53832847,0.49692264,0.5749264,0.67548674
1665,0.6620054,0.6510162,0.62995255,0.623364,0.62115365,0.5008151,0.5602901,0.4917975,0.56794703,0.5706816,0.6629252,0.81154794
1666,0.6835754,0.67716265,0.6419957,0.6255969,0.6207463,0.46855545,0.5788599,0.52032554,0.63519645,0.6882143,0.79837763,0.98958176
1667,0.7582434,0.7385071,0.6873099,0.6446618,0.62393314,0.48444176,0.629237,0.60789233,0.7613964,0.8672869,0.9919199,1.1895921
1668,0.75566596,0.73762757,0.69854045,0.63416225,0.58461976,0.5101758,0.684755,0.72684765,0.9191253,1.0599065,1.1932977,1.3537109
1669,0.77171606,0.7434332,0.7195945,0.65273273,0.5848478,0.58987164,0.78630036,0.88134044,1.0983696,1.2432958,1.3591832,1.4491274
1670,0.81062764,0.76827705,0.75726277,0.71871644,0.6493496,0.7185335,0.9417178,1.060455,1.2900808,1.4044834,1.4748073,1.4867634
1671,0.7753851,0.75648105,0.7708781,0.7606075,0.72881156,0.8235076,1.0590442,1.1699407,1.3876535,1.4742817,1.4772308,1.4493351
1672,0.7456041,0.76364213,0.80631346,0.8236963,0.85222393,0.9615829,1.196602,1.2855394,1.4622107,1.5052029,1.4381285,1.3753138
1673,0.80469084,0.84415317,0.9025535,0.9300894,1.0177034,1.1245866,1.3298892,1.3869553,1.49059,1.489223,1.3634377,1.2741574
1674,0.62946254,0.81477785,0.9469255,1.0141501,1.1676235,1.270747,1.4351349,1.4428351,1.4682688,1.4328493,1.2622817,1.1880342
1675,0.52882373,0.7845276,0.9103939,0.99217,1.1657919,1.2420325,1.3210946,1.3227885,1.2850741,1.2484851,1.0831418,1.0180149
1676,0.58227855,0.8754156,0.98637384,1.0663837,1.2440286,1.2885,1.2977657,1.2724161,1.1793869,1.1214036,0.9540397,0.9017091
1677,0.5670334,0.91833675,1.0409547,1.1179624,1.2800375,1.2950957,1.2479289,1.190553,1.0679761,0.9962516,0.8312198,0.8109784
1678,1.257478,1.3770081,1.3939028,1.3462746,1.4075873,1.3574986,1.2595179,1.1745164,1.0461339,0.9350375,0.74857634,0.7272248
1679,1.0788538,1.2925818,1.3541977,1.3048285,1.3322846,1.2593882,1.1612608,1.0635419,0.95772254,0.8509705,0.6468874,0.64889836
1680,1.011933,1.2446223,1.3194482,1.2629386,1.2514541,1.1783689,1.0600517,0.9630186,0.88094985,0.76771677,0.5670353,0.57380736
1681,1.0469131,1.2418433,1.2875245,1.2235821,1.1801935,1.095344,0.9650909,0.8623541,0.7915548,0.6652562,0.47889853,0.4813077
1682,0.9746102,1.159688,1.1983042,1.1398842,1.0804493,0.98817366,0.8600889,0.74162644,0.69359845,0.5634543,0.40019014,0.40437323
1683,0.9279172,1.0627216,1.0962591,1.0306726,0.9601562,0.8582218,0.74953836,0.6061052,0.59165764,0.46821576,0.33679226,0.34889236
1684,0.9294551,0.96890104,0.9872696,0.89591306,0.8189222,0.7019466,0.63207114,0.46642345,0.49166524,0.39144188,0.2943018,0.323155
1685,1.0033442,0.95501846,0.9400532,0.809721,0.71579325,0.5950154,0.5386407,0.37617373,0.4217625,0.3462101,0.27203378,0.3071231
1686,0.86263984,0.8082535,0.78904253,0.65690196,0.5776726,0.4767294,0.43979585,0.295555,0.35881972,0.30658397,0.25189146,0.3013534
1687,1.2887002,1.022133,0.88879603,0.69532096,0.5658287,0.48807734,0.39878187,0.28383735,0.3061694,0.29121268,0.27305886,0.29546413
1688,0.86983263,0.7177355,0.61491835,0.4590066,0.39473134,0.34873095,0.28610113,0.22380055,0.26175368,0.25854194,0.25239542,0.2639373
1689,1.4105884,1.0169647,0.72938156,0.55836713,0.4275814,0.40482432,0.30351526,0.27912942,0.2427786,0.2724886,0.28415376,0.30046985
1690,1.5980821,1.0744835,0.65481234,0.50487494,0.39000908,0.35976517,0.33338228,0.3473514,0.30421817,0.2929667,0.2709918,0.2734024
1691,0.7828646,0.5642655,0.34290642,0.26050115,0.23863974,0.2526123,0.25558394,0.2804421,0.35444498,0.3219988,0.2951835,0.31856146
1692,0.4036395,0.35966527,0.22465363,0.20686504,0.22680135,0.25023177,0.26103526,0.31877357,0.3500639,0.3245054,0.29995626,0.34655035
1693,0.14485961,0.20609039,0.13034473,0.16813874,0.2098538,0.22906223,0.26634362,0.34691533,0.3461444,0.32637596,0.32839108,0.40509883
1694,0.22441539,0.2851084,0.19885713,0.23289159,0.24870765,0.2556606,0.28387538,0.3684922,0.3640242,0.37489656,0.40698314,0.4986907
1695,0.356687,0.39580715,0.29086515,0.3130585,0.28829193,0.29027134,0.31041145,0.39750475,0.42299557,0.46553388,0.5274628,0.6218124
1696,0.8029554,0.7227686,0.53987396,0.5220537,0.4100772,0.40971893,0.39572322,0.48787212,0.5474869,0.6243075,0.70693785,0.77395284
1697,0.9800649,0.8248757,0.6222317,0.6293726,0.46341687,0.49381387,0.5151804,0.62531495,0.7331642,0.8108741,0.91921437,0.947373
1698,0.5210521,0.51600033,0.44002256,0.5349873,0.46362275,0.54253143,0.6900889,0.8425635,0.97930443,1.0410545,1.11651,1.1397374
1699,1.0854683,0.88356704,0.7643054,0.8874845,0.83736515,0.9874013,1.1324868,1.3182566,1.3205065,1.3042156,1.2807959,1.1724668
1700,0.3369622,0.56185883,0.76524144,1.0383668,1.2900248,1.4526318,1.6159797,1.6197987,1.450146,1.3762274,1.1551958,1.102047
1701,0.09225017,0.66432357,0.9055679,1.1953051,1.4085581,1.4271417,1.3353654,1.2258283,0.97278714,0.92956936,0.83586013,0.7997984
1702,0.14245674,0.6385796,0.8427012,0.97905374,1.1124349,1.1062727,0.9602438,0.86891794,0.7425991,0.70320344,0.7064537,0.6978499
1703,0.07112855,0.4661274,0.67870903,0.7407752,0.86570406,0.8779032,0.7580063,0.68493164,0.6342904,0.60555047,0.6313631,0.6481614
1704,0.035396338,0.3420018,0.5620372,0.5845921,0.69269264,0.7203825,0.6241407,0.5602056,0.5529735,0.54702187,0.5942235,0.6302936
1705,0.13087802,0.35082796,0.53859824,0.5187057,0.5941946,0.6344149,0.55440193,0.49733898,0.52692914,0.53478265,0.62013185,0.67716396
1706,0.11542087,0.29256788,0.4611329,0.44276965,0.503857,0.5500756,0.5234154,0.48505044,0.5434197,0.5780524,0.6899823,0.7694244
1707,1.4776443,0.95942146,0.5725167,0.5051044,0.38556993,0.49662304,0.642815,0.8516528,0.79028475,0.7137267,0.717339,0.48977247
1708,1.1911342,0.79851574,0.5625724,0.5790039,0.5627334,0.60717726,0.7883017,0.8476781,0.83871114,0.7924956,0.6503246,0.46718043
1709,0.55360585,0.5256853,0.52979684,0.65168315,0.74201316,0.76406056,0.8796147,0.82280177,0.85023546,0.7903986,0.59836555,0.5048309
1710,0.70464134,0.7080907,0.7416503,0.8602987,0.8402733,0.8578428,0.91414887,0.8219226,0.8032365,0.6508707,0.4979068,0.42975634
1711,0.59105086,0.7161346,0.7926542,0.8761623,0.81124544,0.80000323,0.79068094,0.6927229,0.6675911,0.5402852,0.4494598,0.4345599
1712,1.4195951,1.1908991,1.1691842,1.0893412,0.90708065,0.8991318,0.8668889,0.7232125,0.7105311,0.54405415,0.49524587,0.5064243
1713,1.7236682,1.3324735,1.281867,1.1542554,0.91783273,0.9411934,0.8743662,0.73894,0.76285374,0.6251189,0.6256258,0.61460876
1714,1.5792596,1.2692672,1.2580123,1.1134486,0.89847016,0.9399368,0.84625417,0.7210871,0.7959373,0.6874633,0.71327716,0.69939613
1715,1.510773,1.260112,1.2620423,1.1158638,0.9135196,0.9630301,0.849302,0.7327833,0.8418385,0.7504765,0.76978683,0.76749563
1716,0.49404258,0.6742046,0.78405404,0.78434044,0.6725758,0.7563584,0.64374673,0.61641514,0.7204143,0.65258986,0.71112293,0.706496
1717,0.24965534,0.51404,0.5937834,0.63753724,0.5666473,0.6041351,0.52910733,0.55241054,0.6091272,0.59455657,0.6648272,0.72295785
1718,0.43956435,0.63575876,0.63515896,0.65373075,0.5905842,0.56228536,0.5355876,0.56620145,0.60686266,0.63451946,0.7050905,0.8397251
1719,0.7546874,0.8381307,0.76601434,0.73900557,0.6571335,0.5942826,0.60341835,0.6328012,0.68487334,0.7437982,0.81225836,0.9854661
1720,1.5861892,1.326246,1.1072812,1.0054941,0.87447536,0.8179773,0.7997588,0.8452491,0.9275048,1.0265805,1.0717642,1.192353
1721,1.6154876,1.2950877,1.1101794,1.0351608,0.88316387,0.8726155,0.9393038,1.0461948,1.1657388,1.2754381,1.2699238,1.2726519
1722,1.8031198,1.3735887,1.1964128,1.1325934,0.98904014,1.0002222,1.1428459,1.2502978,1.3516186,1.4073178,1.3007835,1.207233
1723,2.0046935,1.5196451,1.3351107,1.2903814,1.1703304,1.1603596,1.352828,1.4159305,1.4413996,1.4262278,1.1937662,1.0471897
1724,1.9171045,1.5601324,1.4431202,1.4228923,1.358082,1.3530027,1.5078143,1.5073311,1.4310553,1.3272417,1.0235902,0.8826044
1725,0.7735541,0.98109275,1.1571226,1.3370457,1.3307806,1.4254055,1.4205768,1.3883269,1.2564518,1.0843893,0.8310578,0.72476554
1726,1.1489856,1.3030231,1.3763921,1.5483537,1.515952,1.5414193,1.4109963,1.3525391,1.1528528,0.9298525,0.7455797,0.6829421
1727,2.4942777,2.1759317,1.9619908,1.9362037,1.8025339,1.6489452,1.4488679,1.3676188,1.0766474,0.92075336,0.69437635,0.5880153
1728,2.380978,2.1583154,1.9950886,1.94486,1.7136732,1.540984,1.3098503,1.2083017,0.8914,0.7705816,0.57974494,0.51431125
1729,2.3676708,2.1281784,1.9450147,1.8404894,1.5605744,1.3653568,1.1364725,1.0166085,0.7097981,0.60506,0.46966875,0.4528473
1730,2.2122018,1.9613502,1.7458642,1.6001617,1.3219581,1.1221071,0.92167175,0.8047971,0.54476243,0.44577843,0.39094746,0.40832928
1731,1.504523,1.422907,1.2902606,1.1806015,0.9531574,0.80793583,0.6604398,0.5845909,0.41613472,0.30415875,0.30527684,0.32564855
1732,1.6034365,1.3915306,1.1901209,1.0072726,0.82344824,0.6664489,0.5376541,0.47020006,0.3406928,0.2826131,0.28858733,0.3101208
1733,1.9925492,1.5552057,1.1863253,0.9658989,0.81007713,0.61651975,0.5049849,0.44359207,0.30329102,0.2936421,0.3267883,0.328688
1734,1.8340474,1.359005,1.0020865,0.79527813,0.65964437,0.48804706,0.4563937,0.3873276,0.3160753,0.28304657,0.32302195,0.31104082
1735,1.2892418,0.950651,0.7687115,0.5750079,0.46987265,0.35957175,0.36224377,0.28457785,0.3385139,0.31657952,0.3181637,0.31468895
1736,1.24923,0.91561544,0.7554844,0.5490091,0.45845157,0.35744816,0.36510378,0.2889485,0.32739842,0.3337034,0.31318656,0.32601288
1737,1.9468564,1.3812004,0.9126101,0.7521629,0.65999293,0.46843678,0.63594687,0.5393069,0.3578671,0.27697518,0.22492757,0.19901587
1738,1.7850945,1.1811985,0.81021255,0.64194775,0.55634165,0.35216987,0.67150176,0.53607523,0.45914084,0.29195258,0.19761108,0.20884635
1739,1.1987326,0.8125757,0.6577133,0.47901976,0.40954083,0.27922854,0.5244342,0.3941881,0.507741,0.35190472,0.24744654,0.29755047
1740,1.0966413,0.77544564,0.6394415,0.45925796,0.40812397,0.3149389,0.48121285,0.38656813,0.45185047,0.32570317,0.23327655,0.27926117
1741,1.0232526,0.7425722,0.61829644,0.4436014,0.4073465,0.32004666,0.43090725,0.36202273,0.40135562,0.30297714,0.22825873,0.2737845
1742,1.3745904,0.99928725,0.75307745,0.5611215,0.4904728,0.36376265,0.46314597,0.40523028,0.36300817,0.28576252,0.23361132,0.28395808
1743,1.2709603,0.92558575,0.69199675,0.5139926,0.43782127,0.32525557,0.41696015,0.36173746,0.3557602,0.26944682,0.24004832,0.28814536
1744,0.9961248,0.7598521,0.5880531,0.43923238,0.3818907,0.3189238,0.36943972,0.32067102,0.35969782,0.28152728,0.2625778,0.30827475
1745,1.2077864,0.9318704,0.6924223,0.54422605,0.44372165,0.38736272,0.41716385,0.36732098,0.35972613,0.30567372,0.3189225,0.3811186
1746,0.53709066,0.4786303,0.39041135,0.32981968,0.2969436,0.32682234,0.32662523,0.28746736,0.4017948,0.330557,0.37411398,0.4223975
1747,0.44096154,0.44745708,0.3609781,0.3260727,0.33579874,0.3740388,0.3417169,0.3205199,0.38483572,0.35209882,0.42225802,0.48444062
1748,1.7934667,1.4014376,0.95742065,0.9491645,0.6306892,0.5741962,0.7817565,0.6990779,0.5718715,0.56602335,0.6345891,0.7965724
1749,0.5093085,0.5083602,0.45271683,0.51964366,0.32352114,0.47765416,0.6056961,0.5442965,0.89176095,0.8250581,0.93697846,1.0568697
1750,0.4141916,0.5333705,0.445035,0.58047515,0.34677228,0.5356001,0.70316756,0.82189375,1.0148263,1.0701135,1.1561174,1.2891606
1751,0.21229514,0.36980203,0.29020613,0.54701275,0.49967456,0.66209406,0.84552896,1.049983,1.0445106,1.0727892,1.0629853,1.204907
1752,0.14020695,0.29071313,0.15246195,0.3117939,0.43336195,0.35351384,0.49947095,0.6560704,0.60880333,0.6581229,0.73357,0.9123756
1753,0.20732999,0.30693185,0.17455739,0.2405234,0.35170123,0.24707307,0.42299852,0.5907307,0.6275121,0.7165358,0.83971524,0.98764676
1754,0.40161824,0.44863296,0.27279994,0.31476784,0.39295673,0.3138038,0.49448252,0.70701164,0.76628995,0.81918633,0.9297867,0.98609316
1755,0.34140527,0.39499032,0.26699755,0.30978298,0.3291406,0.276203,0.4706425,0.75111836,0.8577429,1.0059053,1.1200604,1.1701291
1756,0.189517,0.24497336,0.07551854,0.36643583,0.47268718,0.64616734,1.0886836,1.4963923,1.5603004,1.6735024,1.4393585,1.4681062
1757,0.08018603,0.14577512,0.12754457,0.44674426,0.7139692,0.9164045,1.2750901,1.4741058,1.4539533,1.402355,1.2773327,1.3154107
1758,0.12311753,0.17720753,0.2883082,0.5849469,0.8785142,1.0932939,1.3516612,1.3859878,1.3733001,1.1989559,1.1763294,1.1671369
1759,0.11179453,0.18598408,0.43843538,0.7079802,0.98366594,1.1682175,1.3618865,1.2753663,1.2709043,1.0565141,1.1081809,1.0864576
1760,0.07830156,0.16644251,0.55063003,0.83287734,1.1225495,1.3353468,1.4342573,1.347544,1.3041369,1.1119074,1.1535751,1.1073875
1761,0.13224918,0.1639596,0.35762548,0.54785025,0.8717598,1.1676782,1.3216274,1.3913205,1.3665204,1.1174583,1.1339645,1.1310134
1762,0.14084952,0.20396784,0.45788246,0.6112692,0.88808703,1.1543227,1.2475435,1.3030641,1.264806,1.0315529,1.1092485,1.1338652
1763,0.12715384,0.2678068,0.6056347,0.79116505,1.0192658,1.245154,1.2815194,1.2926736,1.2016461,0.98664474,1.1011336,1.1321127
1764,0.17687643,0.44750935,0.91639996,1.1425353,1.30294,1.441017,1.3568989,1.2967699,1.1413599,0.99446166,1.1145424,1.1050228
1765,0.2923777,0.73758245,1.2122083,1.4243909,1.4963428,1.4915171,1.2806008,1.2164834,1.0781494,1.084496,1.1768936,1.1430578
1766,0.37611425,0.93630725,1.2697525,1.4421728,1.4790001,1.3640392,1.1335559,1.1446395,1.0986692,1.2094439,1.2759638,1.2038202
1767,0.47322536,1.0360755,1.2306902,1.3433808,1.3873786,1.2245871,1.0295998,1.1098831,1.1556319,1.3008791,1.3483529,1.223475
1768,0.5439257,1.0528182,1.1498289,1.21663,1.2876009,1.130449,1.0225496,1.118057,1.2162527,1.3263588,1.3655671,1.2215858
1769,0.53405505,1.0079694,1.0590684,1.1046607,1.2023442,1.0741397,1.0544076,1.1346631,1.2625985,1.3209337,1.3570813,1.2127223
1770,0.52345175,0.9678844,1.0104139,1.0534792,1.1496285,1.0824076,1.1325737,1.1733454,1.3235217,1.2943442,1.3369279,1.1939735
1771,0.71001554,1.0702937,1.1318171,1.1570327,1.1971734,1.2313625,1.3093153,1.2722318,1.4438511,1.2726327,1.3045605,1.1522366
1772,0.73050153,1.0833521,1.2477779,1.3035226,1.2924174,1.4132025,1.499802,1.3482685,1.4777685,1.2049423,1.2114474,1.0892662
1773,0.7445623,1.1119438,1.3139508,1.4038664,1.3462809,1.4987628,1.5575919,1.3411112,1.4191236,1.1377841,1.147804,1.0504215
1774,0.7918047,1.1454041,1.3899479,1.5261928,1.359545,1.4989318,1.546109,1.3197551,1.30228,1.0482599,1.0616645,1.0067551
1775,0.7791942,1.1151576,1.413883,1.5892336,1.2734292,1.3499568,1.3755463,1.2128978,1.0817115,0.91794825,0.9578247,0.98961633
1776,1.0726937,1.2914884,1.5117333,1.6081734,1.2762058,1.2558789,1.2352437,1.1539766,1.0133412,0.9432689,1.0122131,1.1038246
1777,2.317269,1.8778296,1.778054,1.6288633,1.3844043,1.2911,1.341882,1.4503105,1.4238634,1.4294672,1.3722994,1.3802093
1778,1.5361826,1.4049541,1.4220088,1.3843151,1.2163137,1.2886478,1.3101437,1.3949995,1.3881868,1.4604884,1.4429573,1.4548547
1779,0.93722117,1.1272095,1.1732345,1.3264706,1.1867325,1.274315,1.2076936,1.2807827,1.3550622,1.4573079,1.4920404,1.4557973
1780,1.1341801,1.2402433,1.2046778,1.3475089,1.2833502,1.3739452,1.252412,1.3189814,1.4199339,1.4508141,1.5051386,1.3799044
1781,1.223391,1.2640824,1.2452853,1.379208,1.4181709,1.5080519,1.3985308,1.4203808,1.4198273,1.3383547,1.3669393,1.2104986
1782,1.0695132,1.1908165,1.2481301,1.4076124,1.5106871,1.5449635,1.4170686,1.4043396,1.2909942,1.1759881,1.1866416,1.0594141
1783,1.0590296,1.2167294,1.2990851,1.4152197,1.5355469,1.5000402,1.3403597,1.2840548,1.1470065,1.043596,1.0553373,0.95342004
1784,1.1360621,1.2729409,1.3696654,1.3868947,1.4767119,1.399157,1.2236546,1.1218793,1.0256578,0.9560603,0.9588971,0.8595552
1785,1.2687572,1.3315015,1.4121282,1.3345428,1.3794605,1.2890395,1.1302184,1.0170774,0.9622166,0.9230833,0.9077028,0.798904
1786,1.4290754,1.3983606,1.4439311,1.2877359,1.2597694,1.1573877,1.0396065,0.9356456,0.91159093,0.9214126,0.8610518,0.7492065
1787,1.3128403,1.3021191,1.3377602,1.1796473,1.0944484,1.0078411,0.95029163,0.8880033,0.8814297,0.93034804,0.80819833,0.713217
1788,1.1826601,1.1882482,1.1877685,1.0588388,0.9773263,0.9234083,0.89660245,0.8719077,0.8671663,0.89018965,0.7402172,0.64602864
1789,1.0451728,1.078988,1.0635765,0.9672411,0.90891796,0.8760118,0.8438412,0.8213455,0.8139247,0.78707993,0.63919234,0.5394213
1790,0.9342093,1.0021441,0.9886811,0.91618013,0.8721302,0.8431492,0.7865781,0.74834406,0.73606503,0.66793597,0.5335624,0.43088984
1791,0.811307,0.9232439,0.9208568,0.8706687,0.8216275,0.7924815,0.7025703,0.65356135,0.6314895,0.5495024,0.4303934,0.3329286
1792,0.7894211,0.8873033,0.8814573,0.8302764,0.7632126,0.7265556,0.61703634,0.558794,0.5273175,0.44786346,0.34646916,0.2576925
1793,0.82417774,0.86623585,0.8467939,0.77376974,0.69184846,0.6421034,0.53362584,0.46510375,0.43217027,0.3620557,0.2841825,0.20811464
1794,0.77269316,0.7806599,0.75809866,0.6763766,0.5982831,0.54573977,0.45538288,0.38388017,0.3552075,0.2979504,0.2446326,0.18528774
1795,0.7349834,0.7027028,0.66996855,0.5798732,0.5107985,0.459459,0.39403367,0.32171196,0.2986484,0.2544236,0.2204549,0.18155809
1796,0.6877686,0.5936849,0.5309243,0.44060773,0.39065778,0.35310358,0.31937537,0.2622491,0.24272068,0.21787746,0.20433396,0.1902897
1797,0.6334749,0.5390067,0.4720342,0.3927011,0.3525014,0.32436654,0.2979955,0.25052625,0.22784473,0.20776595,0.19954601,0.19183359
1798,0.57032144,0.48154646,0.41509578,0.35077685,0.31878006,0.3006932,0.28083897,0.24212801,0.21614379,0.20216957,0.19850515,0.20088345
1799,0.5579113,0.4627909,0.3923668,0.33421198,0.30316085,0.28947932,0.2728035,0.23819518,0.21202144,0.20390818,0.20084222,0.2124154
1800,0.55505973,0.4514432,0.37431407,0.3216654,0.29186192,0.2816764,0.2656234,0.2371426,0.21173726,0.20894898,0.20575255,0.2245844
1801,0.4938081,0.40215245,0.32843882,0.2927562,0.2724514,0.269119,0.2551741,0.23716983,0.2125431,0.21253744,0.21394947,0.24082321
1802,0.45136017,0.36597204,0.2975996,0.27828875,0.26725486,0.2659436,0.25127175,0.24474284,0.22166097,0.23129936,0.23476095,0.27502587
1803,0.45762026,0.3671787,0.3012895,0.28646612,0.27785927,0.2719836,0.25637448,0.25388244,0.23821582,0.2555417,0.26049474,0.31158987
1804,0.45464128,0.36532176,0.29847264,0.28452057,0.27568635,0.2703898,0.25655305,0.25316492,0.24277923,0.2567505,0.26421383,0.31688923
1805,0.43002558,0.348485,0.285905,0.27778786,0.27263466,0.26827982,0.25765842,0.2550292,0.24885616,0.2610458,0.2727056,0.32960913
1806,0.6228421,0.4810655,0.39229548,0.35364395,0.32207656,0.30772346,0.28096056,0.27054706,0.2669225,0.2928524,0.29505038,0.35118127
1807,0.41536206,0.33605552,0.27278107,0.27112862,0.27454734,0.26810884,0.25995344,0.26741454,0.27471113,0.2838891,0.29974967,0.35640848
1808,0.33274847,0.28080052,0.2388295,0.25417113,0.26997426,0.26324245,0.26291922,0.2711798,0.27951372,0.29368103,0.32136104,0.39498624
1809,0.30801272,0.26364526,0.23380065,0.25765705,0.27354476,0.25917286,0.26722196,0.2764867,0.2936653,0.3166747,0.35602623,0.4471649
1810,0.32632983,0.27719796,0.25073743,0.27433187,0.2830244,0.26114953,0.27426332,0.28451216,0.31558156,0.34999132,0.39895353,0.50316197
1811,0.4280901,0.3508374,0.3170041,0.32734334,0.31567156,0.28592303,0.297349,0.30721492,0.35621953,0.40617418,0.46045965,0.57040215
1812,0.4638121,0.37591743,0.34647447,0.3571834,0.33808035,0.3076588,0.3270447,0.34287578,0.41428554,0.4748116,0.5402387,0.65105927
1813,0.48137522,0.38727406,0.37238398,0.38827193,0.36593974,0.33933148,0.37049252,0.39374557,0.4844047,0.55641234,0.6375549,0.7452692
1814,0.53593016,0.42077345,0.42542785,0.44545162,0.41345114,0.39514458,0.4376793,0.4680038,0.5768465,0.65906143,0.75865173,0.8550408
1815,0.5590593,0.42958623,0.47001228,0.50195146,0.4724636,0.46675545,0.52795655,0.5692673,0.70115566,0.7869208,0.904884,0.9813773
1816,1.6849658,1.0269833,0.850308,0.85820967,0.6044819,0.74513847,0.79468465,0.903381,0.9581673,1.0024885,1.1483761,1.1095841
1817,0.71089774,0.45247883,0.5581367,0.6779538,0.69329906,0.8603247,0.97791237,1.1113722,1.2378323,1.2297827,1.3269031,1.2795527
1818,0.28520924,0.34547883,0.5616578,0.7853713,0.95166874,1.1120005,1.2582258,1.3966563,1.3988928,1.3896706,1.3919629,1.3813465
1819,0.0052079633,0.3297392,0.5668973,0.8434346,1.0972961,1.2273388,1.3073786,1.4334037,1.2816561,1.3358966,1.3010892,1.3142116
1820,-0.07624997,0.3725551,0.6211169,0.86898184,1.1141595,1.2026535,1.1829736,1.3006761,1.107549,1.2544147,1.216525,1.232538
1821,-0.032065794,0.39846608,0.66153556,0.8568017,1.0266662,1.0937772,1.0391867,1.162741,1.0307962,1.209766,1.1710844,1.1599592
1822,0.13273306,0.47990638,0.7099303,0.86771,0.97745687,1.0364038,0.9720988,1.0840385,1.0063324,1.1334286,1.1092801,1.06966
1823,0.18320476,0.48081702,0.70911473,0.8620733,0.9454736,0.98923045,0.9229927,0.98693067,0.9482529,1.0010787,1.0281686,0.98083144
1824,0.18442512,0.45811188,0.6901992,0.852527,0.9264551,0.9487094,0.8797357,0.90175164,0.8915262,0.8843446,0.9766581,0.9327046
1825,0.14794594,0.4291516,0.6537044,0.82835114,0.8783552,0.8921315,0.83459437,0.83822787,0.87834084,0.8232591,0.9649854,0.92927575
1826,0.18991488,0.46878546,0.6768505,0.8373634,0.85699356,0.85850716,0.8053981,0.8031285,0.880685,0.79625833,0.97241926,0.9519859
1827,0.23918493,0.525144,0.7260949,0.8625035,0.8367637,0.8243982,0.78682077,0.79351693,0.9116579,0.82501733,1.0140319,1.014967
1828,0.28865513,0.5828618,0.7709786,0.8788767,0.8311798,0.8115664,0.7894421,0.81929666,0.95898736,0.88573,1.0579946,1.0698452
1829,0.33713412,0.6291732,0.7992919,0.87278974,0.8306562,0.8184161,0.80301446,0.85329205,0.99981165,0.94186366,1.0829644,1.0971618
1830,0.3988431,0.6675152,0.8158254,0.84646434,0.83126324,0.84254444,0.8236367,0.8834257,1.0210321,0.978186,1.0833545,1.0968668
1831,0.43545908,0.67522454,0.8082843,0.79885226,0.8308321,0.8713408,0.84407145,0.8975069,1.0136681,0.9882331,1.0636239,1.077373
1832,0.37158197,0.62452036,0.76487315,0.74663955,0.83368933,0.8938958,0.8600127,0.8986556,0.9901285,0.9855882,1.0341527,1.0421076
1833,0.33289355,0.5970886,0.7443351,0.73708475,0.8509925,0.9157764,0.8878665,0.9118598,0.98894143,0.9844632,1.0120968,0.996955
1834,0.26770163,0.5668042,0.73532677,0.764352,0.88906246,0.937334,0.92886937,0.9367608,1.0040354,0.99272025,1.0006329,0.95636696
1835,0.33708894,0.6307114,0.80480444,0.8619138,0.94945735,0.96678597,0.9796728,0.9785804,1.0319885,0.9916533,0.98991716,0.91615903
1836,0.32669413,0.6576205,0.85963696,0.9598502,0.9961156,0.97517735,0.9973752,0.9949085,1.0288252,0.97231674,0.97392905,0.88655025
1837,0.34484807,0.6927798,0.9155392,1.0464957,1.0072052,0.96134275,0.9800001,0.9931092,1.0109935,0.9373746,0.9617113,0.87214667
1838,0.36803144,0.7082067,0.9490651,1.0896692,0.98215693,0.9261496,0.9342091,0.9613531,0.9702699,0.8936293,0.94247794,0.8647084
1839,0.3982495,0.7087325,0.959864,1.0903566,0.9483293,0.88439125,0.8837469,0.91146487,0.9242779,0.85378885,0.9062338,0.8404843
1840,0.4431808,0.7149523,0.960968,1.0709026,0.9214938,0.85137326,0.84212947,0.8589023,0.8833549,0.82253325,0.86277926,0.811168
1841,0.36622036,0.6340046,0.88719696,0.9885267,0.8595657,0.792138,0.7746009,0.78191733,0.81947494,0.78560174,0.8147874,0.7851838
1842,0.31531304,0.5623726,0.80326337,0.89441496,0.79504484,0.72719395,0.71130526,0.7144961,0.77222216,0.7485771,0.7571337,0.7317964
1843,0.2753633,0.4977252,0.71641505,0.8023306,0.7340704,0.6655994,0.6559435,0.65731347,0.7334063,0.708338,0.6950298,0.66342366
1844,0.27386004,0.46155602,0.63660663,0.72131914,0.686126,0.62590575,0.62155885,0.6226082,0.71295786,0.68289185,0.64563346,0.60240316
1845,0.29452944,0.45491093,0.5882241,0.6814866,0.6652408,0.6120853,0.6125864,0.6156364,0.7120215,0.6674048,0.61186755,0.54743314
1846,0.22701612,0.4024201,0.5293014,0.64598143,0.64405835,0.6013525,0.60497355,0.61319363,0.7046122,0.6511365,0.5917167,0.50734955
1847,0.19131488,0.37599522,0.49031898,0.62841934,0.63285786,0.6101405,0.6127364,0.62973976,0.7141329,0.6463126,0.58573854,0.4788562
1848,0.16851728,0.36514664,0.47288233,0.6320374,0.63622576,0.63652676,0.63406026,0.6593269,0.7308941,0.64853835,0.58870065,0.4614411
1849,0.19246885,0.3890841,0.49103928,0.65897644,0.65358776,0.67589635,0.6656238,0.6954962,0.7513757,0.64980984,0.59145796,0.45080423
1850,0.27886826,0.45974982,0.5481938,0.71399885,0.6904553,0.72894555,0.7078855,0.73930705,0.7738693,0.6543314,0.5944762,0.44859853
1851,0.24883589,0.45979726,0.569321,0.7480806,0.71774125,0.76422155,0.7284464,0.7612825,0.7620369,0.64586824,0.5917152,0.44688874
1852,0.26922107,0.4904039,0.60891485,0.7928298,0.74130565,0.7961248,0.74047184,0.78096783,0.7511234,0.631779,0.5830469,0.43093377
1853,0.32162574,0.5413796,0.66572773,0.8452031,0.7634031,0.82104576,0.741137,0.79115367,0.72373784,0.6047993,0.5617006,0.40171042
1854,0.34998292,0.5563148,0.6779625,0.8405744,0.74431235,0.8023117,0.7120735,0.7661015,0.6865114,0.5714562,0.53691316,0.3757123
1855,0.50157183,0.6595645,0.75895053,0.88579017,0.742344,0.7886286,0.67647105,0.7480002,0.63448596,0.5282271,0.49587986,0.33013254
1856,0.57706726,0.69548714,0.7797944,0.86638576,0.69007385,0.71185136,0.59151375,0.6859968,0.5502223,0.47137251,0.44371605,0.2769994
1857,0.5711426,0.6552201,0.7284518,0.78015226,0.5957866,0.5961182,0.4888333,0.6029343,0.47993726,0.42389914,0.40386093,0.23370494
1858,0.52543885,0.57962435,0.63884425,0.66472656,0.5002446,0.4852392,0.40587327,0.5218357,0.43550056,0.3900582,0.37986124,0.20852871
1859,0.44840407,0.49101532,0.5357336,0.5486426,0.42389476,0.40384704,0.349244,0.45042828,0.4041388,0.3639658,0.36827427,0.19942263
1860,0.38389695,0.42276084,0.45058966,0.4561905,0.3730893,0.35572696,0.3179334,0.39793682,0.385602,0.34700274,0.36678705,0.20655484
1861,0.37093133,0.3996848,0.40625805,0.4032894,0.3538704,0.34189093,0.31589556,0.37262318,0.3861524,0.34539253,0.37863576,0.23517375
1862,0.29042786,0.3410971,0.34342122,0.34945017,0.33129048,0.33396834,0.30570784,0.35555,0.3732711,0.3352698,0.39079896,0.25694475
1863,0.23724657,0.30198622,0.30596533,0.3195982,0.31829703,0.33447176,0.30447266,0.3518192,0.37167647,0.3339776,0.4035566,0.2807516
1864,0.17688617,0.25866348,0.2655887,0.29170507,0.30756092,0.3399043,0.30828512,0.36198208,0.37604102,0.34551972,0.4303279,0.33603147
1865,0.13513826,0.22939464,0.24829715,0.28617156,0.31336105,0.35687083,0.3319072,0.3992735,0.41262138,0.3913312,0.4755496,0.39828578
1866,0.17785326,0.2584945,0.27294463,0.30362386,0.32389534,0.3659175,0.34284168,0.4085006,0.42651686,0.40379307,0.48038167,0.40690237
1867,0.19233307,0.26816085,0.28073958,0.30929396,0.3270613,0.36752343,0.3449024,0.40919107,0.42620748,0.40221813,0.47681162,0.40338218
1868,0.16731325,0.24962232,0.26537907,0.2974925,0.31617254,0.35718265,0.3319431,0.3967675,0.4078471,0.38413745,0.4630438,0.3851065
1869,0.16294676,0.2450409,0.2614367,0.2925706,0.30770078,0.34811962,0.3197034,0.38297516,0.39193764,0.3671215,0.44780314,0.36505288
1870,1.4316555,0.92492473,0.67595476,0.60554427,0.505344,0.520078,0.6175553,0.62799,0.6771723,0.6421735,0.60608727,0.5658368
1871,0.45396918,0.44437838,0.39781964,0.42922992,0.5155757,0.55076057,0.5353483,0.5586041,0.57830906,0.5625628,0.5914785,0.5189881
1872,0.257667,0.358957,0.37441617,0.4503867,0.5229198,0.5692983,0.53250545,0.5527698,0.55575794,0.5117425,0.550599,0.4807726
1873,0.09413274,0.27202109,0.32135868,0.41581562,0.47795594,0.51715183,0.4658596,0.4981728,0.48003888,0.4430291,0.5060631,0.45035005
1874,0.073528364,0.2657832,0.31364942,0.39502716,0.43628502,0.46201116,0.4068824,0.4497283,0.42797625,0.40336025,0.48376983,0.44653124
1875,0.08852409,0.27167797,0.3112352,0.36841005,0.38999915,0.40773562,0.35580462,0.40706223,0.3939097,0.3810473,0.47548097,0.4499713
1876,0.109451145,0.27233362,0.30435964,0.337688,0.3445772,0.36250675,0.31826523,0.3765109,0.37549126,0.37004745,0.47455072,0.45220903
1877,0.16984501,0.29667062,0.3156587,0.3258783,0.32014698,0.34129155,0.30733237,0.36823937,0.3799984,0.3751802,0.4805053,0.4561127
1878,0.21529752,0.31139344,0.3198462,0.3183866,0.30865628,0.33554882,0.31364775,0.3761515,0.39702022,0.38975865,0.49073356,0.4613875
1879,0.17070481,0.26595744,0.2796415,0.28670275,0.28849733,0.32584247,0.31587058,0.38373196,0.4052349,0.39892092,0.49962264,0.46306962
1880,0.1559386,0.24343902,0.25716496,0.27120888,0.27906346,0.32583317,0.3214338,0.3921052,0.40969855,0.40239513,0.50125784,0.45595908
1881,0.14685659,0.2284319,0.24111265,0.2635375,0.276177,0.32975715,0.3291952,0.40078893,0.41374147,0.40566447,0.50182915,0.45077002
1882,0.1492905,0.22398458,0.2336701,0.26341015,0.2774114,0.33500737,0.33515143,0.4055422,0.41218206,0.40318292,0.49671596,0.44191188
1883,0.20159093,0.2594243,0.26215017,0.29061994,0.29926705,0.35678074,0.3600413,0.4263469,0.4349084,0.42399782,0.5064296,0.45412797
1884,0.20930222,0.26540697,0.26739514,0.30268368,0.31375134,0.36916354,0.3731907,0.4352091,0.43737537,0.42722458,0.50426024,0.45464754
1885,0.18098208,0.24745977,0.25670385,0.30346033,0.31834036,0.3725554,0.37465286,0.43403333,0.42541248,0.41933745,0.4974817,0.45119813
1886,0.14168979,0.22180665,0.24153048,0.2996331,0.31279504,0.3666721,0.3638916,0.4235462,0.40471256,0.4047435,0.48977152,0.4466685
1887,0.1314494,0.2163405,0.24234022,0.30458742,0.30607688,0.35802394,0.34908473,0.41177267,0.38949662,0.39569512,0.48776764,0.4479172
1888,0.13617508,0.2217042,0.25066638,0.3131725,0.30081418,0.3495825,0.33584675,0.40395665,0.3855173,0.39812827,0.4969595,0.46126324
1889,0.21590911,0.27662873,0.28874433,0.33627012,0.29977745,0.33956695,0.3192847,0.39408928,0.38073528,0.39255452,0.4858793,0.45287102
1890,0.21564448,0.27284014,0.27556437,0.32174858,0.28201813,0.31776536,0.29431534,0.37839025,0.363703,0.3776131,0.47069767,0.4403275
1891,0.19249496,0.25339514,0.25241736,0.3004632,0.26271224,0.2983479,0.27203816,0.36522543,0.34796166,0.36320478,0.45719504,0.4272228
1892,0.18232149,0.24620438,0.24267618,0.29072055,0.25458226,0.28982282,0.26167434,0.36148316,0.3456743,0.3605499,0.4543907,0.42424795
1893,0.17683199,0.2440753,0.23821893,0.2851978,0.25195956,0.2864298,0.25723195,0.36146837,0.34896094,0.36160725,0.45481622,0.4230872
1894,0.18250914,0.251195,0.2403416,0.28078336,0.24870816,0.28057882,0.24794747,0.3512107,0.3380861,0.34137467,0.42899,0.3869704
1895,0.24912757,0.30063456,0.28089327,0.30283022,0.26640674,0.29193434,0.25828838,0.34975326,0.34500343,0.3362434,0.41206,0.3625549
1896,0.22856665,0.28727293,0.2706958,0.29139078,0.2646606,0.29049283,0.25537246,0.34105942,0.33555275,0.3226214,0.3995651,0.34122127
1897,0.19845869,0.2656955,0.25553113,0.2785589,0.25934613,0.28859705,0.2529391,0.33567756,0.33011562,0.317144,0.39576584,0.33361793
1898,0.17882475,0.25100997,0.24419118,0.27018422,0.25623176,0.28852895,0.25468597,0.33696026,0.333269,0.32201916,0.40167254,0.34149492
1899,0.17154598,0.24566996,0.24038573,0.26628694,0.25314316,0.2855413,0.250961,0.33143595,0.32746387,0.31654617,0.39515185,0.33428955
1900,0.17821546,0.25093514,0.2434709,0.26802936,0.2542408,0.28505728,0.25044298,0.33006942,0.32693255,0.31563196,0.39267427,0.3337963
1901,0.23067701,0.2893607,0.27233374,0.2888437,0.27243406,0.29908106,0.26689634,0.34231165,0.34602275,0.33151242,0.40415874,0.35153347
1902,0.19730473,0.2685066,0.25212622,0.2772803,0.2732162,0.30282083,0.27267283,0.35235906,0.355352,0.3419463,0.42228368,0.37298453
1903,0.15934628,0.24347101,0.23331998,0.26752222,0.27670336,0.31136224,0.28610304,0.37073022,0.37772793,0.3682176,0.45367116,0.410261
1904,0.13363972,0.2280618,0.22538005,0.26522547,0.2872281,0.32549363,0.30581248,0.3943643,0.40913558,0.40353912,0.49031115,0.45057994
1905,0.115036726,0.21919246,0.22570449,0.26842582,0.30454955,0.34596166,0.33161062,0.42252016,0.44793212,0.44413143,0.5285615,0.4873342
1906,0.11328194,0.22322352,0.23982993,0.28218907,0.33137453,0.37615353,0.36646828,0.45666283,0.4948294,0.48820388,0.5647521,0.51715803
1907,0.16523811,0.26555747,0.28713974,0.32265627,0.37690443,0.42493027,0.41911006,0.5033922,0.555213,0.5362791,0.5968804,0.5412494
1908,0.1229319,0.24458694,0.2893474,0.33529377,0.4074062,0.46136713,0.46138826,0.5401511,0.5926535,0.5661911,0.6175409,0.5552691
1909,0.10482974,0.24374434,0.3071394,0.3616551,0.44586968,0.5078861,0.5122981,0.5860286,0.6343982,0.59894514,0.6373199,0.5710402
1910,0.13386069,0.2811001,0.355146,0.4143752,0.5034548,0.57015616,0.57103616,0.6406245,0.66995955,0.62372184,0.6463249,0.5700067
1911,0.22183985,0.3592642,0.43538687,0.49494046,0.5667249,0.62601084,0.6084753,0.6826451,0.66640794,0.61317885,0.61800265,0.51071036
1912,0.34688622,0.41939384,0.49684355,0.54150677,0.5177135,0.5430352,0.5162975,0.5985242,0.55713415,0.48791817,0.506654,0.35881862
1913,0.38832283,0.41520947,0.46086678,0.47794876,0.4190691,0.42054933,0.40143132,0.46742612,0.46793696,0.4023317,0.44360614,0.29976875
1914,0.31966054,0.36225787,0.38606873,0.39546117,0.35527736,0.35765138,0.32917875,0.3865858,0.39744848,0.3520969,0.40452543,0.26277575
1915,0.27302992,0.3279184,0.34160876,0.3504915,0.328506,0.33618855,0.30616957,0.35731438,0.37557787,0.33655873,0.3950713,0.2592782
1916,0.23583312,0.29993302,0.3109219,0.32417232,0.31619823,0.33178878,0.30124995,0.34991568,0.3698466,0.33227313,0.398926,0.27099806
1917,0.2097986,0.27998197,0.29125214,0.30941054,0.31013358,0.33306956,0.30169478,0.35062844,0.36948687,0.3325651,0.40655607,0.28698346
1918,0.18130994,0.25994015,0.27218586,0.30109718,0.3176294,0.3569999,0.3300621,0.3918588,0.40690762,0.3815905,0.46160805,0.3823506
1919,0.19811434,0.27240056,0.2842071,0.3116604,0.32812244,0.36816415,0.34468836,0.40793502,0.42515665,0.4005254,0.47551802,0.4015503
1920,0.16023445,0.24604014,0.2647478,0.29905447,0.3203264,0.3632091,0.33997613,0.40700108,0.41915128,0.3972182,0.47510943,0.4002303
1921,0.16110128,0.24426077,0.2630825,0.2955792,0.31125498,0.3533997,0.3263453,0.39188308,0.40128687,0.37736076,0.4573264,0.37671363
1922,0.20363115,0.27264208,0.28543937,0.30931383,0.31611508,0.35391158,0.325593,0.38545853,0.39796478,0.3699826,0.4463699,0.36341515
1923,0.2247172,0.28753558,0.295928,0.31521073,0.31925124,0.35338914,0.32431453,0.37949717,0.39276114,0.36257482,0.4382221,0.35275447
1924,0.30357033,0.3426861,0.33862865,0.3438735,0.34168655,0.36913168,0.34232673,0.3860674,0.40620953,0.3709888,0.43989283,0.3570754
1925,0.2883318,0.3360294,0.33035082,0.3391046,0.34460747,0.37307262,0.34443405,0.388059,0.40302968,0.3689955,0.44317085,0.35976365
1926,0.25581402,0.3168224,0.31423703,0.32939336,0.3411541,0.37417477,0.34217685,0.38811874,0.39773542,0.36573434,0.4454948,0.36283815
1927,0.23980989,0.30828333,0.30612138,0.32383603,0.33760375,0.37252116,0.3369307,0.38288563,0.38950393,0.35896903,0.44238466,0.36037147
1928,0.22984357,0.30307132,0.3004601,0.32036453,0.33470356,0.37080592,0.3328768,0.3799048,0.38409978,0.3553106,0.441688,0.36251578
1929,0.25135237,0.31878725,0.31181902,0.3288377,0.34058458,0.3753566,0.33753353,0.3831516,0.38829464,0.3601307,0.44575632,0.37199622
1930,0.29180807,0.3474095,0.33322728,0.3447938,0.35379812,0.38616464,0.35003042,0.39273787,0.39989188,0.37139046,0.45447528,0.3869724
1931,0.2410661,0.31261304,0.3031741,0.32617033,0.34367302,0.3812585,0.34589732,0.396492,0.39688993,0.37259007,0.46193022,0.39769423
1932,0.21459845,0.29285744,0.28724152,0.3160063,0.33642238,0.37735614,0.3432422,0.3982705,0.39597824,0.37560615,0.46664637,0.40658686
1933,0.20055875,0.28140002,0.27681413,0.30821073,0.3287922,0.37108946,0.33740467,0.39509317,0.39155084,0.37383428,0.46627444,0.4082307
1934,0.1580072,0.24899292,0.24819247,0.28611207,0.3090191,0.35450363,0.31987956,0.3824495,0.37525854,0.36064547,0.45871973,0.3993153
1935,0.19868189,0.27522847,0.26854944,0.29800767,0.31233415,0.35448408,0.32022026,0.38052243,0.3785218,0.3637129,0.45628116,0.3992747
1936,0.18435895,0.2631235,0.25627676,0.28787795,0.30304652,0.34552333,0.3126676,0.3754965,0.37309837,0.35944754,0.45311332,0.3958463
1937,0.14362027,0.23143598,0.23012102,0.26856405,0.2880149,0.33386233,0.3050817,0.37299395,0.37009418,0.36151358,0.4568446,0.4022208
1938,0.12787142,0.2173038,0.21871932,0.2585712,0.2765767,0.32394516,0.29675496,0.36706644,0.36545452,0.35957748,0.45474273,0.40053797
1939,0.12403857,0.21172349,0.2136262,0.2525921,0.2667522,0.3142127,0.28727978,0.35890508,0.3587378,0.35354346,0.44773322,0.39231184
1940,0.14690304,0.22564384,0.22438338,0.25815088,0.26565126,0.3112375,0.28536958,0.35667932,0.36063105,0.35460502,0.44365567,0.3885846
1941,0.20061767,0.26228398,0.2532838,0.27767634,0.27725828,0.31889185,0.29509228,0.3639455,0.37365705,0.3644027,0.443961,0.3909754
1942,0.15969092,0.23224704,0.22804739,0.2605297,0.26753485,0.31103528,0.28966814,0.36199394,0.36643338,0.3594177,0.44043052,0.38696608
1943,0.13659106,0.21530281,0.21659258,0.25427136,0.26394144,0.3107212,0.29313493,0.36814553,0.3729532,0.36992595,0.44950584,0.3998225
1944,0.1327412,0.21188927,0.21412385,0.2525271,0.26059628,0.3071565,0.289107,0.36561483,0.36920488,0.3667146,0.4446222,0.39524806
1945,0.1346055,0.21272603,0.21393538,0.25131422,0.25699505,0.30163854,0.28160352,0.35927898,0.3612367,0.35778025,0.43404147,0.3835866
1946,0.187931,0.25125745,0.24438795,0.27173704,0.26998055,0.30901313,0.28751954,0.3625702,0.36854118,0.36051965,0.4293726,0.37967086
1947,0.19892648,0.2610128,0.2511295,0.27670822,0.27700377,0.31269425,0.2903301,0.3644944,0.36957318,0.35864708,0.42645156,0.37611738
1948,0.1668092,0.24069779,0.2349912,0.26623216,0.27331105,0.30990475,0.2858731,0.36180088,0.36266392,0.35146576,0.42400718,0.37163872
1949,0.14754854,0.22895557,0.22758055,0.2626774,0.2732367,0.311555,0.28794426,0.3653308,0.366529,0.35665166,0.43185577,0.38095555
1950,0.1434271,0.22833627,0.22804506,0.262368,0.2731798,0.3099849,0.2835524,0.3594019,0.36136767,0.34894487,0.42761725,0.3724112
1951,0.15050851,0.2359697,0.23522903,0.26642668,0.27634892,0.31021562,0.2812146,0.3533935,0.358383,0.34209603,0.42357957,0.3625234
1952,0.22063819,0.2880697,0.27886444,0.29687974,0.30083215,0.32789922,0.2995622,0.36123312,0.376705,0.35352042,0.43055996,0.36760464
1953,0.20862812,0.2835015,0.2752576,0.29569608,0.30646956,0.33302072,0.30435592,0.3636353,0.3796891,0.35417703,0.43733764,0.36862358
1954,0.18612754,0.26996794,0.2659616,0.2904467,0.306965,0.33586013,0.30669415,0.36555552,0.38201234,0.35589364,0.4440419,0.37090158
1955,0.17049885,0.25937682,0.25961044,0.28764862,0.30808413,0.33987844,0.31175038,0.37224138,0.38994235,0.3647329,0.45520088,0.38150737
1956,0.16510543,0.256038,0.25810134,0.2871838,0.30878186,0.3410102,0.31270736,0.37249935,0.39157915,0.3656574,0.45758364,0.38046217
1957,0.19195232,0.27462974,0.27394193,0.2986741,0.31778684,0.34815794,0.32098302,0.37741655,0.40054286,0.3727231,0.4614849,0.38384247
1958,0.22767586,0.29961646,0.29459542,0.31430465,0.3318166,0.36039466,0.33518216,0.38799214,0.4146139,0.38472643,0.46952993,0.39328602
1959,0.18355161,0.26949954,0.2709696,0.29935688,0.32473367,0.35763657,0.33169866,0.38947296,0.41049206,0.3826332,0.47277606,0.39402795
1960,0.16228826,0.25370735,0.26076025,0.29335022,0.32168704,0.35846454,0.33256623,0.3936989,0.41286582,0.38683176,0.47745037,0.39895368
1961,0.14496158,0.24064767,0.2532392,0.2895888,0.32069716,0.36088163,0.336114,0.4013639,0.4197382,0.39634198,0.4858954,0.4091329
1962,0.13961633,0.2355386,0.25028986,0.28736997,0.31774986,0.35901898,0.33440527,0.40100163,0.41890323,0.39656514,0.4848448,0.40804774
1963,0.20481491,0.28006607,0.28706494,0.31343257,0.33486718,0.3730163,0.35010916,0.41193932,0.4357019,0.4098715,0.4885419,0.41513133
1964,0.18631251,0.26745656,0.2775818,0.3079818,0.3333186,0.3725918,0.3505296,0.413707,0.43315017,0.4086421,0.4878797,0.41451702
1965,0.15633662,0.24575573,0.26144564,0.29698598,0.32507116,0.3674668,0.34464842,0.410339,0.4246235,0.4024576,0.48333126,0.40943405
1966,0.1404895,0.23375736,0.25362468,0.29181784,0.31977218,0.36467865,0.3417518,0.40972954,0.42177427,0.40187675,0.4822228,0.40935576
1967,0.13443214,0.22835946,0.25031137,0.2891556,0.31464946,0.36055443,0.33739492,0.40692747,0.41805813,0.39951545,0.4793048,0.40683478
1968,0.17724639,0.25610685,0.27144194,0.3017056,0.31633878,0.35816586,0.3325135,0.39787936,0.41064844,0.3877097,0.4648152,0.3894618
1969,0.2258848,0.28908533,0.29660413,0.31755772,0.3241759,0.360393,0.33361676,0.39202404,0.40700093,0.3788539,0.45298207,0.37469167
1970,0.23039986,0.29297587,0.29890203,0.31873825,0.32588896,0.3604852,0.33281365,0.38856882,0.4017864,0.3723112,0.447801,0.36697313
1971,0.23455507,0.2968109,0.3014109,0.31966013,0.3268745,0.36059332,0.33124816,0.38378268,0.3960623,0.365557,0.44226536,0.358971
1972,0.2302741,0.2952881,0.30036318,0.3200336,0.32848746,0.36350256,0.33324257,0.38600138,0.39655688,0.36654884,0.44485432,0.36292768
1973,0.23071724,0.2971245,0.30065763,0.31949592,0.328075,0.3625937,0.3302166,0.3806326,0.3905201,0.36034134,0.4406059,0.35747212
1974,0.2932459,0.34193677,0.33493227,0.34245944,0.3460197,0.3753149,0.34372777,0.38491273,0.40033326,0.36714086,0.44280547,0.36315185
1975,0.2830748,0.33826873,0.32842398,0.3383857,0.34739676,0.37748632,0.34372303,0.38514033,0.39643764,0.36433616,0.4449328,0.36570227
1976,0.24844874,0.31643808,0.30916366,0.32581288,0.3402426,0.37465096,0.33771563,0.38278168,0.3885396,0.35879883,0.44542292,0.36697078
1977,0.22803134,0.30267823,0.2975915,0.3191569,0.33550364,0.37309456,0.33500725,0.38347024,0.38582405,0.358677,0.44833028,0.37378722
1978,0.21582587,0.2935863,0.2897074,0.3153761,0.33269078,0.3722182,0.33523577,0.3875655,0.3879436,0.36404318,0.4548661,0.3863543
1979,0.22880213,0.30195963,0.29518807,0.3191621,0.3341821,0.37280816,0.3366397,0.38920397,0.3904841,0.36778814,0.45747215,0.3927883
1980,0.2798686,0.3369066,0.32216066,0.3384706,0.34858608,0.38378787,0.3500428,0.3991601,0.40434045,0.38076514,0.4647703,0.40567756
1981,0.23665358,0.30653724,0.29522967,0.3204615,0.33826363,0.3769464,0.34435976,0.39892057,0.39859045,0.377851,0.46661025,0.40824604
1982,0.17625643,0.2621555,0.25809965,0.29348993,0.31714627,0.3614105,0.32752803,0.38815236,0.381208,0.3642572,0.4598347,0.40018514
1983,0.13933301,0.23290333,0.2342168,0.2757357,0.3009169,0.34821558,0.31624615,0.3819222,0.37348557,0.36216575,0.4597177,0.4034152
1984,0.12485368,0.21950601,0.22217587,0.26469332,0.28711098,0.33498335,0.30406573,0.3725577,0.36575803,0.35799694,0.45630234,0.4012794
1985,0.15746416,0.24015799,0.23758863,0.27242547,0.28594166,0.3307062,0.30010033,0.36742252,0.36651963,0.3581577,0.45185488,0.39744592
1986,0.19262472,0.263203,0.2547773,0.28266057,0.28995836,0.33154953,0.30278018,0.36853322,0.37283453,0.36256063,0.4505428,0.3970263
1987,0.15310958,0.23314162,0.22935882,0.2638015,0.27614197,0.32010493,0.2934681,0.3628771,0.36395293,0.3556648,0.44606894,0.39102367
1988,0.13581067,0.21850242,0.21847118,0.25521386,0.2674404,0.31346402,0.2888109,0.3605189,0.36171085,0.35588652,0.44514573,0.39088297
1989,0.123514965,0.20813233,0.21103077,0.25004312,0.261912,0.30977243,0.2891184,0.3630445,0.36725375,0.3648013,0.45219618,0.40084338
1990,0.123864025,0.20643197,0.20928054,0.2474129,0.25581977,0.30315006,0.28213087,0.35721195,0.36139083,0.35865328,0.4440018,0.3913443
1991,0.16677025,0.2358308,0.23246849,0.26249343,0.263009,0.30655804,0.28526342,0.35902572,0.36689204,0.36101097,0.4385702,0.38625026
1992,0.19838747,0.2581513,0.24938771,0.27438146,0.27247745,0.3122828,0.29166627,0.36428025,0.3733183,0.36445284,0.43564802,0.38407716
1993,0.16139749,0.23247468,0.22801453,0.26008007,0.26555446,0.30624026,0.2851886,0.36079964,0.36332777,0.35541496,0.4288823,0.37588683
1994,0.14331403,0.2204287,0.21997038,0.25596392,0.26393634,0.30632764,0.28595465,0.36364296,0.36507562,0.3589891,0.43251783,0.38154113
1995,0.13523172,0.21575858,0.216912,0.2542581,0.2626717,0.3046768,0.28347856,0.36233145,0.3633657,0.3574536,0.43148226,0.3807071
1996,0.13657026,0.21803519,0.2185473,0.2540054,0.26102182,0.30027983,0.27581653,0.35417613,0.3547335,0.3461173,0.4211401,0.36680356
1997,0.17928216,0.2504718,0.24520957,0.2716112,0.27355388,0.30715945,0.28087264,0.3543678,0.36008146,0.346021,0.41789272,0.36140198
1998,0.21575141,0.27934468,0.2688154,0.288319,0.28967255,0.31834996,0.2916084,0.35916153,0.36933768,0.3498041,0.42097026,0.36222383
1999,0.18068933,0.2584195,0.25235897,0.27788043,0.2877955,0.3176632,0.2891513,0.35679424,0.3643055,0.34355712,0.4227529,0.3585307
2000,0.16061608,0.24595007,0.24462543,0.27410534,0.28876746,0.32131392,0.29354903,0.3620842,0.37095994,0.3510388,0.43385333,0.3697139
2001,0.15580334,0.24472405,0.2453638,0.27527952,0.29173526,0.32390332,0.29543963,0.3617949,0.3733709,0.3518521,0.43791676,0.36977687
2002,0.1573632,0.2477822,0.24908683,0.27822426,0.29552442,0.32626095,0.29736745,0.36073732,0.3758815,0.3521521,0.44053525,0.36752114
2003,0.18507385,0.26845616,0.26698488,0.29130882,0.3071311,0.335084,0.3075531,0.36603525,0.3873735,0.3606987,0.44734564,0.37208322
2004,0.23602681,0.30494732,0.29731154,0.3138607,0.32756954,0.35222614,0.32755765,0.3791935,0.4074975,0.3771155,0.4593271,0.38446495
2005,0.19641724,0.27869076,0.27720255,0.30203146,0.32467985,0.35367888,0.3289708,0.3848402,0.40900722,0.38016385,0.46825102,0.39039317
2006,0.16960579,0.25945607,0.26478183,0.2951249,0.32257658,0.35649142,0.33202422,0.3916808,0.41401616,0.38695434,0.47677052,0.39844856
2007,0.16037196,0.2522741,0.26032385,0.29251313,0.32036376,0.3558907,0.33068553,0.39118224,0.41229737,0.38556677,0.4757595,0.39570683
2008,0.1549621,0.24752271,0.2574448,0.29071215,0.3183176,0.35480475,0.32930666,0.39090416,0.41125232,0.38507095,0.4749083,0.39416975
2009,0.16418734,0.252934,0.262768,0.2945646,0.32038736,0.3568297,0.33181238,0.39335662,0.41459015,0.38832957,0.47572327,0.395482
2010,0.22106841,0.29200307,0.2953578,0.31832707,0.3380481,0.37187088,0.34897983,0.4059081,0.43202722,0.40277398,0.48217195,0.4052782
2011,0.18835889,0.27041465,0.28073275,0.31090528,0.33831567,0.3761527,0.35460436,0.41612262,0.43762648,0.41125506,0.49169213,0.41600317
2012,0.15710421,0.24822223,0.26510477,0.30087703,0.33179092,0.37360686,0.35142937,0.41608632,0.43281642,0.40907884,0.490781,0.41508734
2013,0.14427085,0.2378929,0.25719646,0.29482037,0.32430258,0.36784554,0.34411442,0.4100643,0.4234919,0.40123785,0.4835865,0.4076554
2014,0.13975407,0.23307633,0.2529161,0.29059395,0.31684425,0.3607462,0.33558166,0.40221536,0.41369352,0.3923607,0.47498173,0.398678
2015,0.1410385,0.23212025,0.2515776,0.28791684,0.30993056,0.35324818,0.3267436,0.39340943,0.40406865,0.38278607,0.46543625,0.38774315
2016,0.21150382,0.2802946,0.29065812,0.31473947,0.32559958,0.3644013,0.33909547,0.4003408,0.41763294,0.39160258,0.46592575,0.39049464
2017,0.20373464,0.27535906,0.28664714,0.31262833,0.32548285,0.36384892,0.33892912,0.40058523,0.41485226,0.38878834,0.46458238,0.38796008
2018,0.1788199,0.25727028,0.27211124,0.30137807,0.31532538,0.35497993,0.327395,0.38967046,0.3992859,0.37357125,0.4534746,0.37225816
2019,0.17180857,0.2513693,0.2671852,0.29593432,0.30728793,0.34663275,0.31623262,0.3771307,0.38539267,0.35912713,0.44069615,0.355192
2020,0.1689008,0.24869037,0.26424244,0.29161465,0.30038977,0.33816501,0.30569398,0.36479938,0.37317574,0.34655893,0.42884317,0.33961496
2021,0.17121036,0.2497708,0.2639739,0.28920174,0.2956102,0.3311461,0.29767042,0.35501462,0.36461067,0.33783054,0.41953972,0.32807314
2022,0.264843,0.31420222,0.31485695,0.32457316,0.32139245,0.3504175,0.32162794,0.37002748,0.3899369,0.35841018,0.42970273,0.34648383
2023,0.2815275,0.3280947,0.32240242,0.33055615,0.33188435,0.3588434,0.3311819,0.3774683,0.39574265,0.36368102,0.43599796,0.35469812
2024,0.25220385,0.31066537,0.30635577,0.32014546,0.32939005,0.35942084,0.32940915,0.37777776,0.39030793,0.36003125,0.43725485,0.35575098
2025,0.23582843,0.30146492,0.29849172,0.31607544,0.32904375,0.3620357,0.33001444,0.37976658,0.38875496,0.35988337,0.43969357,0.36061957
2026,0.22436583,0.2953189,0.293114,0.31409335,0.32923123,0.36435047,0.33096677,0.38231927,0.38842312,0.36111495,0.44326806,0.36756915
2027,0.21572097,0.29047692,0.28898555,0.31303748,0.3295467,0.36641163,0.33275235,0.38609242,0.39021182,0.36487302,0.4488608,0.37743464
2028,0.2597024,0.3218298,0.31502473,0.33394983,0.3468421,0.38198003,0.35142726,0.4026656,0.41040334,0.38541216,0.46418166,0.40165693
2029,0.26694122,0.32847437,0.3192703,0.33860534,0.35339606,0.3884022,0.35862288,0.40951496,0.41597754,0.39139885,0.47095954,0.41122833
2030,0.23155716,0.30468956,0.29848507,0.3241623,0.3439641,0.38224193,0.35033154,0.40387315,0.40478873,0.38198736,0.46776503,0.406688
2031,0.21416542,0.29207686,0.28732008,0.3157653,0.33610225,0.37647584,0.3426366,0.39776006,0.39567322,0.37464923,0.46373063,0.40284914
2032,0.20592766,0.2853561,0.28045145,0.310098,0.32941842,0.37054378,0.33572316,0.39223206,0.38882852,0.36946964,0.4605158,0.40050903
2033,0.19817936,0.27846965,0.273608,0.30476046,0.32362086,0.36532232,0.33156422,0.3902834,0.3868779,0.36996928,0.46168473,0.40423054
2034,0.2119435,0.2866043,0.27935737,0.30838007,0.3248412,0.36561888,0.3343105,0.39351892,0.39290795,0.37766927,0.46667957,0.41305438
2035,0.20475225,0.28012264,0.27214664,0.30183452,0.318266,0.35945237,0.3278417,0.38798884,0.38651663,0.3713324,0.46197373,0.40689623
2036,0.15755968,0.2443781,0.2414412,0.2784391,0.29883277,0.34370464,0.3115568,0.37635398,0.37040985,0.35788092,0.4539101,0.39664716
2037,0.13725704,0.22681575,0.22653404,0.2655084,0.284361,0.33079058,0.29861426,0.3662425,0.35968217,0.34991318,0.44700426,0.38968736
2038,0.12845397,0.21755071,0.2180548,0.2570392,0.27272257,0.3192886,0.2881131,0.35790366,0.35306343,0.34552532,0.44207716,0.38522315
2039,0.12074294,0.20932785,0.21081541,0.25006032,0.2635452,0.31057227,0.28300792,0.35515153,0.3545145,0.35007566,0.4450382,0.39050192
2040,0.16722542,0.24080154,0.23641519,0.26694298,0.27214354,0.31666678,0.29307994,0.36388052,0.37297106,0.3678499,0.4541061,0.40333426
2041,0.18944201,0.25528526,0.24725696,0.27409634,0.2769603,0.31913078,0.29715863,0.36708128,0.37773085,0.36987132,0.45080405,0.3992949
2042,0.15415603,0.22892195,0.2257265,0.25909847,0.2675701,0.3115362,0.29060146,0.3633847,0.36847618,0.3619646,0.44386303,0.39077097
2043,0.14025386,0.21767282,0.21732153,0.2530368,0.26153076,0.30659607,0.2854855,0.3601712,0.362419,0.3570156,0.43747747,0.38434273
2044,0.13486567,0.21304063,0.21354169,0.25018698,0.25734788,0.30215508,0.28077915,0.35701272,0.35801032,0.3532948,0.4320286,0.3793586
2045,0.130805,0.21016411,0.21156417,0.24941613,0.25604945,0.3008911,0.28104728,0.3589356,0.3613276,0.35814214,0.43519452,0.38483268
2046,0.17342459,0.24149182,0.23759615,0.2685706,0.2698124,0.31168807,0.29349396,0.3700713,0.3788095,0.37382758,0.4439357,0.39713857
2047,0.19558163,0.25858343,0.2503195,0.27708465,0.2781583,0.3155653,0.2955714,0.37044585,0.37840998,0.36910346,0.43654668,0.38806206
2048,0.16232857,0.23716298,0.2327376,0.2647093,0.2725362,0.30983776,0.28685904,0.3631032,0.36515003,0.3544844,0.4270382,0.3743837
2049,0.15062793,0.23093821,0.2288594,0.26165938,0.27079797,0.30755085,0.28141978,0.35709974,0.3576699,0.3450911,0.42070493,0.3645761
2050,0.147628,0.2311032,0.2298984,0.26209113,0.27141017,0.30656534,0.2782383,0.3523983,0.35404518,0.33939603,0.4177293,0.35830674
2051,0.14631186,0.2321514,0.23179442,0.2634869,0.27362692,0.30751666,0.27886114,0.3517424,0.35635197,0.34038717,0.42111468,0.3596812
2052,0.19008414,0.2646426,0.25980788,0.28388575,0.29126555,0.32199788,0.29575798,0.36392638,0.37724108,0.358369,0.4357354,0.37616035
2053,0.22563195,0.2929731,0.2838592,0.30168134,0.30972785,0.3363263,0.31048435,0.37075773,0.3897764,0.36516964,0.44321376,0.37909988
2054,0.19456929,0.27493668,0.27014858,0.2935149,0.30979872,0.33794522,0.31051832,0.36954665,0.38693932,0.36075872,0.4466094,0.37484992
2055,0.18151623,0.26758862,0.2658649,0.291527,0.31108463,0.3407836,0.3124128,0.36994597,0.38825858,0.36106166,0.45001942,0.37392074
2056,0.17385948,0.26304734,0.26329938,0.2907036,0.3120142,0.34261551,0.31395775,0.37116036,0.39038235,0.36283904,0.45350772,0.37491524
2057,0.16789359,0.25872847,0.2609865,0.2899537,0.31259346,0.34424198,0.31605193,0.37411243,0.3942629,0.3669924,0.45851505,0.378943
2058,0.19326922,0.27561435,0.27685496,0.30263844,0.32421774,0.35607725,0.3306148,0.38818064,0.41269037,0.38520116,0.47271985,0.396366
2059,0.23476538,0.30469108,0.30164832,0.3217538,0.34126723,0.37162656,0.34849387,0.4022302,0.4305852,0.4007542,0.48334682,0.40884086
2060,0.18797627,0.2730633,0.27705592,0.30616552,0.33374557,0.36832803,0.34417892,0.4022044,0.4240446,0.39622802,0.48450392,0.40681738
2061,0.16615182,0.25704575,0.26594293,0.2989608,0.3285764,0.36664256,0.3413614,0.40180132,0.4205815,0.39418963,0.4836424,0.40507406
2062,0.15297449,0.2467503,0.2587711,0.294199,0.32398334,0.36403245,0.3380034,0.4006058,0.41720372,0.39233825,0.48188007,0.40339303
2063,0.14483762,0.23963726,0.25381202,0.29044753,0.319398,0.3606709,0.33444324,0.39894366,0.4143065,0.3910135,0.47978544,0.40190417
2064,0.1498387,0.24216925,0.25810897,0.2940145,0.3221081,0.3647635,0.3406668,0.40720612,0.42449582,0.4030873,0.48744822,0.4130305
2065,0.20445403,0.27969295,0.2895077,0.3166709,0.33744472,0.3779718,0.35615015,0.419487,0.4417467,0.41763276,0.49307433,0.4224064
2066,0.17845312,0.261272,0.27479514,0.30684173,0.33116472,0.37266985,0.3508689,0.41543713,0.43197823,0.40933055,0.48712045,0.4152411
2067,0.15661326,0.24445409,0.26134366,0.29656577,0.32072407,0.36410052,0.34004486,0.40590197,0.41726905,0.39565253,0.47614676,0.4018997
2068,0.14951354,0.23757523,0.25525287,0.29057586,0.3111816,0.35476544,0.32775843,0.3936042,0.40191382,0.3800895,0.46239334,0.38502714
2069,0.14929502,0.23559323,0.25303224,0.28675616,0.30276018,0.34519765,0.31552193,0.38041955,0.38749796,0.3648051,0.4480757,0.36683655
2070,0.17830741,0.25512835,0.26984563,0.29846817,0.30862647,0.34943768,0.32116988,0.38525707,0.3961296,0.37240607,0.45115307,0.37234718
2071,0.26732367,0.31656426,0.31907445,0.33284098,0.33187568,0.36602432,0.3400513,0.3955924,0.41398194,0.3834166,0.4533443,0.37704328
2072,0.28217056,0.32833046,0.32586175,0.33656186,0.3379104,0.36820158,0.34149516,0.391181,0.40722704,0.3744011,0.44616956,0.3661988
2073,0.25659078,0.31340122,0.3118859,0.32596946,0.33361763,0.365293,0.33502248,0.38344,0.39466113,0.36282477,0.43969136,0.3559726
2074,0.24380901,0.30720302,0.30581522,0.32158208,0.33192012,0.36498663,0.33143452,0.37869248,0.38742435,0.35648823,0.43625176,0.3522296
2075,0.23463273,0.3032232,0.30127794,0.31879067,0.33052185,0.364564,0.32835525,0.37556127,0.3820578,0.3523088,0.43490544,0.3524518
2076,0.22487082,0.297707,0.295968,0.31658643,0.32953137,0.3654073,0.3284207,0.37769943,0.38205174,0.3542689,0.43955594,0.36179936
2077,0.25483167,0.31919003,0.3124615,0.3291589,0.33925718,0.3735597,0.33784142,0.38514113,0.39162564,0.36409265,0.44738582,0.3760828
2078,0.2952132,0.34823808,0.33393836,0.34487632,0.35289046,0.38461202,0.3501591,0.39386046,0.40224472,0.37378958,0.45491636,0.38846692
2079,0.2448001,0.31439942,0.30404896,0.32519692,0.34157664,0.37811804,0.3424314,0.39243525,0.3935628,0.36823934,0.4568025,0.3906147
2080,0.22229959,0.2979304,0.29046953,0.31636804,0.3349437,0.3745947,0.33876163,0.39216915,0.39028817,0.3679377,0.45867476,0.39550292
2081,0.20798627,0.28671116,0.28047204,0.3096703,0.3289318,0.3700575,0.33492547,0.3912962,0.38786638,0.36835566,0.46032903,0.4002123
2082,0.1581593,0.24949196,0.24899721,0.28733194,0.3112399,0.35628456,0.322798,0.38573205,0.37899154,0.36459523,0.46131617,0.40339285
2083,0.13291019,0.22867113,0.23142631,0.2729088,0.29637882,0.34329283,0.31102872,0.37783694,0.37164167,0.361424,0.46011192,0.40353507
2084,0.18610565,0.26414946,0.25916475,0.2895001,0.30209404,0.3446247,0.31209895,0.375529,0.3765437,0.36422628,0.456624,0.40055627
2085,0.19130236,0.26599988,0.2584309,0.28727528,0.2984925,0.33975798,0.30861095,0.37246665,0.374829,0.36173403,0.45286137,0.3958822
2086,0.15479577,0.237656,0.23441325,0.26890835,0.28380656,0.32770652,0.29788586,0.3655736,0.3649034,0.35408285,0.44747722,0.38928932
2087,0.13850667,0.22332826,0.22293231,0.2592207,0.27335894,0.3187765,0.2899684,0.36002415,0.3589499,0.3502088,0.44289368,0.38480902
2088,0.12917013,0.21447048,0.21596882,0.25363517,0.26690257,0.313515,0.28834808,0.3606868,0.36250907,0.3568659,0.44740528,0.39213684
2089,0.122443296,0.20791602,0.21093644,0.24952555,0.26158464,0.3091535,0.28728053,0.36143768,0.36644924,0.36305952,0.45147574,0.39807147
2090,0.12506516,0.20779787,0.21049646,0.24777946,0.25652355,0.30346993,0.281773,0.35684812,0.36257386,0.35873324,0.44449806,0.38988215
2091,0.19160604,0.25392914,0.24734776,0.27275974,0.27127248,0.31335902,0.2921733,0.36418775,0.37594372,0.36752295,0.4422388,0.3892114
2092,0.19469082,0.25608438,0.24786842,0.27391237,0.2752496,0.31543738,0.2958209,0.368222,0.37763354,0.36826006,0.43949544,0.3870835
2093,0.15813933,0.23053722,0.2274563,0.26071548,0.26855996,0.31043372,0.29061002,0.3659996,0.36897856,0.36130875,0.43419254,0.38155764
2094,0.13855569,0.21749574,0.2186877,0.25632313,0.26647347,0.31009042,0.29081714,0.36841345,0.36986312,0.36434194,0.4375254,0.38721827
2095,0.13048595,0.2129192,0.21598385,0.25518787,0.26552176,0.30893978,0.28922573,0.36818832,0.36967885,0.364894,0.43858328,0.3893243
2096,0.13372038,0.216391,0.2183244,0.2550276,0.2633502,0.30368853,0.28017637,0.35858673,0.3594864,0.35165602,0.42654055,0.37331054
2097,0.13925946,0.22196923,0.22285677,0.25651616,0.26335746,0.30034482,0.27394933,0.35066968,0.3527307,0.34149167,0.41765767,0.3599038
2098,0.18640599,0.25737232,0.2522565,0.27615744,0.27812096,0.30937716,0.2822795,0.35290533,0.3615957,0.34475282,0.4175321,0.35764593
2099,0.22823228,0.28970397,0.2788362,0.2952854,0.29688752,0.3233649,0.296938,0.36067882,0.37481236,0.35252666,0.42414558,0.3624465
2100,0.1843147,0.26217088,0.25738072,0.28245205,0.29482296,0.32462442,0.29798794,0.36411908,0.375214,0.35355145,0.43342775,0.3685385
2101,0.16618785,0.25151965,0.25157863,0.2800631,0.2970268,0.3292517,0.30246738,0.3683261,0.3807076,0.3587583,0.44260186,0.37549153
2102,0.16466284,0.25321546,0.2546289,0.28291586,0.30124944,0.3324202,0.30413014,0.36601642,0.3813317,0.35659248,0.44405115,0.370455
2103,0.16695926,0.25655842,0.25832024,0.28600773,0.30494165,0.33485937,0.30619982,0.36507696,0.3835072,0.35684097,0.44598114,0.3676927
2104,0.1689179,0.25830668,0.2604022,0.2877624,0.30709326,0.33635855,0.30812943,0.3656835,0.38634557,0.35879427,0.4483496,0.36750644
2105,0.19547626,0.27634886,0.27575815,0.2989078,0.31627092,0.3439908,0.3175816,0.37227815,0.39699152,0.36799622,0.4542728,0.37407696
2106,0.24101463,0.30773073,0.30228168,0.31925762,0.33498353,0.36159998,0.3384291,0.3895924,0.4190533,0.38814372,0.4691792,0.39282244
2107,0.20212835,0.28186393,0.28361082,0.3092535,0.33418798,0.36613208,0.34348166,0.40030608,0.42486802,0.39647782,0.48162907,0.4049707
2108,0.17474835,0.2628684,0.27018285,0.30106187,0.3298388,0.36569947,0.34175605,0.40099686,0.42190772,0.3946433,0.48241776,0.40385592
2109,0.16047858,0.25253147,0.2631602,0.29688388,0.32660693,0.36468917,0.33958274,0.40043387,0.41921502,0.392775,0.48164576,0.40209454
2110,0.15177017,0.24560247,0.258407,0.29374012,0.32316732,0.3625364,0.33673352,0.39914817,0.41651806,0.39112228,0.48010868,0.40042457
2111,0.14478937,0.23933609,0.2539755,0.29026264,0.3188318,0.35924888,0.3333059,0.39749855,0.41381216,0.389927,0.4781258,0.3990962
2112,0.88326204,0.703631,0.6107174,0.5459073,0.50363576,0.52502906,0.5274646,0.53235334,0.5955072,0.5380614,0.5646912,0.53149736
2113,1.6896133,1.0845323,0.78241503,0.7217386,0.6305927,0.62190825,0.73169315,0.7382097,0.7402581,0.72980744,0.65382564,0.578992
2114,1.4622768,1.0382663,0.8653473,0.77534455,0.792922,0.7844541,0.8358234,0.7719086,0.7771853,0.74500906,0.6549207,0.58515286
2115,1.634697,1.2080077,1.0709748,0.9549359,0.9391008,0.9177871,0.95669746,0.838988,0.82095444,0.74590456,0.6183745,0.54989445
2116,1.5413513,1.1994553,1.1303008,1.0009221,0.96716595,0.9429826,0.94656986,0.8125273,0.77480793,0.6670056,0.54905504,0.4980724
2117,1.4223524,1.1569645,1.1211882,0.99657434,0.9392839,0.9081918,0.8790501,0.749444,0.6966619,0.55940723,0.473041,0.44468677
2118,1.46249,1.1904117,1.1281948,0.9857897,0.90425706,0.8496049,0.79656404,0.6745415,0.6120174,0.46706742,0.41228986,0.41012478
2119,1.3770133,1.1340159,1.0511414,0.90999943,0.8216035,0.7539143,0.6866812,0.5870793,0.524411,0.38380095,0.36276084,0.37534025
2120,1.3306539,1.0869995,0.98006684,0.8306545,0.73861647,0.6602384,0.5904383,0.50765806,0.44813946,0.3313983,0.32803938,0.3449613
2121,1.7038742,1.271752,1.050641,0.85585916,0.74486935,0.6293251,0.5546314,0.47413337,0.39656988,0.33563894,0.33175832,0.3450578
2122,1.1542846,0.89638186,0.7697119,0.629442,0.55663216,0.4759643,0.44505587,0.39071372,0.3620171,0.28890786,0.30081725,0.3057276
2123,1.4684956,1.0756211,0.8574444,0.681848,0.5965258,0.4866926,0.4562049,0.40229118,0.33984423,0.3070807,0.29885057,0.31383428
2124,1.5420915,1.086986,0.81139386,0.64592946,0.56511563,0.43506002,0.43879938,0.39813042,0.33031094,0.2942747,0.29094738,0.30382273
2125,0.76261276,0.5828315,0.49564832,0.4127451,0.38026154,0.3078472,0.3449998,0.32264435,0.33410242,0.29210007,0.27413386,0.29078743
2126,1.0716298,0.79758435,0.6455414,0.51381147,0.45990652,0.36284536,0.38685375,0.3621308,0.3244973,0.3194869,0.27475852,0.3017643
2127,0.7854454,0.6045389,0.51360893,0.42188823,0.38994372,0.3060482,0.3438573,0.3357549,0.31104583,0.30124152,0.2606361,0.28094327
2128,0.23061374,0.23018387,0.2566483,0.2625583,0.27589896,0.24892816,0.306491,0.3132854,0.28655446,0.2915643,0.27110395,0.3123162
2129,0.17857313,0.19811243,0.24194089,0.26072282,0.2672107,0.25362638,0.30483773,0.31353498,0.26524085,0.29962516,0.29881352,0.35718012
2130,0.16036603,0.18010727,0.23637451,0.25611708,0.24787818,0.2452204,0.28988057,0.2960738,0.26329923,0.30749303,0.32519305,0.39468193
2131,0.15502721,0.16798791,0.23294346,0.24627781,0.22106963,0.23634282,0.2747362,0.27187562,0.2726162,0.32210213,0.35740194,0.43732968
2132,0.1347928,0.14444296,0.21915331,0.22676808,0.18693362,0.22552994,0.26217937,0.2516007,0.29489118,0.35144776,0.40687394,0.4944138
2133,0.19543865,0.18088584,0.25167757,0.23981431,0.17603204,0.23475951,0.26449448,0.25158292,0.3313671,0.3916362,0.4624374,0.53861153
2134,0.19472015,0.17376058,0.25284633,0.23982543,0.16950822,0.24530025,0.28093222,0.26992622,0.37377772,0.4303066,0.5074676,0.56440187
2135,0.1625964,0.15033336,0.24084878,0.23877223,0.1761379,0.2649994,0.31196555,0.30982953,0.41744813,0.4704404,0.55413985,0.58624303
2136,0.15034696,0.14946733,0.2427154,0.2536976,0.2051751,0.30007303,0.3562765,0.3666647,0.46129197,0.5070558,0.59476405,0.6004784
2137,0.18240213,0.18773226,0.27071887,0.2889362,0.25530797,0.34711388,0.40552253,0.4264484,0.49653733,0.5288738,0.61236966,0.5969431
2138,0.20982614,0.22816397,0.30217463,0.32489094,0.30725008,0.38730693,0.4420213,0.4661222,0.51219577,0.53358054,0.609474,0.5859908
2139,0.1744113,0.22928716,0.31223297,0.34721673,0.34813157,0.4165159,0.46768087,0.48787352,0.5227341,0.54060996,0.6162614,0.59749395
2140,0.16549958,0.25140205,0.34130222,0.38170674,0.38119707,0.43853313,0.48355275,0.501477,0.53311384,0.544219,0.6268617,0.6127682
2141,0.987535,0.7684421,0.60723174,0.52662873,0.43652666,0.46417952,0.51530445,0.5823884,0.5958103,0.5623524,0.58915806,0.5633918
2142,1.2687901,0.8789877,0.5121372,0.47659063,0.3565458,0.38804793,0.5032159,0.57729363,0.54229254,0.47200504,0.4513033,0.47576672
2143,0.8004633,0.5935046,0.4009555,0.38017142,0.39329964,0.44442505,0.5042724,0.48830497,0.51142824,0.44794658,0.42604953,0.48335436
2144,0.72222924,0.570103,0.47325242,0.470975,0.47019684,0.53572035,0.5576682,0.53450394,0.53823423,0.4498855,0.4526055,0.49300677
2145,1.067093,0.8097994,0.70321006,0.64433527,0.62913764,0.66808397,0.6802665,0.6322886,0.6178131,0.5343331,0.5383906,0.5886084
2146,0.62549716,0.5766551,0.59771323,0.56155956,0.6042126,0.6218226,0.5932954,0.55815464,0.5791924,0.53359234,0.5718215,0.62460995
2147,1.3205506,1.053224,0.97450393,0.84847885,0.8643592,0.7914843,0.76594245,0.69849336,0.74007607,0.76439476,0.7512779,0.85650015
2148,1.8300126,1.4063189,1.2029555,1.0242031,0.98494023,0.87844634,0.86508405,0.8524039,0.93157494,1.0330409,0.96464217,1.0865417
2149,1.8213682,1.4731954,1.2027655,1.0388758,1.004296,0.9278328,0.956018,1.0147051,1.1086141,1.2157649,1.1191068,1.2024724
2150,0.58802205,0.8279191,0.76849955,0.7745005,0.8590504,0.8753026,0.88468444,0.967232,1.1233046,1.2053123,1.1194562,1.2085342
2151,0.42702806,0.6311391,0.65147597,0.7426644,0.79945594,0.8135267,0.89376867,1.0402458,1.1217827,1.2280396,1.1680198,1.2255204
2152,0.6488743,0.7118018,0.71873015,0.79160386,0.8288581,0.85903466,0.9590598,1.1281888,1.2013154,1.2880656,1.246668,1.2602994
2153,0.63795364,0.63906944,0.6996177,0.73282355,0.7733197,0.8577004,0.97163606,1.1568488,1.2426077,1.3361732,1.3069333,1.2773417
2154,0.67431545,0.61676955,0.6991155,0.7063177,0.7744655,0.9117375,1.0502036,1.233807,1.3157365,1.3728201,1.344654,1.2696936
2155,0.9886905,0.80388683,0.82415724,0.8145273,0.93502367,1.0962671,1.2695556,1.4060206,1.4579595,1.3914797,1.3496742,1.2122929
2156,1.8965881,1.2597979,1.0370171,1.022873,1.1516042,1.2641097,1.4501586,1.5731015,1.5126786,1.4465483,1.3396888,1.0348012
2157,1.950827,1.4408139,1.2744436,1.2638333,1.423708,1.4245774,1.575632,1.5671659,1.3780773,1.3080148,1.07093,0.84740996
2158,1.6975143,1.4537143,1.4168816,1.4664625,1.5931356,1.532079,1.6519556,1.5170383,1.267803,1.0941418,0.8361436,0.7337016
2159,1.3741152,1.3706425,1.4524221,1.5941763,1.6037565,1.5196319,1.5636313,1.376852,1.1475272,0.95544255,0.738796,0.70131326
2160,2.488031,1.9644847,1.72228,1.7296028,1.7076012,1.4842943,1.5134639,1.3341942,1.108826,0.96075356,0.783574,0.6422087
2161,2.383415,1.9627438,1.6468825,1.6510404,1.600361,1.3385547,1.3713634,1.2569289,0.9950353,0.9332007,0.7629219,0.64129686
2162,1.921364,1.7412199,1.5678229,1.5592642,1.4390193,1.2586458,1.2686841,1.1787283,0.9196297,0.8269266,0.65888464,0.62716866
2163,1.82613,1.7226914,1.5881445,1.5689076,1.3805096,1.2393435,1.1576359,1.0832288,0.81355834,0.6890756,0.5183797,0.51203835
2164,1.2812251,1.4277253,1.3934064,1.4400682,1.1979216,1.1113857,0.91175705,0.86085796,0.6270796,0.5018512,0.37407202,0.37982672
2165,1.2500502,1.3465594,1.2778854,1.2813984,1.0408547,0.9314969,0.72464067,0.65551203,0.47407308,0.36193293,0.2911928,0.3088106
2166,1.4470168,1.3580818,1.2088506,1.1129451,0.9010729,0.7518561,0.58432853,0.5055545,0.36610758,0.29984778,0.2696247,0.28245765
2167,1.3986597,1.2109873,1.0414226,0.8991695,0.739344,0.58458734,0.46310478,0.39623767,0.2941836,0.2809789,0.27073032,0.2658116
2168,1.02541,0.87937474,0.77966344,0.65625787,0.5581385,0.42654747,0.36821577,0.31269544,0.26017338,0.2824242,0.26516646,0.26145092
2169,1.386893,1.0554049,0.86429256,0.6698722,0.5795055,0.42098513,0.36716336,0.30682328,0.2473116,0.3127536,0.2941192,0.29120177
2170,1.7306712,1.2344277,0.8789833,0.6953741,0.5971405,0.40770745,0.4039027,0.3597096,0.25111273,0.2838446,0.2972903,0.28483513
2171,1.7206278,1.1680591,0.7772892,0.6311805,0.542245,0.35057312,0.4674155,0.40804857,0.31224242,0.26372963,0.25655732,0.24360494
2172,1.4943436,0.988614,0.6984076,0.5444988,0.4659255,0.29848477,0.45950434,0.3761133,0.3677285,0.2929405,0.25225133,0.25705224
2173,1.1895243,0.7968479,0.6250305,0.4629153,0.4054172,0.27452534,0.4187623,0.33460253,0.38273805,0.31041202,0.2462552,0.2636319
2174,0.85347587,0.59263515,0.5201131,0.38693362,0.3608529,0.2726703,0.38175884,0.31671047,0.3685173,0.31159925,0.24256504,0.2713583
2175,0.79035884,0.5766734,0.5120346,0.3928867,0.3782815,0.30195522,0.37962663,0.33376622,0.34660023,0.30944073,0.24600554,0.28563148
2176,0.55463254,0.4374146,0.40752724,0.33417434,0.35081908,0.29965135,0.3537861,0.32703662,0.32432476,0.29795736,0.25723583,0.30616483
2177,0.79041994,0.6397864,0.5281563,0.43260813,0.436087,0.35491967,0.3688998,0.35816947,0.30878884,0.3054419,0.2783983,0.32515496
2178,0.17654285,0.20319103,0.20359826,0.21289802,0.29732466,0.2832537,0.31101134,0.31143844,0.30231655,0.28693706,0.3035407,0.37696385
2179,0.031019188,0.1141482,0.123020574,0.1587209,0.27145606,0.27624166,0.29609492,0.30843717,0.28132817,0.30914924,0.3968894,0.5076809
2180,0.036053613,0.13410081,0.11787464,0.14299552,0.24884552,0.2340301,0.24680519,0.29495627,0.28720438,0.3726819,0.5424996,0.6866658
2181,0.08676618,0.17973523,0.15188323,0.13847902,0.20972912,0.17772672,0.18313406,0.2854589,0.34432405,0.51221716,0.77233684,0.92646366
2182,0.084527895,0.16028914,0.18205415,0.12708613,0.14436713,0.11714265,0.14456378,0.3168856,0.4900544,0.77101135,1.0956893,1.2250419
2183,0.11498282,0.15157357,0.20431432,0.1431307,0.0969927,0.08213097,0.2018355,0.48531514,0.7634419,1.1286807,1.4252609,1.5015124
2184,0.1979695,0.19358076,0.14167659,0.15638119,0.095848665,0.1126404,0.403529,0.8281664,1.1461148,1.4395057,1.5860852,1.583797
2185,0.2573039,0.22416985,0.04451844,0.19846988,0.16922583,0.2751231,0.7423528,1.2287102,1.5311244,1.6202316,1.5693223,1.4853922
2186,0.31308106,0.26819542,0.104625106,0.3809473,0.42043483,0.69602513,1.1994008,1.5577662,1.7692863,1.6294861,1.4212612,1.3218225
2187,1.2043468,0.8646197,0.43562308,0.58953774,0.5897363,0.92225856,1.23155,1.3878908,1.4024184,1.0868572,1.0631233,0.91386867
2188,1.2612362,0.8913912,0.58554685,0.6714005,0.6107347,0.8289041,1.0996611,0.98791325,0.99549305,0.73914397,0.74021816,0.8229684
2189,0.61093616,0.4641745,0.45864636,0.60418737,0.61902064,0.9031654,0.96555215,0.78481823,0.8154485,0.62798375,0.6441114,0.7507707
2190,0.6749483,0.5349093,0.58465683,0.75278294,0.6873299,1.018291,0.9911826,0.9026089,0.82046854,0.59375346,0.6615113,0.676697
2191,0.5415944,0.5215874,0.73977673,0.87180644,0.78319615,1.1078352,0.941974,0.84597814,0.6994144,0.5427663,0.63482547,0.6109469
2192,0.6541983,0.6904801,0.9662299,1.0208511,0.8784441,1.1136298,0.8604186,0.73077226,0.58515704,0.5098125,0.64189243,0.6268641
2193,0.63289946,0.7050834,0.97659576,1.0109496,0.8378131,0.98587245,0.76613736,0.6310965,0.5295598,0.5000587,0.6871959,0.7339358
2194,0.74938107,0.83714145,1.0241483,1.019568,0.82725173,0.86789924,0.68880606,0.53460383,0.5271007,0.54736817,0.7841209,0.8987313
2195,0.746254,0.80365545,0.96972036,0.9387727,0.7656335,0.7661809,0.68663996,0.54841816,0.6229698,0.7022235,0.9842106,1.1497779
2196,0.6576058,0.6537956,0.793225,0.73445934,0.61750174,0.6204836,0.67828196,0.6282867,0.79967546,0.9526371,1.2393024,1.4114176
2197,1.1081526,0.9629285,0.95852333,0.84062,0.73634076,0.7446357,0.8183356,0.8417894,1.0946709,1.3057631,1.5500418,1.6496351
2198,0.6983275,0.71264774,0.7822861,0.70823425,0.5741703,0.6841049,0.8829454,1.0310695,1.3371253,1.54655,1.7506734,1.7739873
2199,0.73289406,0.741666,0.7856176,0.7707951,0.68049884,0.85555255,1.1217062,1.3058343,1.5781568,1.6982849,1.8279203,1.7189233
2200,0.58776057,0.65111274,0.7272737,0.82724655,0.7727219,1.0090047,1.3298036,1.4850712,1.69624,1.7090088,1.7718918,1.5964572
2201,0.5980718,0.66670275,0.78669363,0.94464564,0.9457356,1.2088634,1.5199169,1.603643,1.7234812,1.6649067,1.6874748,1.484732
2202,0.57312727,0.68682504,0.8832634,1.0607395,1.120922,1.3805512,1.6420383,1.6360297,1.6788956,1.6050152,1.609212,1.438277
2203,0.6283728,0.79323405,1.035804,1.2049401,1.3099774,1.5330229,1.7148571,1.6313424,1.6174502,1.5492771,1.539151,1.4091393
2204,1.6511205,1.4788338,1.5322878,1.564323,1.6292014,1.7801982,1.8749002,1.7554591,1.6819885,1.5583066,1.5147365,1.3772149
2205,1.5308753,1.4917606,1.6347067,1.6378872,1.6882715,1.7471278,1.835359,1.702884,1.6097058,1.540752,1.4282035,1.3558538
2206,2.1259441,1.8014408,1.8273673,1.7174461,1.7143384,1.7311456,1.7458221,1.6848581,1.5575762,1.5223889,1.407587,1.2559263
2207,1.9785435,1.76038,1.8024967,1.7473683,1.7541453,1.7174652,1.6981666,1.632932,1.4804649,1.4084214,1.2416958,1.0666265
2208,2.2798395,1.9588766,1.8817255,1.8640357,1.9020615,1.8190744,1.7035412,1.5558243,1.3809007,1.1853994,0.99993145,0.7906498
2209,2.4053645,2.0781796,1.9453616,1.9071773,1.9540367,1.867555,1.6310245,1.4205039,1.2218921,0.98414457,0.76405144,0.54374087
2210,1.8671607,1.86251,1.8802059,1.8460091,1.7737267,1.725517,1.4081938,1.207936,0.9782529,0.746822,0.50340044,0.3489828
2211,1.7924613,1.8472178,1.8757441,1.7686123,1.5653995,1.4853144,1.1073061,0.9231985,0.7097614,0.4852385,0.3055683,0.1847777
2212,1.9224573,1.8693984,1.8152876,1.600067,1.3397977,1.2124633,0.83921653,0.6753536,0.5100348,0.33736235,0.24513194,0.15325043
2213,2.3048027,1.9806333,1.7376955,1.4467251,1.18142,1.0304056,0.65330493,0.53489465,0.39931086,0.3043593,0.29999518,0.21572396
2214,1.5391883,1.3882403,1.2321208,0.9842285,0.78014034,0.6722259,0.43898615,0.36039543,0.29846984,0.21929017,0.251049,0.19210498
2215,1.4541292,1.2272098,1.0487556,0.7798357,0.6325584,0.52367,0.3698039,0.29583538,0.26266286,0.21833286,0.22876278,0.20573647
2216,1.2177336,0.9987087,0.84782034,0.5977178,0.49990672,0.39062387,0.30459762,0.249934,0.24170096,0.22444363,0.22149359,0.21321775
2217,1.5776157,1.1585577,0.8863383,0.6138295,0.5262188,0.3874756,0.31865737,0.27508473,0.2433508,0.2562114,0.24947384,0.25770888
2218,1.9221367,1.3143821,0.8373351,0.6338577,0.58203113,0.37968314,0.46783513,0.44846976,0.3302065,0.25439993,0.18840486,0.16421053
2219,0.6238246,0.44903028,0.37626177,0.27612627,0.2776297,0.18269154,0.28980762,0.25250947,0.37942195,0.31094375,0.26004553,0.30070862
2220,1.0570621,0.7580842,0.59035647,0.43106183,0.4059347,0.28978434,0.3857979,0.3551834,0.3656562,0.3331818,0.2415597,0.29118234
2221,0.5281557,0.41832894,0.36588454,0.28775936,0.30295074,0.23427114,0.32496417,0.3218658,0.35786033,0.31270522,0.24500877,0.30363518
2222,0.1358962,0.17110899,0.18489349,0.19012223,0.24457055,0.2361219,0.31031907,0.32348782,0.32846302,0.31060186,0.2866196,0.3703748
2223,0.03668996,0.123385474,0.13673756,0.17161658,0.23593254,0.24321166,0.30063403,0.32907552,0.31080177,0.3306843,0.36057764,0.4672566
2224,0.00314302,0.115043595,0.11266114,0.15307261,0.21107617,0.21514729,0.26918814,0.3187483,0.3163967,0.38268256,0.47240144,0.60563064
2225,0.08369168,0.18681931,0.15049642,0.15876979,0.19221246,0.18060502,0.22498468,0.3131691,0.35243145,0.48289746,0.64031637,0.78208715
2226,0.09566945,0.18997869,0.16379863,0.1414825,0.1378741,0.12993732,0.18808302,0.3260303,0.4527398,0.6618067,0.8630264,0.98421705
2227,0.114570014,0.17751524,0.17355289,0.14140062,0.09499908,0.10867503,0.21067055,0.41046128,0.62882006,0.8890636,1.0953763,1.1611834
2228,0.20138279,0.2029423,0.15659924,0.16675282,0.09442407,0.15030473,0.35253322,0.62542754,0.9102657,1.1149026,1.2583011,1.2503836
2229,0.21231797,0.16631189,0.06318905,0.19452626,0.14658684,0.27775764,0.6456919,0.9451287,1.2592381,1.3084002,1.3296632,1.2679102
2230,0.22289154,0.17619148,0.101351425,0.40406674,0.46527547,0.7987745,1.2125372,1.4080229,1.588277,1.4477844,1.3296511,1.227765
2231,1.1539139,0.90597767,0.54399246,0.78481245,0.8346527,1.2492212,1.3251736,1.2830071,1.1970271,1.028266,1.0444735,0.70823413
2232,0.45788532,0.483804,0.46253836,0.7741493,0.98413837,1.1863108,1.3137879,1.0164225,1.0186303,1.0440171,0.8576379,0.8195164
2233,0.44481868,0.57732636,0.59315145,0.8836352,1.0006156,1.120758,1.1246095,0.82980657,0.82804394,0.90009594,0.740497,0.70342386
2234,0.4878965,0.71419007,0.7399756,0.9358809,0.97751427,0.99529535,0.92763245,0.6539646,0.66417265,0.78404355,0.66436046,0.6674576
2235,0.3602203,0.678882,0.66673404,0.82892853,0.81999445,0.764786,0.69865334,0.5062001,0.5197408,0.6221075,0.58601916,0.64426875
2236,0.28096634,0.5484934,0.50432265,0.6784411,0.60320914,0.601603,0.54614013,0.4632573,0.45405045,0.49380362,0.58329374,0.6684429
2237,0.55127,0.7732146,0.615168,0.7250254,0.5962806,0.530981,0.5005981,0.46268463,0.521634,0.5527977,0.6470114,0.73687077
2238,0.864694,0.960812,0.73343533,0.7715434,0.64774555,0.5772953,0.5789668,0.5153189,0.6483853,0.65955687,0.7632493,0.8610367
2239,0.66939574,0.8133937,0.60286504,0.65479267,0.57945836,0.5185074,0.560606,0.5029642,0.706879,0.7217624,0.854697,0.95877934
2240,0.37351233,0.5478506,0.43061936,0.500652,0.47671443,0.4607634,0.53867453,0.49360168,0.7500365,0.8048662,0.98372924,1.0944462
2241,0.21060336,0.34941503,0.34299478,0.3784907,0.4061659,0.42779383,0.53936696,0.518033,0.8112757,0.94719434,1.1512834,1.2521973
2242,0.18689254,0.26924276,0.34299266,0.3275572,0.39751554,0.4459951,0.58965284,0.6128262,0.92201924,1.1386143,1.3375632,1.4054028
2243,0.30309284,0.33141154,0.39262852,0.36964047,0.478576,0.53785586,0.7248169,0.80050904,1.0940439,1.3228871,1.4767778,1.4842697
2244,0.21889883,0.27609995,0.34462684,0.3897248,0.539683,0.6106375,0.86308616,0.9822106,1.2312936,1.4225299,1.5131695,1.4639871
2245,0.3064653,0.32825896,0.35196996,0.45130628,0.6450968,0.7546432,1.0309823,1.1711196,1.36455,1.488936,1.5175387,1.4020568
2246,0.28412175,0.3265218,0.3534059,0.49078578,0.7379784,0.894432,1.1577063,1.2669346,1.4019817,1.4672354,1.4811196,1.3465565
2247,0.308518,0.36968648,0.39697182,0.5491161,0.84570307,1.0505669,1.2593352,1.3134899,1.4080006,1.4213234,1.4510046,1.3012558
2248,0.29244882,0.41128993,0.47269273,0.6709483,0.9762632,1.1806949,1.3315665,1.3253953,1.3964912,1.3508333,1.4170301,1.2487156
2249,0.64874583,0.7156044,0.7530682,0.97888494,1.1947384,1.3508139,1.4448596,1.4111135,1.4726993,1.3279061,1.3902438,1.1694129
2250,1.3079177,1.1584979,1.1296189,1.2779589,1.3746933,1.4780147,1.5608443,1.5356307,1.5266966,1.3267756,1.3694597,1.16377
2251,1.2920507,1.1926364,1.2098544,1.3255684,1.4117526,1.4678229,1.5281862,1.5386584,1.400757,1.2838509,1.2994895,1.1948397
2252,0.82009614,1.05677,1.1577599,1.3745334,1.4477401,1.4053464,1.4243442,1.4478421,1.2385447,1.2093879,1.140367,1.0879474
2253,1.1709766,1.3376435,1.3298934,1.521363,1.4857211,1.3435287,1.3723,1.3719602,1.1427205,1.0708549,0.9559293,0.9069956
2254,1.2328329,1.4269687,1.3951235,1.5388243,1.4428769,1.2412647,1.2399862,1.2055751,0.9853842,0.9309193,0.7883761,0.76597875
2255,1.3388082,1.5019227,1.4229419,1.4771298,1.3510928,1.1427699,1.1064517,1.0549252,0.8642454,0.8198111,0.67534363,0.67342687
2256,1.3426173,1.4877514,1.3791256,1.355168,1.2291206,1.0412469,0.97596234,0.92411345,0.7644104,0.73546237,0.5933459,0.6023451
2257,1.3070778,1.4210483,1.2981641,1.2169688,1.100495,0.9464504,0.861795,0.81647974,0.6918898,0.66011053,0.525272,0.52925825
2258,1.274306,1.339702,1.2164528,1.0907195,0.97573704,0.85136825,0.74794734,0.7045394,0.6175459,0.57700217,0.46399242,0.45215657
2259,1.2197394,1.2378366,1.1328824,0.9778479,0.85600436,0.7571916,0.63655174,0.5855253,0.53115106,0.4871133,0.4043085,0.37215257
2260,1.2114205,1.1561859,1.0629287,0.88130367,0.74692625,0.6658314,0.53234977,0.46898213,0.43499923,0.39888436,0.35091984,0.3020135
2261,1.1103146,1.0166094,0.93179387,0.74012226,0.60911494,0.5431648,0.41791046,0.35316795,0.3324945,0.31264532,0.29719624,0.24707268
2262,1.3107282,1.0560704,0.9015828,0.68287104,0.53918964,0.4837256,0.3530529,0.2958396,0.26266792,0.28043622,0.2953908,0.2560742
2263,1.3102714,0.9879275,0.7807316,0.56974614,0.4400984,0.40085024,0.28470963,0.2631851,0.22438815,0.26215336,0.2995907,0.27015302
2264,0.84534514,0.67273176,0.53153074,0.38412255,0.309509,0.2977953,0.22221366,0.23961969,0.21999066,0.25805435,0.28499213,0.25956333
2265,0.77369875,0.6207601,0.47793052,0.35656387,0.2949776,0.282408,0.22232477,0.25477535,0.21461365,0.27149144,0.27595797,0.2712498
2266,1.3548596,0.9575103,0.63333803,0.48112008,0.38097706,0.31907067,0.2655797,0.30525926,0.21202949,0.29002112,0.27112028,0.29871827
2267,0.29861635,0.27217036,0.16909936,0.16290615,0.16030732,0.1560173,0.1651306,0.2518306,0.2607248,0.28307155,0.27281198,0.29278708
2268,0.19065133,0.23554245,0.16361158,0.18318726,0.20516908,0.20984505,0.22343181,0.30952263,0.28068924,0.33333403,0.33306956,0.39084724
2269,0.08688689,0.17165807,0.1335098,0.18245669,0.19768028,0.21106757,0.24646944,0.33221024,0.32627362,0.39119017,0.43680286,0.52333117
2270,0.07553963,0.1654408,0.14137444,0.19623369,0.18660332,0.20925885,0.26202774,0.3521631,0.37601614,0.47900885,0.57002103,0.6819984
2271,0.11533122,0.1843696,0.16975412,0.20693646,0.16293518,0.20472631,0.28158182,0.38951856,0.47309926,0.64271593,0.7714623,0.8965405
2272,0.1737909,0.19414212,0.18480738,0.19359761,0.14658825,0.22476733,0.32730675,0.47327963,0.63736486,0.87763,1.0018904,1.0942416
2273,0.2401504,0.18379858,0.14626753,0.17783009,0.1863728,0.31342727,0.44884896,0.64383125,0.86232936,1.0568663,1.1294433,1.123843
2274,0.14947611,0.12215246,0.10519677,0.2081223,0.2524807,0.4141217,0.605267,0.7449273,0.94682336,0.9672464,1.0556455,0.98818403
2275,0.14889203,0.19783717,0.2599122,0.3186473,0.32394493,0.42087233,0.560884,0.578482,0.6785034,0.6730137,0.7864481,0.7781764
2276,0.21395698,0.26169872,0.3529852,0.36284274,0.3268068,0.35958993,0.45114908,0.4466789,0.5204084,0.5286019,0.6127745,0.6354103
2277,0.2503053,0.29797387,0.38389447,0.38982007,0.34672576,0.36576778,0.4496403,0.44919637,0.5119934,0.52496386,0.59489816,0.6097456
2278,0.23864503,0.3040126,0.3860209,0.4075843,0.37857613,0.40536785,0.49485308,0.50170696,0.55894214,0.57305014,0.6420179,0.64530134
2279,0.21068925,0.28781193,0.36537436,0.39417434,0.4081974,0.4567501,0.5305547,0.56113744,0.6027089,0.61539495,0.6765369,0.669568
2280,0.28239462,0.362341,0.42904624,0.44907027,0.4544623,0.49284995,0.5607267,0.5858195,0.63079107,0.6343124,0.6867184,0.6827213
2281,0.23310764,0.35609114,0.441161,0.47746065,0.4990785,0.5283286,0.59462166,0.6029365,0.6504975,0.65811324,0.69872344,0.71222967
2282,0.21470612,0.37295777,0.46873823,0.5227548,0.5467496,0.56750315,0.6314424,0.6300548,0.6785959,0.6843442,0.71310043,0.73954165
2283,1.4316335,1.0534538,0.69903886,0.66411227,0.5015309,0.5500969,0.69866407,0.791395,0.78447473,0.68527746,0.702978,0.77400005
2284,0.4268704,0.4225611,0.34416518,0.41256106,0.48752767,0.5507562,0.60042536,0.5779197,0.6123539,0.5907377,0.57248366,0.6797257
2285,0.39129108,0.39624578,0.3924107,0.51365465,0.5198282,0.5959847,0.6159336,0.6292132,0.6034673,0.53747714,0.5535813,0.6111921
2286,0.28631574,0.32353598,0.35539696,0.49634412,0.50931567,0.5663526,0.57843816,0.60500133,0.5435246,0.49331626,0.56492865,0.63104874
2287,0.30085474,0.33727998,0.39714548,0.5330136,0.5446186,0.53767514,0.57389116,0.57781035,0.5366776,0.5251037,0.6319904,0.7463437
2288,0.31931394,0.3809706,0.46488652,0.57118833,0.59279937,0.5061786,0.5783461,0.55211866,0.5629339,0.6255524,0.7478752,0.9322751
2289,1.3201462,1.1321107,1.0208082,0.91316766,0.9800797,0.8375412,0.8421843,0.80819786,0.8928534,1.022923,1.0908139,1.2486423
2290,1.8551593,1.4339345,1.2002349,1.0192155,0.9978039,0.91627717,0.93801993,1.0530246,1.1714491,1.3805295,1.4153882,1.4513898
2291,0.9622573,0.97830313,0.8987501,0.87248623,0.8968399,0.9137678,0.9729015,1.1605246,1.2919365,1.4321235,1.4987757,1.4870538
2292,1.4056088,1.203935,1.0346386,0.9995644,1.0487725,1.0768434,1.1841527,1.3663428,1.4472431,1.470495,1.5111316,1.4305965
2293,1.1995672,1.0990459,1.0190585,1.0499692,1.1420921,1.1949989,1.3220128,1.4472148,1.4725393,1.4140191,1.4166973,1.3348405
2294,1.0447104,1.0403717,1.065131,1.1439329,1.2403101,1.2957858,1.4099584,1.470475,1.4586201,1.3544594,1.3341937,1.2629076
2295,0.83400863,0.95346993,1.0980141,1.2258347,1.2897214,1.3541362,1.429679,1.4355509,1.4112637,1.3106222,1.2816198,1.2100477
2296,1.0297782,1.0926697,1.2396815,1.3282212,1.3694309,1.4159865,1.4669142,1.4132874,1.3919858,1.2767546,1.2540047,1.156453
2297,1.1987946,1.2211546,1.3850398,1.4096572,1.432027,1.4488683,1.4717999,1.3547578,1.3466446,1.227952,1.1991478,1.0763521
2298,1.0685011,1.1850553,1.4031534,1.4137877,1.4052494,1.4032965,1.3980641,1.2541218,1.2660089,1.166512,1.1076208,0.9820428
2299,0.8734888,1.1038153,1.3493083,1.3764081,1.3384352,1.3348197,1.2948899,1.1547816,1.1755936,1.0968812,1.0164963,0.90508664
2300,0.92527884,1.1652822,1.3640697,1.3633816,1.2978522,1.2639424,1.2020988,1.0792758,1.0953995,1.0332267,0.9370558,0.8501425
2301,1.0555567,1.2451085,1.3723891,1.3256717,1.249819,1.1859325,1.12295,1.017459,1.0279052,0.9653816,0.8449962,0.782494
2302,1.0831386,1.2458379,1.3318806,1.2555696,1.17795,1.1041858,1.0402043,0.94938797,0.9556763,0.89187455,0.7501906,0.70799005
2303,1.1549207,1.2648265,1.2977893,1.1945107,1.1170006,1.038751,0.96187454,0.8884452,0.88224626,0.8097372,0.6570629,0.6101582
2304,1.4863312,1.4136846,1.3353379,1.1903594,1.1016839,1.0224569,0.8899186,0.8470416,0.8021325,0.720577,0.59184945,0.4841557
2305,1.7884127,1.5356679,1.3271694,1.2086009,1.107599,1.0470735,0.8215994,0.81380117,0.7107549,0.60854733,0.53675866,0.35259536
2306,1.6669081,1.4517293,1.2672544,1.1655072,1.0454493,0.99610245,0.76194763,0.7241353,0.6070314,0.4793318,0.42028314,0.25973037
2307,1.4003657,1.2614195,1.1631794,1.0442005,0.89460146,0.8494956,0.6620076,0.58036613,0.4926339,0.3546521,0.3043839,0.19853729
2308,1.206057,1.0823077,1.0173905,0.8685314,0.7154992,0.6557734,0.52732724,0.42859608,0.37347847,0.26296884,0.22527657,0.16601437
2309,1.0568548,0.9230685,0.86120856,0.6938103,0.56654924,0.49192464,0.4178252,0.32598093,0.29364234,0.22527158,0.18920004,0.16202646
2310,0.90371305,0.7588559,0.6985806,0.5330777,0.4437527,0.3642997,0.33648425,0.26523593,0.2476018,0.22165054,0.18083641,0.17526948
2311,0.8552086,0.6853194,0.60984844,0.45125583,0.38572478,0.30409932,0.29718304,0.24877766,0.22624034,0.23245923,0.18367574,0.18911827
2312,0.802467,0.63172907,0.54556453,0.40187806,0.3526681,0.27138126,0.2709972,0.2458322,0.21285343,0.24086878,0.1883688,0.19693804
2313,0.7263958,0.5736981,0.48402458,0.3631402,0.32901344,0.25328916,0.25357917,0.24996783,0.2049163,0.24840859,0.19491895,0.20502272
2314,1.7333868,1.2066944,0.73842067,0.61009294,0.5216516,0.38477513,0.39930534,0.42945102,0.2430307,0.2556765,0.18965457,0.16293567
2315,1.2639642,0.83710444,0.50040936,0.3917027,0.34207293,0.22267245,0.31783453,0.34041145,0.31245294,0.26418597,0.21394321,0.23400831
2316,1.0601838,0.7388529,0.464322,0.37176892,0.3411793,0.24069428,0.3477625,0.36636245,0.34979844,0.29433697,0.22545803,0.26426607
2317,0.19536093,0.19352575,0.13963397,0.15185845,0.2002085,0.18609957,0.27003938,0.30828488,0.3445698,0.29256397,0.24373879,0.29827857
2318,0.029334791,0.099141255,0.085016325,0.13027117,0.1951509,0.21425499,0.27531964,0.32705432,0.30432832,0.2977423,0.29034045,0.37119064
2319,0.027388223,0.11542714,0.09907366,0.1503975,0.1998188,0.21856984,0.26722598,0.32844308,0.30144638,0.33045092,0.3643991,0.46619853
2320,0.012553707,0.11553672,0.09692815,0.14740044,0.17555416,0.19818589,0.24657704,0.31730214,0.32357597,0.3967857,0.47893476,0.6032084
2321,0.059245136,0.15109067,0.1288174,0.15148385,0.14514855,0.17411779,0.22179429,0.30949974,0.3778879,0.5149462,0.64841115,0.77982485
2322,0.15998647,0.21405578,0.1941486,0.17221509,0.12149624,0.16725516,0.21191625,0.33430207,0.48556036,0.6862893,0.85161495,0.9497742
2323,0.15330212,0.1827264,0.18862124,0.16506621,0.091579154,0.16593294,0.25117755,0.41298303,0.65270305,0.8810438,1.0382588,1.0875146
2324,0.24156256,0.22435907,0.18781716,0.19875978,0.10912892,0.2237021,0.38113874,0.6025225,0.8881862,1.0557796,1.1628916,1.1423113
2325,0.32227325,0.2759204,0.17325987,0.26563224,0.18230905,0.35309774,0.6136731,0.8617054,1.1564083,1.1899471,1.1982874,1.1223019
2326,0.30900174,0.2750312,0.17296287,0.3449877,0.3087737,0.54618293,0.8586,1.0539458,1.3105193,1.2387763,1.1586255,1.0672536
2327,0.2939188,0.28352436,0.21703225,0.4353459,0.47634143,0.7869071,1.0623552,1.1676693,1.3394738,1.2215756,1.0921296,0.9886391
2328,0.2828078,0.29436308,0.29733703,0.5565015,0.7132134,1.1063803,1.2675519,1.2474179,1.3040675,1.2082939,1.0512702,0.9208665
2329,0.20951581,0.2944436,0.4129454,0.6879587,0.96911216,1.3481797,1.3596712,1.2175943,1.1742257,1.1827464,1.0213053,0.8941316
2330,0.2538467,0.43059486,0.58727914,0.79011005,1.0748419,1.3238341,1.2627424,1.1010834,1.0600349,1.1398356,1.0063128,0.9319133
2331,0.31855136,0.45851272,0.6192875,0.75154865,0.92185336,0.9890955,0.9621813,0.8209525,0.70325893,0.7124492,0.69428754,0.7084954
2332,0.34343553,0.56607026,0.7545289,0.91699284,1.0529668,1.0746517,0.98877925,0.8118223,0.68377095,0.7304073,0.71126485,0.73014724
2333,0.7045817,1.0244526,1.1053514,1.220875,1.2370175,1.134069,1.0040271,0.82700217,0.74758697,0.8580073,0.8034936,0.8033681
2334,0.8350655,1.2206981,1.2637789,1.2449476,1.2306865,1.066606,0.9471911,0.92425376,0.9196416,1.056302,1.0744642,1.036387
2335,1.1593683,1.3525853,1.2607398,1.187117,1.15385,0.983048,0.9653865,1.0535665,1.0663067,1.1608982,1.2016343,1.1740646
2336,1.2485596,1.3511167,1.1435547,1.0735741,1.0716852,0.9109521,0.96962535,1.1069875,1.1260718,1.200153,1.2391267,1.2403249
2337,0.82457685,1.0910176,0.90095425,0.9108845,0.9714503,0.85717165,0.8936509,1.0594642,1.0901375,1.1845992,1.2340196,1.2286803
2338,0.5729924,0.8866183,0.77204823,0.833674,0.9210979,0.846717,0.8542384,0.9835191,1.0400727,1.1345547,1.1951289,1.198649
2339,0.56516695,0.8513232,0.7754381,0.8345267,0.94918764,0.8894965,0.9020173,0.99020493,1.0843662,1.1981966,1.2354509,1.2493001
2340,0.47149372,0.73580164,0.7259741,0.7788115,0.91455543,0.8874199,0.9076232,0.9551144,1.1097659,1.257161,1.2708045,1.3001244
2341,0.60585666,0.7868106,0.7637316,0.7814958,0.9393728,0.9637425,0.9901676,1.0231786,1.2342044,1.3885062,1.3611823,1.3676693
2342,0.65176576,0.8138385,0.7714377,0.8131883,0.98978716,1.0567644,1.0906706,1.1388735,1.3511553,1.4806238,1.4265692,1.3842632
2343,2.0686216,1.4153938,0.98781794,0.92741704,1.0093493,1.1510956,1.2734246,1.4515929,1.5614458,1.7290632,1.5420407,1.3564413
2344,1.7022839,1.276821,1.0059202,1.000287,1.152393,1.340631,1.454741,1.5896878,1.5723999,1.7015101,1.506412,1.3708622
2345,2.3138778,1.5873829,1.3037941,1.3115094,1.4888456,1.5639817,1.7402046,1.644465,1.546817,1.5559126,1.2567803,1.0860653
2346,1.3043637,1.3493509,1.2760799,1.415536,1.670276,1.7418352,1.7391969,1.6325362,1.4595641,1.3989226,1.1328984,1.0598931
2347,0.5607464,0.97709304,1.138067,1.4909497,1.6498375,1.748662,1.6357816,1.5689456,1.3411063,1.2193931,1.0619558,1.0099583
2348,0.5550916,0.9878585,1.1673393,1.5598199,1.6404165,1.6794504,1.5100516,1.404875,1.1905218,1.0842453,1.0219206,1.0123937
2349,1.1239516,1.3569775,1.4127674,1.6521314,1.7005383,1.6166146,1.4351996,1.2448292,1.1014915,0.9844526,0.94727516,0.95133775
2350,1.4028338,1.5357282,1.557224,1.6519219,1.6358529,1.4788413,1.3121501,1.092492,1.0210466,0.92208374,0.89202106,0.8907816
2351,1.6344434,1.6494232,1.6254001,1.5915371,1.5040425,1.3106642,1.180436,0.9931328,0.9692334,0.8993889,0.8576263,0.8343913
2352,1.402253,1.4906728,1.4902647,1.4320316,1.2938303,1.1172104,1.0173855,0.8890416,0.8846946,0.8460835,0.77574575,0.736176
2353,1.2905799,1.378552,1.348758,1.2647223,1.115771,0.9675896,0.8871885,0.80908525,0.8083035,0.7709321,0.689175,0.63627756
2354,1.1481003,1.2383343,1.1922948,1.1007755,0.95709795,0.8377163,0.7669742,0.712192,0.7118826,0.6653868,0.5922117,0.527841
2355,1.0795225,1.1356696,1.080106,0.9770334,0.83713835,0.7350341,0.6660427,0.61512095,0.61482406,0.56546736,0.5040645,0.4310698
2356,1.0010235,1.0284078,0.9814291,0.87287456,0.7353306,0.6450393,0.57199085,0.5162852,0.5151966,0.4734435,0.41984618,0.34613574
2357,0.9356837,0.92594314,0.8875171,0.7693572,0.6385836,0.5524446,0.48412406,0.41964835,0.4192648,0.39099607,0.3444366,0.28290305
2358,0.95544827,0.86938083,0.81555086,0.67285335,0.55362195,0.46499193,0.41320366,0.3412532,0.34130967,0.33077726,0.2912802,0.24753533
2359,1.0408787,0.84790385,0.7562239,0.582584,0.47746915,0.3907224,0.35269547,0.28436896,0.280099,0.29526687,0.26417992,0.2319107
2360,0.89359635,0.7001936,0.61119145,0.44954053,0.379295,0.30575505,0.28951573,0.24355577,0.24056277,0.27455524,0.24446188,0.22267179
2361,1.0421057,0.7584835,0.61302966,0.44022566,0.3660907,0.30086708,0.2756654,0.24628614,0.21995398,0.27674443,0.24725893,0.22902335
2362,1.5188913,1.0184786,0.6514944,0.5006462,0.40011695,0.3219428,0.300839,0.32423994,0.22196688,0.26928207,0.24476917,0.2268958
2363,1.217516,0.8049992,0.49154955,0.3750034,0.31196874,0.2399036,0.27814496,0.31102902,0.27712038,0.27445972,0.24605684,0.25092962
2364,1.3778596,0.9288027,0.5356664,0.45055974,0.37795472,0.27231634,0.38625392,0.42319137,0.33242652,0.30907762,0.23452842,0.27458885
2365,0.92107207,0.65574485,0.41378057,0.34604812,0.3025951,0.22277671,0.34427187,0.37027538,0.38168103,0.31825632,0.24415392,0.29771918
2366,0.35819143,0.32206476,0.22783914,0.22420205,0.23773389,0.22057095,0.3039242,0.35033882,0.36963558,0.31054944,0.25355363,0.30749798
2367,0.10588417,0.16758683,0.12975968,0.17237324,0.21502541,0.23406976,0.29564336,0.356632,0.3373613,0.3086395,0.2940494,0.36916602
2368,0.00976114,0.10939357,0.09162696,0.15801407,0.20291635,0.22959436,0.2839608,0.35078132,0.317233,0.32691208,0.35913986,0.45608318
2369,0.0649533,0.15642425,0.13218679,0.1864981,0.20823178,0.22751044,0.27125737,0.34010658,0.3189789,0.3695211,0.4375869,0.54677665
2370,0.07564674,0.16105345,0.14371674,0.1824483,0.18087591,0.20490357,0.24941817,0.31904614,0.35042623,0.44153357,0.54409885,0.66337407
2371,0.12230113,0.18399836,0.1815123,0.19045459,0.15567365,0.19716972,0.23566145,0.30476066,0.4001864,0.5229374,0.64942825,0.7553982
2372,0.17322597,0.21064807,0.21875411,0.2038227,0.13984807,0.20752434,0.24856839,0.33575654,0.4981942,0.64337826,0.78522825,0.8519851
2373,0.2813159,0.28833756,0.271169,0.25250536,0.16288844,0.26182842,0.3242773,0.44979164,0.65385765,0.7780328,0.8986012,0.9036556
2374,0.33896446,0.34296244,0.29346594,0.30641133,0.22331618,0.3496707,0.45615086,0.595389,0.8047817,0.8673974,0.9217789,0.88841665
2375,0.32600918,0.3531893,0.2949279,0.34499246,0.30989772,0.45461935,0.5902358,0.70773864,0.8897232,0.9022255,0.89314926,0.8535037
2376,0.31744146,0.36596683,0.31683922,0.38982773,0.41863662,0.57492507,0.70667607,0.7795029,0.9092721,0.88744414,0.8420068,0.80995965
2377,0.34616894,0.39887005,0.37742466,0.45292374,0.5420437,0.68531424,0.7781985,0.78985155,0.8479153,0.8161932,0.76792824,0.75144017
2378,0.29325086,0.37700957,0.42586693,0.51519835,0.66513276,0.76975274,0.81373864,0.75438815,0.74668074,0.7368572,0.7084254,0.72073495
2379,1.2488931,0.9772926,0.68969244,0.72460186,0.6581467,0.7508276,0.8153562,0.8380198,0.7226368,0.6350604,0.6786716,0.70524913
2380,0.3994732,0.40596986,0.3775805,0.48513293,0.62681085,0.72689635,0.7121242,0.6286094,0.5667088,0.54871815,0.5685495,0.64023936
2381,0.28680235,0.34571642,0.3901809,0.5399625,0.59470844,0.6925327,0.6394809,0.5879573,0.5090811,0.4940157,0.562932,0.599779
2382,0.47681004,0.5112384,0.52125394,0.6318679,0.61893076,0.681718,0.6177756,0.5773177,0.52790004,0.5053524,0.6139599,0.6560049
2383,0.4138934,0.49486542,0.50754553,0.6156008,0.57372725,0.61650926,0.5636784,0.51264405,0.5416031,0.525954,0.6907915,0.7839722
2384,0.6802502,0.69086486,0.6865092,0.73767245,0.67547554,0.6809558,0.65800565,0.55420196,0.6654671,0.67716765,0.8601756,0.9916262
2385,1.6685817,1.3001511,1.168174,1.0508122,0.97748905,0.965903,0.9282989,0.8298225,0.98397446,1.0785104,1.2125449,1.2872373
2386,1.5280806,1.2586403,1.1236265,1.0269849,0.9578994,0.9641773,0.97257674,1.0007257,1.1531019,1.2793139,1.4097714,1.4400856
2387,0.9236075,0.9575624,0.9208874,0.91786176,0.8948787,0.89107543,0.98026246,1.1011155,1.2265838,1.3324009,1.4640515,1.4972335
2388,0.7001818,0.8309887,0.852022,0.88798594,0.869823,0.8392259,0.99775594,1.170915,1.2770184,1.3611132,1.4819697,1.5017343
2389,0.64920175,0.7780345,0.834602,0.8716436,0.8405505,0.85805935,1.0521427,1.2566733,1.3675052,1.432029,1.5489733,1.5153966
2390,0.6990353,0.78439295,0.8519242,0.89414144,0.8506914,0.9562641,1.1596203,1.3570833,1.4845781,1.4967461,1.5997486,1.4883567
2391,0.6404217,0.72881395,0.8318681,0.9142266,0.88907015,1.0655951,1.2773883,1.4242973,1.5587971,1.5109053,1.5754013,1.4285165
2392,0.7028604,0.78062296,0.9144067,1.0132582,1.0258976,1.2260945,1.4268368,1.4913244,1.6086414,1.5092325,1.5307364,1.3776563
2393,1.5592415,1.2589656,1.1654127,1.1005784,1.1517879,1.2026595,1.3479162,1.4060228,1.4953601,1.4684676,1.3930969,1.2868948
2394,1.1912502,1.0589887,1.1512065,1.1573267,1.2453921,1.3091989,1.5176747,1.533484,1.6040976,1.5207244,1.3985454,1.2810572
2395,0.7361602,0.90101767,1.1572196,1.2397865,1.3757697,1.4485661,1.6025828,1.5479987,1.5637281,1.4438246,1.2857434,1.1896048
2396,0.7108982,1.0136437,1.2756493,1.380763,1.5162606,1.5548574,1.5991488,1.4885054,1.4440936,1.3017949,1.145208,1.0476328
2397,0.7736595,1.1510746,1.3763185,1.4732139,1.5604498,1.5450716,1.5005441,1.3612509,1.2832843,1.1413298,0.9902468,0.9128788
2398,1.021233,1.3435652,1.4961381,1.5278323,1.5439539,1.4710693,1.3795308,1.2275405,1.1425046,0.99861896,0.84672606,0.7942644
2399,1.1304553,1.4046795,1.5043595,1.4829173,1.4464551,1.3462057,1.2323052,1.0777404,1.0075887,0.8638121,0.71587586,0.6901325
2400,1.3265474,1.4996729,1.5351377,1.4513236,1.3684275,1.245608,1.1175903,0.97037405,0.91368616,0.76802325,0.6202204,0.60190344
2401,1.2089145,1.3998429,1.4260101,1.3413246,1.2435228,1.1266152,0.9884123,0.8540774,0.81337154,0.6705971,0.52869356,0.5104773
2402,1.634112,1.5980499,1.5040019,1.3593711,1.221008,1.0981376,0.89258015,0.793752,0.72705793,0.5906364,0.49185687,0.41162592
2403,1.187007,1.3033973,1.2668321,1.159342,1.036974,0.92242545,0.7403357,0.6484636,0.6028676,0.48610312,0.38950875,0.30710816
2404,1.1384776,1.2101992,1.1727741,1.0456905,0.90864134,0.79846865,0.6360349,0.5276401,0.5040511,0.39360595,0.3169189,0.24856424
2405,1.1375476,1.1330538,1.0804083,0.9176933,0.7751733,0.65979534,0.5283588,0.4128581,0.40839022,0.32395154,0.27066216,0.22171432
2406,1.1890978,1.0740248,0.99234915,0.7864661,0.64826936,0.5354586,0.43185616,0.3175466,0.32828823,0.28206292,0.25148392,0.2186537
2407,1.0500761,0.8961942,0.8165493,0.6024288,0.4962213,0.39999786,0.337914,0.23908678,0.26877326,0.26022053,0.23947158,0.22687384
2408,0.8393006,0.70259655,0.6433207,0.4562033,0.38244212,0.3081151,0.27920276,0.19962545,0.2389297,0.25615442,0.23247391,0.24188335
2409,0.67723507,0.5608268,0.5110394,0.36517832,0.31117284,0.25720692,0.24641508,0.19106477,0.22174764,0.25788316,0.23031244,0.25853717
2410,1.2628071,0.89738065,0.66988313,0.48322648,0.37268844,0.32395917,0.2576176,0.23517959,0.19704747,0.27863106,0.26122054,0.28190613
2411,0.58014596,0.4414152,0.3186358,0.23487762,0.21094754,0.19097887,0.16748407,0.21086922,0.2188779,0.27101856,0.25543076,0.2586836
2412,0.7140121,0.55262506,0.4027283,0.31461084,0.28936177,0.25687408,0.22299694,0.26677963,0.23110378,0.306729,0.27635273,0.2971388
2413,0.6433201,0.51986665,0.3785253,0.3149593,0.2964825,0.25676617,0.23345323,0.2927358,0.25777146,0.32039532,0.30098802,0.3254698
2414,0.93806595,0.7312305,0.5164732,0.4333337,0.3678047,0.31964582,0.2761945,0.3310772,0.28128925,0.35858113,0.3645747,0.40545666
2415,0.25805044,0.26766443,0.19437623,0.21194345,0.22769424,0.2174531,0.23272371,0.30669367,0.33061635,0.3599212,0.3841646,0.42836428
2416,0.12038134,0.17587556,0.15345168,0.19664757,0.23485227,0.2298672,0.26268944,0.32987761,0.34236357,0.39919716,0.46123374,0.5431789
2417,0.04979011,0.11172268,0.124673635,0.18268988,0.21313661,0.20686333,0.2690774,0.33836854,0.3721252,0.457848,0.5673338,0.68662417
2418,0.08446002,0.127473,0.14830036,0.18697552,0.19591458,0.18825689,0.26539084,0.34560788,0.40850544,0.54412544,0.67928475,0.8218381
2419,0.0970549,0.1285361,0.15935405,0.17021774,0.1664018,0.17006218,0.26301542,0.3616114,0.4655291,0.6560224,0.7945012,0.94189364
2420,0.15941077,0.16609256,0.19626573,0.17163447,0.1562271,0.18098876,0.28052783,0.4122945,0.55331635,0.7926853,0.91500115,1.0337275
2421,0.1895183,0.16345574,0.18350454,0.15975274,0.15380093,0.2099343,0.34699038,0.53561616,0.71104395,0.95856476,1.0427697,1.1085441
2422,0.18484585,0.115751065,0.09905162,0.13135862,0.16012836,0.25667337,0.47334343,0.72087824,0.90086937,1.0734062,1.1086944,1.1146586
2423,0.18874344,0.062168725,0.003637679,0.11977418,0.19040917,0.360879,0.6667529,0.9518087,1.0843105,1.1273569,1.1125809,1.0425382
2424,0.13428855,0.0006611794,0.006076373,0.20085496,0.32628196,0.61371946,0.9267549,1.1803293,1.2220371,1.2158825,1.1261129,0.9799961
2425,0.16206962,0.10534784,0.2517308,0.43388018,0.59021056,0.86786556,1.0696981,1.2189311,1.232501,1.3063904,1.1737173,1.0473032
2426,0.3425922,0.34215766,0.5082504,0.5846976,0.7099907,0.84069365,0.95965135,1.1048625,1.1547859,1.345938,1.217436,1.1571133
2427,0.26741955,0.22539966,0.27988982,0.48721838,0.6742151,1.0265408,1.1800461,1.1923304,1.215037,1.1512347,0.998109,0.8571979
2428,0.19935408,0.28815424,0.48213524,0.7273963,1.0727938,1.4180775,1.3610731,1.2348934,1.1362367,1.1800063,1.0016993,0.8881233
2429,0.37919337,0.537793,0.75883037,0.8699404,1.1809194,1.3623649,1.270549,1.1929473,1.1927483,1.3130771,1.1931697,1.1508262
2430,0.45502937,0.66247827,0.8643616,0.93690944,1.2384049,1.3734517,1.2518365,1.1398454,1.1696668,1.2566167,1.1808085,1.1633475
2431,0.4867829,0.7577075,0.9435933,0.9958953,1.2747625,1.3742701,1.2484984,1.0982118,1.1704469,1.2037141,1.1687003,1.1732421
2432,0.6367971,0.95819503,1.0972431,1.1132275,1.3263522,1.3611311,1.2348735,1.05617,1.1460748,1.1264297,1.135299,1.1432414
2433,0.93653303,1.1388001,1.1782529,1.1404672,1.2760125,1.2917705,1.217183,1.0347918,1.1240468,1.0498312,1.0457096,1.067207
2434,1.9065833,1.5569011,1.2482331,1.0885113,1.0772905,1.0581377,1.0680346,1.0277205,1.0832322,1.0007783,0.9663938,1.0096855
2435,1.8361833,1.4023511,1.1692429,1.0313835,1.0380496,1.0111542,1.0038369,1.0244415,1.0187824,1.0076678,0.9798124,1.023479
2436,1.9015577,1.4865199,1.2958407,1.1293187,1.1733445,1.0864873,1.0469929,1.098767,1.0640653,1.1038756,1.0653211,1.1059148
2437,1.9569144,1.6241372,1.3965404,1.1880273,1.2887042,1.1543154,1.0938389,1.1554962,1.1343049,1.2046378,1.1412892,1.1720927
2438,1.4707711,1.4711561,1.246448,1.0885413,1.2777753,1.1879122,1.0709745,1.1134255,1.1444076,1.2264764,1.1974347,1.2395968
2439,1.136207,1.3074034,1.1520562,1.054763,1.2519453,1.1924782,1.060597,1.0859065,1.1571404,1.2468542,1.2119509,1.244734
2440,0.8979219,1.1104114,1.0650934,1.0384655,1.1991346,1.1738265,1.0681933,1.09197,1.1475363,1.2330494,1.177034,1.1785024
2441,1.9395278,1.6857568,1.444988,1.3131088,1.4063642,1.3388127,1.2991763,1.278214,1.3394386,1.3251101,1.2441986,1.1481093
2442,2.3085546,1.8501989,1.5496037,1.3841989,1.3971083,1.261269,1.3252847,1.289386,1.2777063,1.2862358,1.1074629,0.9456991
2443,2.0684502,1.77163,1.5492327,1.3521804,1.4167546,1.3107406,1.3376685,1.2549908,1.197771,1.1468487,0.9518713,0.7838576
2444,2.1480825,1.8300444,1.6167107,1.4111412,1.4517518,1.3200045,1.3560946,1.2458396,1.1493012,1.054985,0.85087454,0.68215406
2445,2.0351171,1.7747008,1.6059508,1.434092,1.4494034,1.2911011,1.3317026,1.1993511,1.0728343,0.9490526,0.7685759,0.6614935
2446,1.8943361,1.686618,1.554116,1.4492797,1.428694,1.2377269,1.3058602,1.1716802,1.0331006,0.88956594,0.7421493,0.73013955
2447,2.051675,1.7503748,1.5284677,1.4621166,1.4101104,1.1606276,1.2847227,1.1672497,1.0149374,0.8958539,0.75469744,0.79442304
2448,1.9260281,1.6555178,1.4568899,1.4269067,1.3472105,1.1100826,1.2606907,1.1407994,0.9899914,0.8752711,0.7335495,0.8060714
2449,1.973404,1.6714369,1.4218204,1.4136401,1.3199737,1.0878066,1.2428031,1.1360676,0.9636798,0.85700643,0.7093254,0.7753176
2450,1.4676261,1.3979629,1.3277977,1.3747454,1.2155119,1.0931593,1.143643,1.0439495,0.89613926,0.7770195,0.6068828,0.67255676
2451,1.9465019,1.7152183,1.4816864,1.4827906,1.2938114,1.1536596,1.1113209,1.0339683,0.7981391,0.70359534,0.5274334,0.55777496
2452,1.5204275,1.4852667,1.3687797,1.4018196,1.1632904,1.096359,0.95034176,0.89460975,0.6783487,0.5891175,0.4190505,0.44383723
2453,1.4429946,1.3959862,1.2826447,1.2910231,1.0519778,0.98635554,0.80837214,0.7460487,0.55614233,0.4798829,0.34927863,0.36778283
2454,1.4972397,1.3397125,1.1865413,1.1373535,0.9257713,0.833044,0.6728258,0.60060465,0.44272625,0.39821452,0.32173246,0.3247619
2455,2.0840974,1.6485575,1.2212639,1.1450578,0.9591761,0.7930164,0.67247456,0.59733486,0.36649054,0.34401,0.35247096,0.31056365
2456,1.9494617,1.4517618,1.0433552,0.9603015,0.79195523,0.65135396,0.61632735,0.5182993,0.3661254,0.301535,0.34105504,0.2816627
2457,1.8210841,1.293757,0.9497035,0.83299124,0.6746658,0.56083274,0.57894504,0.4517026,0.3744506,0.3098748,0.3352713,0.27641433
2458,2.1410363,1.4674542,0.9549667,0.88149685,0.7622846,0.6086907,0.8009949,0.6514449,0.4183095,0.2858534,0.22987634,0.114253566
2459,1.4511986,0.9608115,0.7875125,0.6402472,0.5275292,0.43243688,0.5698414,0.4042127,0.4722669,0.34951243,0.30308864,0.25341186
2460,1.7658536,1.170981,0.88317364,0.71028817,0.5866971,0.46915817,0.6199697,0.4730223,0.4265653,0.32625082,0.2625602,0.21201336
2461,1.2555215,0.82851255,0.70890075,0.5371951,0.4472614,0.35633945,0.47413558,0.34691358,0.41149175,0.3163444,0.25870413,0.24181047
2462,1.2541574,0.84915054,0.72165215,0.5316673,0.4552831,0.35732248,0.44765007,0.34456372,0.37154263,0.30746117,0.2445177,0.25109753
2463,1.0436637,0.72079754,0.6355389,0.46439677,0.4148181,0.3237865,0.39405024,0.31257954,0.343086,0.29404604,0.23945832,0.26207548
2464,1.47248,1.0358849,0.8029219,0.5956354,0.51480705,0.37030336,0.4276091,0.3562954,0.30441532,0.27748597,0.23935021,0.26243237
2465,0.6406954,0.45075506,0.43166363,0.31924456,0.31640053,0.24350291,0.30695862,0.24683723,0.30749962,0.270919,0.2275928,0.26254565
2466,0.37962556,0.28640074,0.32127732,0.25906265,0.29985642,0.280669,0.323542,0.26812965,0.28726634,0.2819994,0.26841125,0.3315127
2467,0.3249238,0.27371147,0.29777387,0.2614335,0.31870788,0.2980793,0.32511967,0.2903578,0.27537265,0.28705806,0.30580115,0.38655657
2468,0.18283692,0.19379677,0.21247125,0.21214724,0.29504383,0.2775957,0.29985347,0.2911017,0.26788753,0.2917316,0.3568418,0.46360886
2469,0.13900724,0.18669318,0.1767648,0.18572423,0.27786782,0.2478258,0.26399416,0.29051572,0.26863503,0.32462066,0.45255062,0.5874618
2470,0.13828823,0.20652479,0.17034607,0.16381373,0.2492453,0.19819954,0.20783134,0.28514576,0.29292014,0.4034328,0.6055248,0.756205
2471,0.1464821,0.21953851,0.18770397,0.14438596,0.20616382,0.14169306,0.14878547,0.29355907,0.36249885,0.55246407,0.82677495,0.96130127
2472,0.20037758,0.2500636,0.23747803,0.15877816,0.1733661,0.10704836,0.14111288,0.37665415,0.5188742,0.78533375,1.0949421,1.1819818
2473,0.2613526,0.27617806,0.25508744,0.19569631,0.16356625,0.11008047,0.25007528,0.5888661,0.79752636,1.074719,1.3372897,1.3755134
2474,0.30674928,0.30048862,0.20928222,0.23577173,0.19889054,0.18565892,0.49097985,0.9199617,1.1598568,1.3441157,1.4801317,1.4755954
2475,0.31175458,0.30663824,0.15240468,0.28614545,0.30425447,0.37194538,0.8019663,1.2448272,1.4620718,1.4907117,1.487012,1.4596971
2476,0.22690499,0.24148563,0.12789473,0.33709925,0.4682113,0.6451138,1.0896955,1.4348502,1.5776063,1.4658778,1.3894886,1.3915122
2477,0.1873011,0.21752599,0.19100659,0.45005065,0.7288948,1.020364,1.3826214,1.5669851,1.5798388,1.325873,1.2296537,1.2642158
2478,0.27777836,0.29533452,0.4061917,0.7106493,1.0992899,1.4056314,1.611493,1.5861709,1.476734,1.1187679,1.0387878,1.0657296
2479,0.21162042,0.34136298,0.7844571,1.1046376,1.4254724,1.6279641,1.6129243,1.4040082,1.243108,1.0140929,0.96573234,0.9789157
2480,0.5652707,0.7505682,1.2568161,1.453968,1.578191,1.63654,1.4538682,1.2520769,1.0669656,1.0044103,1.0180002,1.0185912
2481,1.9138122,1.6171492,1.6929216,1.6260618,1.5546862,1.5476286,1.3831838,1.313772,1.0898416,1.0310074,1.0691041,1.0931213
2482,1.7943026,1.486782,1.5403032,1.4493978,1.2720833,1.3481212,1.1901942,1.128533,0.95758736,0.9299456,0.9273238,0.9927847
2483,1.4736761,1.2574812,1.3991404,1.327507,1.1260918,1.2507147,1.0976852,1.014525,0.8644202,0.85207224,0.892535,0.9531193
2484,1.1030371,1.0002817,1.2605574,1.2423736,1.0457938,1.1662958,1.0628754,0.9837965,0.8244158,0.80912757,0.9219086,0.97561204
2485,1.5769836,1.342843,1.5341439,1.4250757,1.2438711,1.2632574,1.204485,1.0785983,0.9738798,0.9505255,1.0921514,1.1330445
2486,2.0689971,1.7376008,1.7717981,1.5575813,1.3820366,1.3406594,1.2752211,1.1584222,1.1570385,1.1534234,1.3166648,1.3485595
2487,2.6345844,2.1145012,1.8928204,1.6139977,1.4294256,1.35069,1.3862311,1.3398209,1.3900946,1.3674021,1.438013,1.4151543
2488,1.9706769,1.8073167,1.4764669,1.2752637,1.3001581,1.3037761,1.3125863,1.3926501,1.4221478,1.3840299,1.4513997,1.4435765
2489,1.8221959,1.7506628,1.3361297,1.1880872,1.3237797,1.2906414,1.3361155,1.4768326,1.5095744,1.4383211,1.453869,1.4335346
2490,1.6023011,1.6492836,1.2478161,1.1455002,1.3619723,1.3407333,1.3688707,1.4921479,1.5576793,1.4384159,1.4275011,1.387217
2491,2.0748534,1.8333707,1.4436867,1.3313303,1.4284117,1.3594346,1.4629097,1.5430644,1.5937566,1.5059543,1.4076782,1.2964269
2492,1.8379029,1.6977793,1.4182069,1.3429017,1.4781777,1.4993382,1.5578206,1.5548592,1.6154802,1.4642587,1.3628877,1.2367861
2493,1.2614237,1.3737583,1.3504841,1.405598,1.5374911,1.6588293,1.6554865,1.5989661,1.6486653,1.4431026,1.3316644,1.2188599
2494,1.496166,1.5037284,1.5025492,1.593092,1.6641341,1.7817241,1.7770568,1.6754375,1.6764113,1.4244463,1.3485806,1.2507455
2495,1.3571599,1.446845,1.5085692,1.6554233,1.6969689,1.7892191,1.7406077,1.6082089,1.5599947,1.3075621,1.2608505,1.203171
2496,1.4403166,1.5213395,1.5493069,1.6950971,1.733288,1.7512598,1.6619394,1.5226345,1.4249492,1.1675885,1.1468909,1.1097989
2497,2.0529804,1.8702772,1.7053084,1.7807349,1.797381,1.6767356,1.5811696,1.4782159,1.3056122,1.1001208,1.0573329,0.9574999
2498,1.794623,1.7750155,1.7129593,1.8141043,1.7303332,1.6186966,1.4923702,1.3729334,1.1711237,0.99471176,0.8915435,0.8420226
2499,1.5304945,1.6617998,1.6555376,1.794767,1.6303434,1.5353323,1.3462502,1.2387004,1.0159874,0.8626785,0.72585094,0.7038715
2500,1.4536667,1.6499974,1.61887,1.7535247,1.5343583,1.437329,1.1707984,1.0924616,0.8453635,0.73190075,0.5953411,0.56761646
2501,1.3408595,1.5765272,1.5055971,1.6119528,1.3683016,1.2619456,0.95773613,0.91657233,0.66407466,0.6002979,0.49009565,0.4421952
2502,1.3351183,1.5098028,1.3831668,1.4142431,1.1675903,1.0424902,0.7517144,0.7322313,0.5007613,0.4912001,0.41900575,0.35593545
2503,2.1770802,1.9096318,1.5472836,1.4105895,1.1364381,0.960573,0.6629861,0.63078415,0.39220276,0.4582507,0.4484005,0.3597348
2504,1.7250015,1.4642245,1.1791909,1.0356905,0.8217164,0.6768641,0.50623935,0.46634436,0.33423167,0.35991794,0.3812485,0.3173109
2505,1.480381,1.1887844,0.96197975,0.7954095,0.6466361,0.525195,0.43385452,0.374585,0.31258607,0.338693,0.35178792,0.30809355
2506,1.7940177,1.3360486,1.0049624,0.8128653,0.66899896,0.52360106,0.47194457,0.39630675,0.3030907,0.3191215,0.34806976,0.30826688
2507,0.75685877,0.5792979,0.5349419,0.4305754,0.38340753,0.30451602,0.32316762,0.25749522,0.3132736,0.3180651,0.30323654,0.29742438
2508,0.373784,0.28897166,0.35126355,0.29673475,0.30546957,0.27793658,0.32510102,0.25822505,0.29267308,0.32695356,0.31673807,0.3601809
2509,0.22921807,0.18421367,0.27194676,0.24784142,0.2752714,0.25309962,0.31798363,0.26543388,0.28041512,0.32626438,0.33871698,0.42064214
2510,0.17108102,0.15332681,0.22784552,0.22130933,0.25375402,0.22949398,0.29874933,0.2690021,0.2770056,0.33075055,0.37687513,0.48863274
2511,0.1443183,0.14807263,0.19782245,0.1994629,0.22839016,0.20059618,0.2701501,0.26848176,0.28792608,0.35765916,0.44882524,0.58522844
2512,0.22868359,0.22208196,0.23267277,0.21703704,0.22583938,0.18896207,0.24385038,0.27981544,0.31350636,0.40588802,0.5468045,0.68196654
2513,0.18789604,0.19883253,0.2116162,0.1904924,0.19027887,0.1572653,0.21223915,0.29336053,0.37581426,0.50450015,0.6961794,0.81624544
2514,0.19634503,0.2063482,0.22615844,0.19090253,0.16474643,0.1464603,0.2087447,0.34914422,0.48155063,0.6436168,0.87219036,0.94369084
2515,0.218658,0.21586007,0.23257253,0.19888322,0.15253925,0.15631956,0.2571818,0.46162415,0.64362097,0.80456483,1.0264796,1.0475823
2516,0.22724746,0.2119373,0.21195826,0.20789358,0.16081375,0.20288967,0.37534994,0.6139988,0.83677053,0.9408202,1.1086876,1.1015341
2517,0.31374776,0.2759019,0.23772338,0.25924277,0.21847045,0.3162347,0.5392609,0.7815203,1.0137123,1.0177871,1.120483,1.0946386
2518,0.37068474,0.32558483,0.30161524,0.3365528,0.33363783,0.48947984,0.70930916,0.8909438,1.0997235,1.0129787,1.0640546,1.0501328
2519,0.35308576,0.32411465,0.38449863,0.42550546,0.48752242,0.6799758,0.83809537,0.9155739,1.0598133,0.92843163,0.97651994,0.99670595
2520,0.33808613,0.34423006,0.4836065,0.5410607,0.6379265,0.82930624,0.92085195,0.92194545,0.98421633,0.84458673,0.92302346,0.97086006
2521,0.2814232,0.35836017,0.55142915,0.651293,0.7610266,0.9294311,0.98179495,0.9378974,0.9322307,0.80718434,0.90993714,0.9766613
2522,0.16048956,0.3365394,0.570019,0.7311439,0.85261625,1.0028052,1.0339378,0.9678173,0.9239546,0.8157877,0.93158805,0.99237525
2523,1.6501822,1.3280307,0.92229,0.92132497,0.7910294,0.8963732,1.0126091,1.1385534,1.006735,0.8395865,1.0091478,1.0830364
2524,1.1019294,0.85794187,0.7174657,0.7613955,0.71642447,0.9206328,0.9906596,0.98734426,0.8828149,0.7600912,0.8359182,0.9290488
2525,0.5734633,0.48756212,0.6465508,0.7926461,0.6768922,0.9348429,0.97523504,0.9672112,0.8086033,0.7138721,0.7879361,0.8137979
2526,0.28842306,0.32899708,0.6521726,0.83408856,0.66585994,0.88664806,0.92053866,0.9175403,0.7148621,0.68915385,0.80245805,0.8127649
2527,0.9777176,0.92950904,1.1645858,1.1849568,1.0029427,1.0663083,1.0502995,0.9596211,0.8339548,0.8244904,0.9488921,0.981212
2528,0.9246647,1.0148094,1.2125154,1.1881435,1.0287731,1.0109214,0.9857991,0.8885614,0.84974694,0.8717673,1.0353092,1.1162813
2529,1.8625412,1.6179373,1.6022873,1.3984782,1.2856597,1.2196082,1.184476,1.1047032,1.177629,1.2009407,1.3324655,1.338946
2530,2.209418,1.80372,1.5927768,1.3706338,1.259511,1.1704677,1.2149206,1.2734632,1.3741026,1.4267604,1.4837366,1.4518656
2531,1.4483533,1.4468062,1.2002251,1.1085498,1.1538429,1.1135776,1.1650594,1.3076291,1.3784367,1.3840258,1.4572117,1.4456481
2532,1.194533,1.3043864,1.0886633,1.08648,1.1749091,1.1159844,1.2140514,1.3707926,1.4287974,1.3515407,1.4143203,1.4034996
2533,1.2711632,1.3109758,1.1311626,1.1622574,1.220747,1.180123,1.2885962,1.4157753,1.4513277,1.3122787,1.3760096,1.3339735
2534,1.3931677,1.3393264,1.1964467,1.2405891,1.260005,1.2563047,1.3509896,1.4225953,1.4414383,1.2652862,1.3491455,1.2763871
2535,1.5784589,1.4038622,1.2674863,1.3202826,1.3032197,1.3231696,1.4115132,1.4211252,1.425047,1.2364596,1.3386742,1.2449775
2536,0.9522386,1.0704904,1.1776433,1.298338,1.2754571,1.3508738,1.3961203,1.3324149,1.3576678,1.2063334,1.2718695,1.2435373
2537,0.86579335,0.9939332,1.1825347,1.3290417,1.2687719,1.3752663,1.4006162,1.3204157,1.339495,1.2307847,1.2957554,1.2382823
2538,0.7303077,0.8986912,1.1506858,1.3013948,1.2375445,1.3578173,1.3611147,1.2768989,1.29231,1.2402958,1.2796131,1.1847793
2539,1.2849126,1.2155974,1.2954583,1.3278414,1.3303728,1.3864629,1.3879061,1.3056123,1.305058,1.206158,1.2242138,1.0608122
2540,1.3661395,1.2701517,1.3258779,1.3342055,1.3601686,1.3771123,1.3779982,1.2955568,1.2705454,1.154248,1.109948,0.91786426
2541,1.4895191,1.3612107,1.4044352,1.396218,1.3970385,1.3712275,1.3626657,1.2636502,1.2065233,1.072163,0.96846676,0.7695464
2542,1.1168981,1.2186753,1.3217008,1.3852725,1.3520632,1.2977988,1.2474911,1.1262426,1.0500715,0.9039105,0.75234026,0.59309006
2543,1.1335754,1.2758243,1.3320651,1.3826756,1.2993364,1.2055897,1.0966688,0.9627613,0.87325084,0.7138961,0.5596092,0.4210065
2544,1.0993403,1.2733439,1.2952824,1.3140022,1.1820099,1.0622162,0.9055925,0.7761819,0.68691874,0.5463039,0.40713793,0.2915532
2545,1.1421666,1.2658459,1.2503548,1.2030616,1.0262059,0.88526124,0.7072551,0.5844711,0.5081456,0.40099376,0.29726732,0.2005535
2546,1.108702,1.1621499,1.1225224,1.0132127,0.8256407,0.6799378,0.5257126,0.41469795,0.3676381,0.3065329,0.24090412,0.16832021
2547,1.0591649,1.032207,0.9698579,0.8163759,0.6522155,0.51414496,0.4048661,0.30162114,0.2854238,0.26102248,0.21839862,0.17580907
2548,1.0240595,0.9174289,0.83403844,0.65186393,0.51929885,0.3957377,0.3260194,0.23142423,0.23647124,0.24332002,0.2113691,0.1929991
2549,0.9148028,0.7759408,0.69099224,0.50805986,0.40970168,0.3066466,0.26806936,0.1902658,0.20731334,0.23849772,0.20827806,0.20639169
2550,0.7950929,0.65135896,0.5703916,0.40513438,0.33255407,0.25089222,0.23154555,0.17449978,0.19094273,0.24016748,0.20692801,0.21653908
2551,0.66920567,0.5390542,0.46035755,0.3281184,0.27650455,0.2164734,0.20587145,0.17689894,0.17862621,0.24002683,0.20355,0.21976174
2552,0.6300858,0.50009423,0.41202524,0.30196065,0.25905576,0.21172112,0.19808376,0.19121638,0.17302358,0.24303675,0.20376293,0.22147325
2553,0.64070594,0.5001477,0.39715868,0.2978298,0.25946492,0.21808824,0.19642594,0.20686863,0.17247276,0.24872416,0.20815364,0.22255802
2554,0.6023793,0.47173798,0.3670432,0.28411806,0.25803456,0.22195573,0.19625075,0.22138388,0.17431664,0.24748568,0.20893534,0.2168515
2555,0.6760901,0.5210279,0.39545316,0.30985665,0.28257382,0.24420801,0.20482956,0.23967342,0.18244031,0.26792175,0.22959213,0.23774993
2556,0.4788692,0.38900822,0.2969178,0.24940687,0.24952415,0.2193532,0.19329137,0.24498926,0.20129739,0.2758771,0.24703744,0.26132882
2557,0.13560055,0.1469448,0.13080737,0.15251617,0.19797754,0.18946654,0.19258781,0.25090116,0.2232484,0.28254974,0.28405288,0.3354471
2558,0.052784547,0.08208858,0.104498245,0.14807288,0.19912596,0.19213346,0.2118817,0.25862157,0.24263585,0.31494305,0.3512714,0.44474983
2559,0.030472055,0.0589882,0.104302794,0.15291855,0.19197832,0.1860823,0.22355054,0.2642537,0.28194696,0.37434903,0.45138156,0.58234537
2560,0.117323235,0.12410986,0.17084669,0.18938619,0.1971331,0.19488461,0.23542073,0.28193563,0.34422648,0.4827246,0.5964394,0.74265283
2561,0.115752935,0.12503175,0.19362059,0.18513763,0.17195962,0.19022891,0.24600522,0.3186707,0.44153848,0.63939935,0.7774625,0.91234726
2562,0.12702762,0.13207191,0.21698861,0.18703973,0.1530517,0.19691138,0.27556646,0.40246463,0.5777481,0.8242841,0.95966756,1.0490026
2563,0.21927479,0.18202786,0.22085002,0.20220119,0.15509066,0.22803558,0.36388278,0.5701911,0.77504206,0.9830674,1.0783995,1.107764
2564,0.20328276,0.13624772,0.13061337,0.17667615,0.16092199,0.26617032,0.51272553,0.7668917,0.971074,1.0680956,1.1094048,1.0951068
2565,0.19918466,0.09291496,0.0663781,0.1616374,0.19062787,0.34424883,0.6558373,0.92504793,1.0876513,1.083968,1.0912861,1.0257626
2566,0.2255449,0.074076526,0.049063087,0.16321272,0.24951513,0.4672616,0.7696858,1.0398431,1.1467829,1.0961931,1.064764,0.9269614
2567,0.1410471,0.0053185076,0.042489707,0.1850568,0.37141955,0.6462025,0.88367605,1.1206477,1.167932,1.1392763,1.0514679,0.8539412
2568,0.18082112,0.11775322,0.22720999,0.37364358,0.62818664,0.8784888,1.0168636,1.1740181,1.2115172,1.2178534,1.0798879,0.86617523
2569,0.37168682,0.3838426,0.50791013,0.6208126,0.88851297,1.0429858,1.1065271,1.1979859,1.2758275,1.2914752,1.1608481,0.96092373
2570,0.43159372,0.52835715,0.65827394,0.76898926,1.0697539,1.1747693,1.1900544,1.2405198,1.3306471,1.3430159,1.2402464,1.0649376
2571,1.3820038,0.93399614,0.7684751,0.7406499,0.956281,1.1922593,1.2084193,1.1956116,1.2149407,1.1224538,0.9959632,0.83392537
2572,0.53627086,0.5629118,0.606814,0.71923286,1.0678942,1.2928247,1.1581467,0.9591403,0.8842672,0.89365757,0.7065942,0.71175593
2573,0.81749606,0.8538295,0.9642608,1.0403023,1.2170511,1.3297963,1.2069944,1.0432831,0.922804,0.8599384,0.7174009,0.7185986
2574,0.9584852,1.0432584,1.1927867,1.1848474,1.2998652,1.2847103,1.2004699,1.0405318,0.895831,0.8308227,0.71004885,0.7351528
2575,1.3439518,1.303472,1.3976698,1.2739459,1.3398435,1.2397153,1.1616596,0.99479616,0.8718095,0.8176967,0.71018434,0.7415022
2576,1.0836375,1.22681,1.3159766,1.2030214,1.2479191,1.1001593,1.0146996,0.865813,0.7966194,0.76191044,0.71186113,0.76055735
2577,0.61922693,0.93892145,1.0143499,0.98058593,1.0188166,0.8673276,0.8090779,0.69755566,0.66983175,0.64985573,0.6746787,0.7685573
2578,0.47262126,0.8181593,0.83558494,0.8145331,0.8784349,0.71829224,0.68056,0.5815855,0.57674724,0.60542303,0.6630106,0.8026658
2579,0.515982,0.8006201,0.73345965,0.66878724,0.76410043,0.5928057,0.58454585,0.53007025,0.5662502,0.64971244,0.7430756,0.9228909
2580,0.49690062,0.71343696,0.63536716,0.5086913,0.6142238,0.4878744,0.5096611,0.534674,0.6274117,0.77255297,0.89768803,1.0659788
2581,0.51614594,0.64191186,0.5748102,0.40370405,0.5143968,0.45718628,0.5180389,0.6211089,0.7811837,0.95343506,1.0797083,1.1833168
2582,0.5677509,0.622142,0.55608606,0.41391742,0.5200944,0.506887,0.6221507,0.76623225,0.96642065,1.1074499,1.1914128,1.2144979
2583,0.7683839,0.7296962,0.64114434,0.5563207,0.6443615,0.66032016,0.82213527,0.97352713,1.1714469,1.2342484,1.2546784,1.1998411
2584,0.64421797,0.6354145,0.652505,0.63453364,0.71155137,0.7605794,0.96504074,1.0756338,1.2547022,1.2782477,1.252829,1.1903079
2585,0.5714472,0.5956029,0.67684954,0.70417625,0.80007493,0.88259244,1.0822381,1.1545398,1.2846433,1.2900121,1.2376529,1.1743982
2586,0.60037273,0.65330005,0.75830144,0.8125498,0.92469597,1.0197488,1.1791624,1.2131946,1.2878995,1.2741328,1.1971194,1.1377102
2587,2.0424488,1.3656387,1.0857434,1.0416235,1.093511,1.1626567,1.2908112,1.4439116,1.4046103,1.3998319,1.2903037,1.0464561
2588,1.5651911,1.1498498,1.122144,1.0681149,1.2223115,1.2959435,1.4112124,1.4792011,1.423373,1.4129131,1.1719726,0.98934805
2589,0.81590855,0.89312494,1.0518515,1.1556772,1.3628192,1.4311678,1.51634,1.4962649,1.3965262,1.27659,0.9341812,0.8292188
2590,1.2616063,1.2784595,1.3311753,1.4266876,1.5679206,1.5447115,1.566531,1.449806,1.2671756,1.0024811,0.66710675,0.5660415
2591,1.0851665,1.320137,1.3948116,1.5321236,1.5890888,1.4907877,1.3885639,1.2065659,1.0115405,0.73761,0.4321672,0.34435725
2592,1.2547884,1.4767873,1.4903662,1.5456002,1.4961917,1.3434312,1.1523511,0.95684546,0.7894672,0.52676296,0.28728887,0.20255493
2593,2.1770518,1.8999739,1.6825991,1.5923817,1.4563481,1.2969346,0.9854901,0.8457873,0.68511677,0.44933826,0.36130163,0.22253926
2594,1.3234469,1.3845724,1.3603988,1.2835456,1.1115829,0.987368,0.7239146,0.6161669,0.5012331,0.36084357,0.2960904,0.18000233
2595,1.255964,1.2873969,1.2597103,1.1304932,0.9145305,0.7914225,0.58065474,0.46229434,0.39199468,0.27516618,0.22329266,0.1438948
2596,1.215909,1.1753896,1.1163191,0.93454784,0.7287373,0.6026545,0.44500625,0.33348805,0.29376298,0.22505124,0.1940215,0.14177974
2597,1.07353,0.99294484,0.9245487,0.72631097,0.5598477,0.44314152,0.34131783,0.24623111,0.23248568,0.20767047,0.18566561,0.15636472
2598,0.9199297,0.81792724,0.75272804,0.559316,0.43378192,0.33124587,0.2743665,0.19587016,0.1993594,0.20912871,0.18470642,0.17677331
2599,0.93283933,0.76644987,0.6787867,0.48042303,0.37500376,0.2814039,0.24451707,0.17898649,0.18211514,0.22098947,0.1904405,0.19332367
2600,0.6070942,0.519335,0.4728096,0.33512026,0.27335367,0.20503502,0.19652104,0.16690347,0.17227024,0.22053054,0.19013938,0.20420997
2601,0.5603477,0.47312146,0.4227122,0.31161833,0.25840047,0.20219271,0.19882292,0.18272232,0.16904607,0.23058482,0.19266021,0.2202413
2602,1.2422149,0.8801006,0.6464014,0.4696546,0.36008328,0.2922445,0.23353428,0.23002909,0.16482441,0.2594851,0.2254833,0.23825179
2603,0.6039382,0.45160258,0.3242456,0.23876616,0.20963639,0.1649641,0.15457278,0.20381388,0.18919589,0.2499615,0.21808639,0.21310312
2604,0.6080473,0.4751336,0.3525207,0.2749419,0.25784633,0.21787806,0.20047826,0.24628991,0.20316848,0.2827132,0.23777635,0.24875635
2605,1.0989275,0.7930418,0.53855467,0.4154982,0.34596783,0.28367102,0.23924778,0.29092863,0.20488355,0.2981686,0.2619634,0.279559
2606,0.41525877,0.34550497,0.22665572,0.1995046,0.2047666,0.17211345,0.17469683,0.25748762,0.23966518,0.28900713,0.25432554,0.2667305
2607,0.6673871,0.54292434,0.38637638,0.3220241,0.3090817,0.26294583,0.240638,0.30453724,0.25107503,0.33102077,0.29316688,0.3208613
2608,0.4477691,0.40276253,0.29397798,0.26845452,0.27507055,0.23855585,0.23593864,0.30797243,0.28233457,0.34184945,0.32111585,0.35074633
2609,0.10088335,0.16282465,0.13586226,0.1730671,0.22104365,0.21417522,0.24223037,0.31239164,0.30875108,0.3644328,0.38173026,0.44379455
2610,0.0013671368,0.084217325,0.09792074,0.1561847,0.20347054,0.20879814,0.25989228,0.32330376,0.33438867,0.42073336,0.49149823,0.5960016
2611,0.023404665,0.09046318,0.121043086,0.16718026,0.18419509,0.1980588,0.27014902,0.3393063,0.39381602,0.5370823,0.6598027,0.7952393
2612,0.1422325,0.16768552,0.19852272,0.20262931,0.17763697,0.20948198,0.2955649,0.39421138,0.5125333,0.7387001,0.8806242,1.0048985
2613,0.16138978,0.15025051,0.18563502,0.19152236,0.1766968,0.24393487,0.38374907,0.53732574,0.7207413,0.99106157,1.0839341,1.1513865
2614,0.13432404,0.07804695,0.07430106,0.1695608,0.2369837,0.36492044,0.5944346,0.79562694,0.95810664,1.0893124,1.1065869,1.0717578
2615,0.11247269,0.13884875,0.17322682,0.28315467,0.36953226,0.4888829,0.7271306,0.82909715,0.90180373,0.86774886,0.9827205,0.9373527
2616,0.2062968,0.21189822,0.25285783,0.30903044,0.3326021,0.4234477,0.6621218,0.74922407,0.8533083,0.81688917,0.9543438,0.94057345
2617,0.30468035,0.28282592,0.3047194,0.32912898,0.329213,0.4207827,0.625128,0.7153714,0.8310815,0.79922616,0.88990366,0.8681663
2618,0.3391556,0.3189023,0.34044772,0.35884285,0.38024926,0.4751677,0.6448297,0.72141564,0.82176805,0.79906154,0.83840597,0.8144361
2619,0.33453214,0.34170672,0.36483932,0.3901235,0.46587324,0.5712636,0.70280063,0.7612288,0.817768,0.80383396,0.7942132,0.7751513
2620,0.3902011,0.40673462,0.41389167,0.44119558,0.5438564,0.6382271,0.73498344,0.76609594,0.78795457,0.77850246,0.7409116,0.73198223
2621,0.6426953,0.58714825,0.50770277,0.52086616,0.6166052,0.67986906,0.7512179,0.76295817,0.7447212,0.7354125,0.6710739,0.6793454
2622,0.5810885,0.56232786,0.4807577,0.53323084,0.66292804,0.689215,0.7407946,0.709128,0.66366816,0.67665577,0.60112,0.6445089
2623,0.29837346,0.39777374,0.38383883,0.50021416,0.667138,0.6820391,0.696704,0.6582197,0.604371,0.6301533,0.5846226,0.64166695
2624,0.3423419,0.44945002,0.43812042,0.5679094,0.6841339,0.6810716,0.67407393,0.65430176,0.5929592,0.6099644,0.60560626,0.66110945
2625,0.20056164,0.38717014,0.38218623,0.5432382,0.5998161,0.59279567,0.56703526,0.57389367,0.5433993,0.5667155,0.6199678,0.7056787
2626,0.12953743,0.34266168,0.32884246,0.4853234,0.4842636,0.47199315,0.45806724,0.48430243,0.516895,0.56348395,0.6839519,0.8029269
2627,0.50248986,0.58796996,0.5400164,0.59787107,0.58263916,0.5390537,0.55856836,0.52707446,0.64592016,0.71657795,0.8508166,0.9951981
2628,0.3914892,0.5026701,0.5140616,0.52404845,0.54452074,0.50866777,0.5716573,0.53742975,0.7237339,0.8583783,1.0247225,1.1850075
2629,0.4739529,0.5438889,0.56883204,0.5024179,0.57947344,0.571756,0.6436302,0.65460974,0.8663312,1.0515593,1.2339807,1.3532512
2630,0.42110306,0.5056961,0.5289204,0.46916902,0.59106076,0.6055457,0.7207632,0.7837688,1.0046599,1.1842123,1.3619187,1.4243093
2631,0.3579414,0.45196408,0.4676149,0.46686196,0.62399846,0.6493852,0.8258515,0.9194427,1.1317346,1.267769,1.4206316,1.4258806
2632,0.44898427,0.5098815,0.49742723,0.5451172,0.7082624,0.7514918,0.9553755,1.0562506,1.2584863,1.3375686,1.4327394,1.3772061
2633,0.6668775,0.66378325,0.62486506,0.7050446,0.83939666,0.9264131,1.1196781,1.2093431,1.4027458,1.4268767,1.4576489,1.3483905
2634,1.3544985,1.0711732,0.9053907,0.96274376,1.0418069,1.2129453,1.3718731,1.4688938,1.6422948,1.6386317,1.5912153,1.4064261
2635,1.0618016,0.93873143,0.94488823,1.0262886,1.1256481,1.3496151,1.5087296,1.6230106,1.6644078,1.7121896,1.6175787,1.4821806
2636,0.86160165,0.88759345,1.0084205,1.1195626,1.2718997,1.492408,1.6544223,1.7643027,1.712328,1.7275593,1.5864143,1.4449487
2637,0.7764712,0.93377614,1.1284585,1.2827659,1.4656888,1.6403192,1.7700077,1.8261361,1.6944366,1.6526568,1.4712311,1.3267531
2638,1.8694355,1.567738,1.5296402,1.5215099,1.6978784,1.7510995,1.8443626,1.8213406,1.6089541,1.4970404,1.3106838,1.12774
2639,1.4164873,1.470224,1.6033354,1.6718516,1.8010577,1.745405,1.7753435,1.6112535,1.4137731,1.2755356,1.0249088,0.9021114
2640,1.5102769,1.6235006,1.7425764,1.7920884,1.811302,1.6674101,1.6442392,1.406683,1.2391998,1.0687478,0.82045555,0.7195724
2641,2.0805712,1.872218,1.8049586,1.720095,1.734559,1.5764872,1.4819424,1.2481532,1.1126804,0.9417738,0.745559,0.6129
2642,1.9361117,1.7871149,1.7332015,1.6471888,1.6201714,1.4691427,1.3301642,1.0944455,0.98365283,0.8133544,0.6466863,0.5239789
2643,1.2763269,1.4448787,1.4997947,1.4890077,1.3921926,1.2812725,1.1262015,0.9419841,0.8472868,0.68558145,0.50294095,0.40519667
2644,1.5190264,1.5751687,1.5344105,1.4380531,1.2989756,1.1723689,0.97917414,0.8234171,0.7353318,0.5713725,0.40846425,0.33017218
2645,1.3644639,1.4605103,1.4124365,1.3012894,1.1238666,1.0098045,0.78909254,0.679941,0.5895956,0.46655163,0.3305982,0.25248095
2646,1.3186519,1.3760921,1.3094046,1.1674434,0.9685518,0.8568452,0.6365521,0.55185676,0.46759748,0.38406682,0.27658403,0.20645887
2647,1.1071961,1.1647799,1.1140101,0.96592075,0.7736484,0.66721797,0.48679954,0.41532096,0.35265628,0.30577275,0.22810724,0.17489779
2648,0.9606525,0.9833483,0.93967223,0.7872561,0.62042034,0.5170638,0.393007,0.3215776,0.2852951,0.2664362,0.20707798,0.18215173
2649,1.6456972,1.2880557,1.0552092,0.82270956,0.6377861,0.52296424,0.37666035,0.3071198,0.24885687,0.27070767,0.26010275,0.23015346
2650,1.3284857,0.9767867,0.7733841,0.54773164,0.43426836,0.3378833,0.2625564,0.22495937,0.21391696,0.2400794,0.2507515,0.22184291
2651,1.2990267,0.91014147,0.6974317,0.48327294,0.39524138,0.30689174,0.27333677,0.23782462,0.2322529,0.26212713,0.25554052,0.24362347
2652,0.5630474,0.42481285,0.38078064,0.26878774,0.24911535,0.19926599,0.21433827,0.20709017,0.2396875,0.27152303,0.2432383,0.24522243
2653,1.2331653,0.85391337,0.6388917,0.4614208,0.39139256,0.29921514,0.3035496,0.29095492,0.24298653,0.2957798,0.24101864,0.25746804
2654,0.3346796,0.26315206,0.23343116,0.19466928,0.20157474,0.16043591,0.20983048,0.2439298,0.2524921,0.2731205,0.2289453,0.2512058
2655,0.19688168,0.1942462,0.19386813,0.19553906,0.22096862,0.21065244,0.248045,0.28394803,0.24230732,0.2875758,0.25727704,0.30440733
2656,0.19969863,0.21220434,0.20947441,0.22107884,0.24511999,0.23825505,0.26273203,0.30233285,0.25294092,0.30916092,0.30163205,0.3630561
2657,0.18270168,0.20552836,0.20732054,0.22592494,0.24445578,0.24604253,0.2655372,0.30337852,0.27075794,0.33635914,0.35484758,0.431817
2658,0.19690734,0.21706504,0.22093326,0.23594956,0.2426295,0.25350353,0.26907974,0.30343717,0.29881334,0.37991714,0.42509693,0.51672715
2659,0.2572395,0.2626855,0.26146847,0.26127318,0.24837339,0.2680635,0.2760625,0.31165588,0.34391946,0.44575068,0.51608205,0.6120016
2660,0.32773677,0.31951413,0.31147903,0.29318684,0.2577594,0.28895,0.29037267,0.34069544,0.41885054,0.54773784,0.64033896,0.7233101
2661,0.30351633,0.30542785,0.3153811,0.29768288,0.25297904,0.30315846,0.31820065,0.3922136,0.5192528,0.6742586,0.7760037,0.8332276
2662,0.30734593,0.31592563,0.33313695,0.32703736,0.27272978,0.34535804,0.3857797,0.4961176,0.655208,0.8159673,0.9051627,0.92052627
2663,0.34901756,0.36070505,0.36380914,0.37950227,0.33501568,0.42381385,0.48552948,0.6066232,0.75385594,0.8717145,0.9230437,0.9063344
2664,0.33212996,0.34969166,0.36664236,0.38257286,0.3869623,0.43985766,0.47485703,0.53008366,0.59058964,0.6787606,0.717491,0.72524154
2665,0.36627924,0.359405,0.36294755,0.38174164,0.39949718,0.42273295,0.46173918,0.49525434,0.51410306,0.5841265,0.6004218,0.6319724
2666,0.35431212,0.35054982,0.34840542,0.38025975,0.41619274,0.4219948,0.47020733,0.4939646,0.49746135,0.5569501,0.55578554,0.5956253
2667,1.4877683,1.0261931,0.5580096,0.60401,0.38600892,0.4353122,0.557883,0.69461644,0.5431542,0.4547221,0.43965125,0.41327092
2668,0.95470977,0.65675527,0.3541947,0.39090627,0.3431399,0.39896023,0.5173392,0.572615,0.55853355,0.4747619,0.44822925,0.499009
2669,0.749132,0.5408696,0.37745455,0.4403527,0.39843953,0.49202186,0.57587844,0.59187555,0.6201987,0.49790612,0.51305556,0.5581437
2670,0.9907832,0.7051229,0.57033575,0.5940802,0.5341242,0.62978774,0.6921484,0.687371,0.7058141,0.57181406,0.615987,0.6582501
2671,0.72357,0.5829679,0.5765807,0.5796074,0.5760009,0.6509832,0.6511547,0.6297461,0.67451817,0.56568253,0.6250719,0.65195143
2672,0.5535695,0.5184264,0.5821595,0.5848849,0.6005844,0.6163487,0.5933687,0.57175326,0.62723845,0.56435627,0.63636816,0.6812175
2673,0.47638834,0.513841,0.57533836,0.56568897,0.582293,0.5069871,0.51904684,0.48975968,0.5667983,0.56164044,0.64779776,0.7626661
2674,0.6749609,0.6945455,0.68390733,0.6278522,0.6473884,0.4892488,0.563867,0.5090315,0.6234188,0.6777936,0.7606237,0.9466236
2675,0.61073333,0.6417145,0.6296562,0.5847287,0.56269246,0.40332067,0.5587933,0.5579507,0.7061633,0.82546055,0.93648255,1.1582947
2676,0.7179965,0.7046822,0.68147236,0.5893591,0.5404483,0.44116408,0.6246963,0.6972079,0.8794662,1.0552418,1.1830405,1.362159
2677,0.764855,0.7141563,0.70663553,0.61159337,0.5288454,0.53211915,0.7502016,0.89330375,1.1206656,1.2937801,1.4185727,1.4961149
2678,0.76567316,0.7066684,0.7263991,0.68565285,0.6059464,0.6947691,0.95766973,1.1063738,1.3554109,1.4462508,1.5276779,1.4969473
2679,0.73386985,0.7005316,0.77633977,0.79593974,0.7534248,0.8879005,1.1790035,1.275018,1.5139496,1.5180544,1.5368874,1.4461919
2680,0.7625409,0.7650228,0.8911626,0.9531064,0.9641282,1.117023,1.395475,1.4183114,1.6060479,1.5554122,1.514488,1.4035559
2681,0.9309207,0.94891447,1.0997417,1.1688515,1.2271589,1.3690771,1.5922997,1.5437424,1.644726,1.5557679,1.4713858,1.3591323
2682,0.9787871,1.0798659,1.2722154,1.3313832,1.422187,1.5099115,1.6642395,1.564075,1.5860019,1.4909085,1.3722779,1.2914363
2683,0.9226133,1.15723,1.3904021,1.4520719,1.5380535,1.5687436,1.6423678,1.5113416,1.4699317,1.3847888,1.2458804,1.2017694
2684,0.9859486,1.2719411,1.495187,1.5330799,1.5791671,1.5496377,1.5533175,1.4130023,1.3373673,1.2566613,1.102076,1.0807157
2685,1.0042402,1.3127933,1.5292091,1.5394135,1.5419326,1.4682856,1.4270397,1.2848806,1.2026331,1.1286755,0.9550853,0.9589654
2686,1.9686023,1.8137376,1.7740123,1.6118298,1.5621078,1.4548309,1.3444,1.2655544,1.1404929,1.0487493,0.89736414,0.84557307
2687,1.7447019,1.6704731,1.6328266,1.4935715,1.447635,1.3478564,1.1975309,1.1710227,1.0292084,0.9635521,0.80268073,0.6924232
2688,1.2786307,1.4533552,1.4612527,1.407809,1.3491579,1.2523148,1.0947776,1.0633137,0.92744625,0.8250525,0.6234734,0.51419103
2689,2.0293581,1.8380463,1.6419663,1.544987,1.4355787,1.345862,1.041388,1.0083289,0.8153181,0.64671147,0.5167612,0.3290016
2690,1.2733766,1.3954296,1.377625,1.3086545,1.1931759,1.1030723,0.82677335,0.7556798,0.5989549,0.46601096,0.334205,0.1788494
2691,1.2820112,1.3575039,1.324302,1.1892773,1.0146656,0.90056056,0.6627635,0.56120265,0.4512589,0.3274504,0.22736147,0.11672516
2692,1.2060113,1.2227522,1.168711,0.97766024,0.79848725,0.6653938,0.48850238,0.3879256,0.32481837,0.24852699,0.18589321,0.11895649
2693,1.1198295,1.0703766,0.99648213,0.77498275,0.61934257,0.48947865,0.36938682,0.2735598,0.25385773,0.22020361,0.17814702,0.1493295
2694,1.0932547,0.96222365,0.86533797,0.6242213,0.4951296,0.37828988,0.29429257,0.20519549,0.21280019,0.21918514,0.18664119,0.18180692
2695,1.0913855,0.88793665,0.7661568,0.51869965,0.40987387,0.312639,0.24320233,0.17068833,0.18796842,0.22924414,0.20362744,0.20624478
2696,0.90381426,0.7213662,0.61407286,0.39819142,0.32075924,0.24663286,0.19812605,0.15265809,0.17939866,0.23961326,0.21247558,0.21971868
2697,1.4180399,0.9997544,0.71321744,0.48739013,0.37507915,0.30876356,0.22711104,0.2128343,0.17862983,0.2629423,0.25015578,0.26270562
2698,0.72024065,0.53308785,0.37741014,0.24207717,0.20906533,0.17863256,0.14456263,0.17568448,0.21233383,0.2680231,0.25008595,0.2514445
2699,0.62375,0.4960345,0.35739803,0.25597143,0.2439122,0.21676295,0.18794686,0.23076367,0.22692756,0.29638675,0.25840655,0.27973258
2700,0.622913,0.5079486,0.370241,0.28049615,0.2674358,0.22861268,0.2076977,0.26071402,0.23905016,0.3066289,0.26548117,0.29449674
2701,0.49895883,0.45128965,0.32713374,0.27679414,0.27787724,0.23767647,0.22683127,0.2951506,0.2715745,0.33109286,0.30549353,0.3427917
2702,1.2943661,0.9804445,0.65101314,0.542343,0.42799854,0.3575098,0.31218746,0.36632454,0.28074,0.38438052,0.3827517,0.4519018
2703,0.4151082,0.38396612,0.23732641,0.24446584,0.21341196,0.20109786,0.22796708,0.3046388,0.36638698,0.38916206,0.40444928,0.45228237
2704,0.8308665,0.7091619,0.49400374,0.4624839,0.37004468,0.3502156,0.3509901,0.40025035,0.41784954,0.4850378,0.5327733,0.6055554
2705,0.49535638,0.48807043,0.36186868,0.3950329,0.31131706,0.32600433,0.37451398,0.42622858,0.5256672,0.55829,0.6510014,0.71953124
2706,0.22230372,0.3094648,0.25659072,0.34451014,0.27597004,0.31771296,0.42389458,0.49635637,0.61853373,0.6775905,0.8188462,0.9166126
2707,0.17163518,0.26477918,0.24001937,0.33586994,0.2640771,0.32979035,0.49412858,0.63023156,0.74779236,0.8881949,1.0545596,1.1639323
2708,0.12987807,0.20586026,0.1715093,0.2836353,0.34255022,0.46447945,0.682187,0.9190757,0.9809692,1.1715058,1.2226002,1.2799591
2709,-0.006299764,0.19762206,0.24288094,0.43738008,0.78208756,0.8802159,0.9517028,1.0384169,0.85687315,0.94660854,0.88408804,0.9029215
2710,0.116687134,0.3766508,0.41838977,0.4842718,0.6245621,0.62616515,0.5722488,0.52401024,0.52789223,0.5564637,0.6795392,0.7767023
2711,0.15336138,0.31852353,0.35914046,0.34473988,0.40755776,0.42333728,0.45699173,0.41802925,0.5378717,0.539344,0.71819973,0.8463844
2712,0.17812917,0.26736233,0.29972184,0.28373647,0.3083131,0.34895444,0.4678241,0.4824478,0.6255057,0.62208354,0.81054413,0.9122779
2713,0.33699074,0.32518977,0.32674885,0.31085983,0.30441397,0.37725508,0.5677434,0.6460633,0.77754104,0.75902283,0.91189826,0.95185894
2714,0.34221807,0.304115,0.3459921,0.36294723,0.3778405,0.4816854,0.7201583,0.80254585,0.92174137,0.91463995,0.99777114,1.0071586
2715,1.2157797,0.81767,0.48283744,0.43629113,0.3622291,0.5074578,0.6958691,0.87461483,0.8941797,0.82964635,0.7814585,0.5793201
2716,0.9595733,0.6687562,0.3780203,0.4264252,0.45592862,0.5112636,0.7172857,0.76206225,0.78575337,0.75411713,0.59389704,0.50999075
2717,0.5064832,0.4421795,0.34689987,0.45381972,0.5651862,0.613799,0.7390017,0.682016,0.7095138,0.6750681,0.5200647,0.51875925
2718,0.72548276,0.5998593,0.5107738,0.6007911,0.5894277,0.66353583,0.7403919,0.7051862,0.65775347,0.5365713,0.47527033,0.48167822
2719,1.4356027,1.0231,0.8287223,0.839332,0.6897224,0.7873315,0.8605706,0.8384455,0.7380971,0.5541706,0.5287202,0.54088557
2720,1.0907006,0.8489472,0.8134354,0.74014926,0.70127344,0.7992297,0.76276785,0.714418,0.66815436,0.5352948,0.54937494,0.546299
2721,1.0931407,0.9079305,0.9513484,0.819022,0.7895408,0.8421589,0.74599856,0.6620376,0.6625005,0.56053495,0.566087,0.55988604
2722,1.0117885,0.8988008,0.96415997,0.80228275,0.81227434,0.81415117,0.707179,0.6065928,0.656767,0.59705377,0.61301243,0.6296848
2723,0.6844054,0.7370969,0.8231172,0.6872544,0.7158906,0.66723496,0.59677523,0.5045235,0.594432,0.57329744,0.6139411,0.6753179
2724,0.4665714,0.5981787,0.6584979,0.56669617,0.5931827,0.48131305,0.4923451,0.43398678,0.52890086,0.56599736,0.62544477,0.763353
2725,0.33709362,0.49464107,0.521403,0.46274507,0.47189456,0.3152842,0.41059333,0.40421784,0.4900806,0.60149074,0.6801623,0.8910774
2726,0.38869774,0.5009799,0.49665228,0.42083997,0.4067576,0.25350335,0.398984,0.4516967,0.53975046,0.7263904,0.8264308,1.0630395
2727,0.376424,0.4429683,0.45686716,0.3477307,0.30953628,0.22002238,0.39608994,0.52102447,0.6385044,0.8870959,1.0094173,1.2160197
2728,0.38913774,0.39929995,0.42566606,0.30663222,0.26578906,0.2512294,0.45536286,0.63946176,0.79439676,1.0635992,1.185001,1.3260005
2729,0.4405558,0.39101487,0.40709049,0.3313877,0.3092252,0.36151576,0.60953754,0.8149351,0.9976958,1.2214214,1.311492,1.3697289
2730,0.38098454,0.32358018,0.36623633,0.3672985,0.39879698,0.5148441,0.8025275,0.9751308,1.1519973,1.3053914,1.3500376,1.3511007
2731,1.5222461,0.9566836,0.73749816,0.7343983,0.7708968,0.96027553,1.2386091,1.4227536,1.5289395,1.522899,1.4934943,1.2789115
2732,1.7119355,1.0525063,0.99919295,1.0050771,1.0427808,1.2119831,1.5422217,1.6739697,1.7727877,1.7734133,1.5633644,1.2844499
2733,0.818839,0.7096053,0.94659126,1.0564783,1.2600139,1.4128362,1.7200289,1.784621,1.8106604,1.7390211,1.3983618,1.2611394
2734,0.88665324,0.9177611,1.1399536,1.3043507,1.5613436,1.679973,1.8838403,1.8760359,1.745593,1.550933,1.1810377,1.0615351
2735,1.17065,1.2595898,1.4375122,1.5964477,1.8437239,1.855462,1.9359543,1.7910843,1.5369871,1.2670616,0.8832705,0.7917542
2736,1.7048842,1.6972315,1.8017719,1.8894157,2.0281005,1.9074044,1.8685191,1.5893726,1.2852236,0.9610965,0.59832835,0.505908
2737,2.4140599,2.107791,2.049916,2.0411935,2.0100741,1.8795947,1.6198192,1.3776879,1.0821966,0.7663746,0.51255286,0.31211442
2738,1.4965494,1.6914937,1.8203382,1.8581429,1.6981596,1.5523056,1.241034,1.0365027,0.7907517,0.55662924,0.34900722,0.20375153
2739,1.4670994,1.6765761,1.7410517,1.6768961,1.4133329,1.2281646,0.9106554,0.7292447,0.55561817,0.3541005,0.21862958,0.11222276
2740,1.4705714,1.6025323,1.5707507,1.4027637,1.112463,0.90936136,0.6350012,0.5027503,0.39261124,0.26115713,0.18948555,0.11131695
2741,1.335616,1.4001195,1.3118467,1.0982296,0.8382813,0.65136856,0.44470304,0.3496862,0.29152924,0.21996187,0.19077867,0.1376085
2742,1.1423829,1.1547749,1.0530984,0.82938313,0.62301123,0.4658774,0.3273497,0.24783538,0.23216018,0.2033175,0.1949063,0.17319205
2743,0.91464084,0.9030063,0.8193828,0.6124109,0.46062344,0.3333187,0.25473014,0.18384895,0.19979933,0.2024034,0.19694191,0.20975944
2744,0.8426489,0.7787337,0.69538736,0.49895924,0.37514132,0.26483166,0.22278139,0.15568084,0.18615599,0.21649727,0.20178078,0.23957403
2745,0.813897,0.6974606,0.59950817,0.4195408,0.3170221,0.22591187,0.19814742,0.15089414,0.17507307,0.23125654,0.20666844,0.25176048
2746,0.6848242,0.57569724,0.48595655,0.34237665,0.26501882,0.19577713,0.17732978,0.15712053,0.17516556,0.24444641,0.21415767,0.25934282
2747,1.1561193,0.8399661,0.6160228,0.43706378,0.32275248,0.26694787,0.19632792,0.19965422,0.16243833,0.27354363,0.25552708,0.28312105
2748,1.0608792,0.74953294,0.496376,0.3510071,0.26705858,0.22247837,0.16753682,0.21770008,0.18849368,0.28251493,0.2756943,0.28583303
2749,0.584571,0.45723224,0.30130404,0.2294577,0.20848483,0.18140116,0.15794201,0.23035844,0.229891,0.30606648,0.28252676,0.29551375
2750,0.8752878,0.6692138,0.44789702,0.35232005,0.30880833,0.26151597,0.22465806,0.29330546,0.2429811,0.33666512,0.30847627,0.34327304
2751,0.12825178,0.17169464,0.10895713,0.13165927,0.16700411,0.16123465,0.18105713,0.27637365,0.28292257,0.32804233,0.32102352,0.36266702
2752,-0.007968985,0.085650325,0.07102984,0.12328375,0.17703645,0.18530844,0.22088008,0.3049716,0.29692638,0.3712015,0.41128916,0.4943027
2753,0.03562542,0.11371513,0.11377079,0.16241597,0.18412483,0.1925554,0.24476469,0.32397693,0.34640524,0.45901665,0.55272,0.6671549
2754,0.051979907,0.11560531,0.13296647,0.16858104,0.1545135,0.17725691,0.25712302,0.34753048,0.4297898,0.6022959,0.74068534,0.88019985
2755,0.12303441,0.15111193,0.17950541,0.17835662,0.13072127,0.17878674,0.2815618,0.4065755,0.55944264,0.82047355,0.9708227,1.0963801
2756,0.23745991,0.19584247,0.20194378,0.1905334,0.14488049,0.23493117,0.37524188,0.5723986,0.7836242,1.0831207,1.173787,1.228138
2757,0.20363358,0.09750634,0.045471422,0.153192,0.20870319,0.3952679,0.64638513,0.9298132,1.1129194,1.2714591,1.2276806,1.1656145
2758,0.0480157,0.068424486,0.13308269,0.35621113,0.4894485,0.77840656,0.96573544,1.1216936,1.1403694,1.1532964,1.1686729,1.0476223
2759,0.18238166,0.24488145,0.3459734,0.5120056,0.6134379,0.8342847,0.95095295,1.0535667,1.0475706,1.1048594,1.188847,1.1056635
2760,0.36955333,0.38398314,0.50736755,0.59011143,0.6685858,0.834479,0.94455653,1.035678,1.0563135,1.1711013,1.1991897,1.1478599
2761,0.531427,0.4885499,0.6313474,0.6507455,0.75426364,0.9154438,1.0098889,1.0591991,1.0978755,1.221745,1.1891327,1.1434783
2762,0.43869388,0.43849593,0.63279295,0.65466404,0.82428366,0.98820734,1.0539548,1.0293338,1.0785133,1.2067966,1.1524874,1.1440537
2763,0.5100702,0.5317467,0.7195077,0.7570082,0.96379507,1.1134417,1.1193639,0.9958682,1.020053,1.1093276,1.0510328,1.0506048
2764,0.37983972,0.57183325,0.81158835,0.9050061,1.0760021,1.1048014,1.083875,0.8598744,0.885967,0.98755944,0.91546965,0.9549131
2765,0.3059204,0.63680494,0.8595805,0.96938056,1.075887,1.0269308,1.0095258,0.8039765,0.8748574,0.9608754,0.89652264,0.94206834
2766,0.72220343,0.9485385,1.011478,1.048325,1.066386,0.9645482,0.9994849,0.8630766,0.9585428,0.9625834,0.9126557,0.9503695
2767,1.4054583,1.2172434,1.0147731,0.94246686,0.9072861,0.8417714,0.95601124,0.9140112,0.94622684,0.87380314,0.8401395,0.90967906
2768,0.96302724,0.84991956,0.72631633,0.70555687,0.74704546,0.7615132,0.80950516,0.78103125,0.7692181,0.7228909,0.7241175,0.7773103
2769,0.5540521,0.5366298,0.5403242,0.6155373,0.6490946,0.6976863,0.6994474,0.6888791,0.65362346,0.6132692,0.6861212,0.75548714
2770,0.77849025,0.6655156,0.6760812,0.7163661,0.7526655,0.7486444,0.7616915,0.70966196,0.68222475,0.653726,0.7484474,0.83906525
2771,0.7819419,0.7156968,0.7401283,0.7737159,0.8044815,0.7524413,0.7850126,0.7126289,0.7406434,0.7304415,0.86291146,1.0032403
2772,0.8829528,0.8675798,0.86107075,0.8629632,0.8928841,0.78488034,0.83613217,0.77980334,0.87156284,0.8995174,1.0562085,1.2352375
2773,0.84452164,0.9221965,0.8868169,0.8469788,0.88160837,0.77066153,0.8430282,0.8964613,1.0443558,1.1179619,1.3008969,1.4628272
2774,1.0865061,1.102509,1.0153632,0.89331,0.9246456,0.8772391,0.93481475,1.09812,1.292643,1.3920215,1.5766793,1.6090893
2775,1.0683821,1.0874069,1.0029701,0.91783345,0.9104345,0.9786225,1.0699329,1.2824864,1.4902543,1.5196936,1.6866611,1.5894811
2776,1.0428343,1.0560925,1.002696,0.9724438,0.95593345,1.1136127,1.2424581,1.4288089,1.6090994,1.5521678,1.6757072,1.5056523
2777,0.97163963,1.0125389,1.0293468,1.0407239,1.0350062,1.2504022,1.4009544,1.5255868,1.6738367,1.5518541,1.6249667,1.4455855
2778,1.0136087,1.043084,1.1163428,1.1320288,1.1533668,1.3875667,1.5405947,1.5929062,1.7022195,1.5531507,1.5830436,1.4098088
2779,1.05618,1.1052707,1.2564986,1.250505,1.325513,1.5371991,1.6693288,1.6388924,1.7126055,1.554288,1.530519,1.3779559
2780,1.1819351,1.2258368,1.4116087,1.3543181,1.4690207,1.6098593,1.7053239,1.6183627,1.6545647,1.5069457,1.4276999,1.2642853
2781,1.4392062,1.4285426,1.6035788,1.4939016,1.5809041,1.6497477,1.7088158,1.5838718,1.5880615,1.4621812,1.349369,1.1838276
2782,1.9060476,1.67963,1.7816424,1.6106119,1.6497781,1.6433257,1.6559435,1.5336397,1.4995899,1.418003,1.2852538,1.0704821
2783,2.2773108,1.8371236,1.7954223,1.6971065,1.7482529,1.7009349,1.6383526,1.4966762,1.4394965,1.2940694,1.1815968,0.9224155
2784,2.459187,1.9409033,1.7335737,1.739675,1.8940037,1.7926396,1.6778581,1.46176,1.3540334,1.1100143,0.9468417,0.66643906
2785,1.578785,1.5751705,1.5929325,1.6671987,1.7497088,1.6980833,1.538657,1.3186646,1.1471856,0.8880874,0.62761986,0.48421007
2786,1.9536577,1.8196663,1.780338,1.7348076,1.7099451,1.6289617,1.3940313,1.167319,0.9787713,0.6806396,0.45695895,0.32587257
2787,1.6246271,1.6785871,1.6833904,1.633775,1.5002841,1.4145045,1.1104809,0.9273481,0.7499378,0.50657576,0.33194447,0.21683045
2788,1.9841535,1.8471661,1.7546899,1.5800979,1.3778491,1.2570771,0.90326035,0.7382483,0.5783295,0.39293885,0.29360113,0.18502921
2789,1.8008082,1.6685358,1.5585554,1.355829,1.1209108,0.99425226,0.67924184,0.55052316,0.42034012,0.29650483,0.26253718,0.16963947
2790,2.0738373,1.7266119,1.4593892,1.2160397,0.9881469,0.8449249,0.56464565,0.46412283,0.34643304,0.26749116,0.2867762,0.21399334
2791,2.0749032,1.6207947,1.244586,1.0225015,0.83301073,0.6832655,0.50789577,0.44302857,0.33627564,0.2509466,0.28872016,0.22788054
2792,2.0711305,1.5153316,1.0671208,0.8716903,0.7344636,0.5678551,0.542193,0.49227613,0.37763667,0.2640629,0.2628679,0.20085809
2793,1.6685833,1.1852005,0.862436,0.6712513,0.5751225,0.43170384,0.49494708,0.42924097,0.40575397,0.28193164,0.27011052,0.25181305
2794,1.8901229,1.285566,0.8764434,0.70912904,0.6251298,0.4394341,0.6102123,0.53735673,0.43335003,0.30332386,0.22774006,0.1944108
2795,2.057163,1.3572624,0.8770449,0.734811,0.6831143,0.44609663,0.7606674,0.6755413,0.48328722,0.3173305,0.15715525,0.098199725
2796,1.3721038,0.89510584,0.7526481,0.56855154,0.48484093,0.3454744,0.5749651,0.436301,0.5354263,0.38702613,0.27020332,0.25478837
2797,1.0069561,0.67463464,0.6112516,0.4653772,0.40471944,0.31320104,0.48094493,0.3940876,0.47148326,0.35427758,0.24889868,0.26012236
2798,0.7246106,0.5131895,0.4824001,0.3747225,0.35372698,0.2829213,0.41405386,0.37305734,0.4218825,0.3235061,0.23807013,0.29027912
2799,0.56387985,0.43559343,0.41038966,0.34875327,0.3481242,0.29428825,0.3859675,0.37069985,0.38967976,0.3209241,0.27523765,0.34605333
2800,0.4973209,0.42166206,0.38674775,0.3560896,0.3687537,0.3170163,0.38228714,0.38070613,0.37756145,0.3323977,0.32318705,0.40291154
2801,0.46302545,0.4288504,0.37638474,0.36646968,0.39368683,0.3338755,0.38585317,0.39769906,0.38073504,0.35215816,0.37222737,0.4591902
2802,0.45305145,0.4485268,0.37218243,0.37442717,0.41430795,0.3405723,0.38986605,0.41804957,0.3946014,0.38268578,0.42459944,0.5206442
2803,0.45072144,0.4699638,0.36601943,0.37454265,0.42619205,0.33818752,0.39211273,0.44124824,0.41709793,0.4247188,0.48296192,0.5904164
2804,0.44496852,0.48537534,0.3565569,0.368222,0.43031788,0.33244783,0.393385,0.46740448,0.44729322,0.47915697,0.55272007,0.6690662
2805,0.43878388,0.49578816,0.35296685,0.36556786,0.43429714,0.33393878,0.39821732,0.49874607,0.4866402,0.5460669,0.6364713,0.74945855
2806,0.4319715,0.50044185,0.36019853,0.37472922,0.44575655,0.35294598,0.4130152,0.54069793,0.53949165,0.62615436,0.7355458,0.8261695
2807,0.41092938,0.4849969,0.3711213,0.3943131,0.46611416,0.3953853,0.448402,0.59624976,0.61146295,0.71940297,0.84629023,0.9014933
2808,0.36652172,0.4385851,0.37914687,0.4202217,0.49734515,0.4665773,0.5158029,0.6644261,0.7042402,0.8226297,0.96350205,0.987716
2809,0.43349195,0.4657581,0.43573427,0.49045017,0.56424356,0.5817616,0.62137717,0.76173633,0.812652,0.914673,1.0669338,1.0640299
2810,0.36706275,0.40327275,0.45073354,0.5404314,0.66160685,0.7185618,0.7407432,0.802594,0.8498554,0.9238111,1.0751736,1.0888349
2811,0.45287734,0.48082268,0.5405103,0.64391184,0.76652557,0.8158027,0.7910661,0.7710484,0.79469967,0.8405163,1.0128373,1.0486059
2812,0.6438652,0.64074254,0.6348242,0.73205924,0.80202824,0.7865536,0.749294,0.65118545,0.67206645,0.7010719,0.8863634,0.9699723
2813,0.5662134,0.61589324,0.60981226,0.74794686,0.7857959,0.7390414,0.7148663,0.5775044,0.64382124,0.67222,0.8470849,0.9840429
2814,0.9056526,0.8513348,0.7746419,0.8533342,0.7926922,0.73433584,0.70561475,0.6080721,0.6873745,0.7298734,0.89507926,1.0144668
2815,0.7940282,0.743522,0.68989366,0.7614988,0.70196503,0.7127816,0.66126853,0.60125625,0.7404901,0.7689681,0.93487644,1.0535142
2816,0.7933794,0.7434086,0.7028035,0.7588792,0.6805416,0.7365199,0.66457874,0.6317022,0.81127465,0.82970953,1.0107734,1.1224853
2817,0.7944388,0.765924,0.7223937,0.7675977,0.6604871,0.743455,0.67443717,0.6422897,0.8826418,0.9012914,1.0993649,1.2183566
2818,0.8563319,0.81588596,0.78060484,0.7901555,0.6815864,0.79320896,0.73962295,0.7103721,0.996675,1.0446831,1.2443742,1.3581579
2819,0.82770526,0.8155954,0.79640806,0.7810851,0.6871802,0.83050656,0.8101503,0.79947776,1.1277552,1.213573,1.403265,1.510701
2820,0.68732184,0.74708843,0.75130576,0.72472113,0.6653955,0.8419736,0.8630265,0.90234673,1.2465163,1.3729875,1.5500067,1.6485186
2821,0.65303916,0.7647638,0.77142453,0.72783935,0.7142134,0.9078114,0.96163684,1.0489409,1.380424,1.5396558,1.6929029,1.7521766
2822,0.45404768,0.6480075,0.6762308,0.663417,0.7161844,0.92749316,1.0352428,1.1773925,1.4781085,1.6409214,1.7880656,1.8048297
2823,0.37268215,0.5934829,0.6241506,0.66031086,0.78651226,0.99621075,1.1585112,1.3228226,1.5779605,1.713541,1.8449475,1.785521
2824,0.32773042,0.5554171,0.58792937,0.7105355,0.898149,1.110299,1.3273727,1.4782329,1.6798337,1.7500277,1.855963,1.7050083
2825,0.6986112,0.81655216,0.7891136,0.9833154,1.1597365,1.3946575,1.6127738,1.7150517,1.8500153,1.8040978,1.8564949,1.5901687
2826,0.71301216,0.86327285,0.9174814,1.1910759,1.3568006,1.6155602,1.8317249,1.8679857,1.9231399,1.8159481,1.8237369,1.542222
2827,0.8554903,1.0120125,1.143955,1.4369596,1.5821834,1.8227144,1.9952568,1.9711742,1.9347811,1.8114719,1.7825115,1.5216914
2828,1.1875911,1.2976899,1.4650631,1.7079414,1.7944803,1.9717834,2.0885022,2.0097063,1.8838856,1.765891,1.7015388,1.5086396
2829,1.3610523,1.4988741,1.6968772,1.8721428,1.8846539,1.9664936,2.0401871,1.9314263,1.7527905,1.677331,1.5884755,1.4898617
2830,1.6041642,1.7204474,1.8703005,1.9536804,1.8828297,1.8750845,1.9068662,1.7827067,1.6055821,1.5574193,1.453068,1.4234616
2831,1.9143381,1.916602,1.9505777,1.9455307,1.8218782,1.751459,1.7469774,1.6178727,1.4610419,1.4038901,1.3054608,1.306235
2832,2.5759854,2.1346679,1.8938651,1.8888146,1.7635399,1.6753328,1.6087751,1.5790222,1.3977923,1.291273,1.2493114,1.1259508
2833,2.4894128,2.0710514,1.8103926,1.802362,1.7588042,1.6424834,1.543461,1.4861243,1.30054,1.1973786,1.1001279,0.91681474
2834,1.8041424,1.7530053,1.6842158,1.6738676,1.6368668,1.5786455,1.4449855,1.2853892,1.149634,1.004245,0.85544944,0.76167154
2835,1.739347,1.7088709,1.7090089,1.642646,1.540358,1.4946516,1.3327817,1.1300086,1.0107882,0.7880832,0.64117974,0.5688818
2836,2.4961517,2.0747676,1.9183402,1.6947559,1.5500256,1.451794,1.2130004,1.0103276,0.90701103,0.7314762,0.6194649,0.498837
2837,2.4110081,2.0269828,1.8364449,1.6035957,1.391541,1.292839,1.043067,0.9005351,0.7708821,0.6609299,0.58084965,0.45631474
2838,1.9754006,1.762317,1.6414809,1.4218613,1.1719023,1.1034584,0.870454,0.75188226,0.63122725,0.49504003,0.45731115,0.39260292
2839,1.2494471,1.2875309,1.2528036,1.1211288,0.9038622,0.8551703,0.6529252,0.5723898,0.48073775,0.30986062,0.32049808,0.29768875
2840,0.74420875,0.9041346,0.89031625,0.8249546,0.6762809,0.63070685,0.47718453,0.4356113,0.35681304,0.20699416,0.2563967,0.266714
2841,0.79547167,0.90934396,0.8254005,0.74820703,0.6300775,0.55384004,0.4262673,0.4005817,0.32980597,0.20037816,0.2703172,0.310373
2842,1.9842039,1.6088138,1.261256,1.0327022,0.85178,0.68019086,0.5003478,0.45373446,0.37051293,0.33668363,0.3638391,0.36901078
2843,0.53338224,0.50568765,0.44399664,0.39787292,0.35243976,0.27389568,0.2698918,0.27104276,0.29961556,0.27198282,0.28252184,0.30057704
2844,0.31862578,0.34841642,0.3182429,0.31068653,0.29816353,0.2606232,0.2829354,0.2948088,0.29539472,0.31602454,0.3279556,0.39351436
2845,0.19236335,0.259555,0.24832168,0.27048463,0.2646948,0.24703501,0.2831801,0.30807877,0.31606358,0.35494435,0.39029166,0.4815931
2846,0.09150627,0.1868079,0.19004574,0.22712937,0.21576075,0.2216785,0.27033657,0.30483472,0.33952314,0.403528,0.47003466,0.5836381
2847,0.10038225,0.18747103,0.19333568,0.21253198,0.1786416,0.20640409,0.25670213,0.29793185,0.38191983,0.4778194,0.5752585,0.6912642
2848,0.14533496,0.20963977,0.21839884,0.21352784,0.1548864,0.21109672,0.26152956,0.31528163,0.46370116,0.58276075,0.705934,0.79232323
2849,0.19718547,0.2373031,0.24218622,0.23436359,0.15871927,0.25091642,0.3170973,0.39506143,0.5938045,0.7047539,0.8329029,0.858864
2850,0.21309659,0.24766693,0.23735009,0.26580265,0.19908637,0.32545814,0.4428083,0.5430814,0.75881183,0.8223144,0.9177425,0.8864002
2851,0.23740156,0.27930743,0.24358903,0.3225657,0.29105335,0.44851595,0.6226427,0.72140497,0.9124831,0.90617204,0.9432775,0.87702
2852,0.25020772,0.3138902,0.27606505,0.39541876,0.43013287,0.61221343,0.8125022,0.8636288,0.9923402,0.9340379,0.9139738,0.84361005
2853,0.24317782,0.33758676,0.33482885,0.47765252,0.5968295,0.78280103,0.96480286,0.9292285,0.97185075,0.90452504,0.8531445,0.7977219
2854,0.17759538,0.32769793,0.40992105,0.5747266,0.7637579,0.9125921,1.0449282,0.9097839,0.8773389,0.848004,0.7932929,0.75743437
2855,0.16525142,0.3800642,0.5401464,0.7147961,0.9015157,0.97531325,1.0479237,0.85490876,0.7751517,0.80098,0.7639681,0.7380249
2856,0.22419813,0.50947624,0.70261043,0.86709607,0.9916072,0.9697538,1.0006824,0.8080349,0.7194755,0.8007066,0.78022456,0.7701961
2857,0.4204721,0.7208365,0.8883866,1.0033071,1.0443509,0.92758745,0.94684464,0.7926294,0.7269623,0.8287709,0.8153659,0.82169133
2858,1.0243251,1.0979666,1.1014249,1.076858,1.0615058,0.89064735,0.942534,0.8393493,0.81122327,0.88864887,0.8705598,0.89587927
2859,0.99035215,1.052316,0.9858065,0.9636821,0.97955143,0.79260194,0.8901152,0.8193593,0.8241271,0.89076304,0.8463639,0.910787
2860,1.0942534,1.0732896,0.88589436,0.8581693,0.8766083,0.73417354,0.84759426,0.8417158,0.8473972,0.86913085,0.84101546,0.90212876
2861,0.72896266,0.8618545,0.68638486,0.71428174,0.76403135,0.6679941,0.74647456,0.7771639,0.8053485,0.8006737,0.80647385,0.86313397
2862,0.8489902,0.9181014,0.703233,0.7208764,0.783752,0.69178164,0.7728243,0.78930587,0.8368468,0.7965461,0.8334284,0.89441484
2863,0.902697,0.94799984,0.7435517,0.74366546,0.83905536,0.7331363,0.8137499,0.78518975,0.8688166,0.83394814,0.88728714,0.96595484
2864,1.5675461,1.30726,1.068869,0.9457528,1.0587636,0.9170398,0.96847564,0.90371627,1.00568,1.0568409,1.0524182,1.115329
2865,0.92795354,0.97748476,0.85843694,0.8267526,0.9361071,0.8277836,0.8832488,0.8708311,0.99331963,1.0560573,1.1091439,1.1798375
2866,1.2349061,1.2009994,1.0480418,0.9707125,1.0715784,0.9242055,0.9689878,0.9983321,1.119003,1.1917163,1.2520115,1.3154825
2867,1.0938759,1.1653727,1.0281608,0.98592806,1.0395094,0.90910774,0.966718,1.0759037,1.2008594,1.2525039,1.3543428,1.40287
2868,0.6379163,0.819939,0.8063037,0.8238482,0.82720745,0.78014964,0.8945481,1.0947644,1.2263423,1.2697755,1.4056507,1.4318081
2869,0.45659322,0.5903199,0.64164287,0.6584536,0.67603594,0.7389383,0.8867979,1.1472483,1.2951989,1.3479279,1.5040019,1.4434168
2870,0.37395906,0.46770197,0.55063856,0.57853264,0.64352137,0.7763454,0.9493961,1.2002923,1.3705982,1.3942289,1.5245064,1.393966
2871,0.3487001,0.43057275,0.5496519,0.62001425,0.73760605,0.9021543,1.0910519,1.2777503,1.4228121,1.3929743,1.4798672,1.3133428
2872,0.33978486,0.45889974,0.6378783,0.7541874,0.91331494,1.090857,1.2358931,1.3322797,1.3952321,1.3401582,1.4063324,1.2408769
2873,0.40541202,0.56756705,0.7689548,0.8965578,1.0730361,1.2340091,1.289635,1.3185191,1.3118539,1.2614857,1.3265246,1.1757433
2874,0.44038022,0.6553688,0.88294154,1.0264168,1.1823084,1.2963568,1.25981,1.2373841,1.1959493,1.1489184,1.2410572,1.115124
2875,1.0504816,1.0835265,1.187743,1.2602025,1.3281072,1.3710812,1.2783498,1.2375162,1.1995755,1.0787601,1.1694248,1.0635489
2876,1.0907166,1.1451478,1.3082926,1.3610919,1.3722435,1.3154329,1.2473408,1.1714666,1.1181629,1.0162522,1.0680317,1.0483544
2877,1.8449833,1.5670259,1.5309141,1.4378061,1.3839277,1.267513,1.2197398,1.2172277,1.1072967,1.0262609,1.0342972,1.0041285
2878,1.571719,1.4199862,1.3795345,1.2808747,1.2777513,1.1332622,1.0859565,1.1445146,0.98508584,1.0032576,0.9160012,0.86185
2879,1.2695298,1.2940403,1.2515647,1.2115421,1.2169861,1.0869563,1.0470558,1.1248808,0.95254004,0.93243814,0.77448344,0.67590344
2880,1.2303623,1.3108909,1.2382126,1.2346956,1.2091141,1.084116,1.0306629,1.0613782,0.87332654,0.7541151,0.575511,0.45843703
2881,1.7205766,1.5504762,1.381325,1.3346281,1.2273552,1.1367731,0.9834473,0.95864904,0.7643075,0.5607698,0.4607886,0.30849296
2882,1.2605296,1.2933651,1.2693658,1.1981745,1.063732,0.9687367,0.7947379,0.7173327,0.5736022,0.40768248,0.3383073,0.21316722
2883,1.2581997,1.2632978,1.2402148,1.101595,0.9040722,0.79709584,0.6311713,0.52027524,0.43258065,0.28533402,0.24416927,0.15651461
2884,1.1494935,1.1277205,1.0774897,0.883893,0.6923161,0.57795143,0.44640252,0.34374964,0.30111077,0.21433625,0.19432917,0.14289245
2885,1.1771317,1.043431,0.9363829,0.69900477,0.53196484,0.42825943,0.3273613,0.23538911,0.22285388,0.1951053,0.18581113,0.1672702
2886,1.0899256,0.90101516,0.76800394,0.52918756,0.39938045,0.32023954,0.2436858,0.17826602,0.18065923,0.19806308,0.1947962,0.191182
2887,0.94150215,0.75938827,0.6282446,0.41448647,0.31513327,0.25696397,0.19889787,0.15993637,0.16694511,0.21080588,0.20279072,0.20717886
2888,1.039495,0.7898996,0.6163062,0.40727678,0.3082785,0.25753757,0.19647448,0.17376238,0.16395813,0.22937104,0.21787313,0.23085679
2889,1.4223604,0.9909798,0.66471255,0.46811607,0.35372466,0.29144683,0.23395574,0.23979264,0.1912591,0.25076848,0.24222723,0.26663956
2890,0.6747739,0.50588256,0.34369045,0.2370121,0.20690995,0.1710348,0.1662952,0.20671749,0.23536906,0.26776126,0.24972497,0.26550877
2891,0.95435685,0.70978385,0.48964715,0.35790718,0.31202805,0.2570702,0.24336858,0.27843866,0.24785191,0.3021941,0.2589199,0.29773542
2892,0.983577,0.7319484,0.48804396,0.36875755,0.317824,0.24933268,0.25098306,0.30311173,0.26394233,0.30116126,0.26340857,0.30946866
2893,0.21221021,0.23704529,0.15973447,0.15607864,0.17920876,0.16739805,0.19790274,0.2757489,0.28200006,0.29795802,0.26929903,0.3128675
2894,0.97328657,0.77381486,0.5432847,0.44185278,0.3862453,0.3184016,0.29600194,0.3489927,0.27783662,0.35302886,0.3136443,0.37663457
2895,0.107847504,0.17327769,0.116528034,0.15024745,0.17546579,0.17349713,0.21319583,0.2959935,0.31164888,0.3329017,0.32686502,0.38303283
2896,-0.002055794,0.10986966,0.08508186,0.14123903,0.1792837,0.1989606,0.24102783,0.31885457,0.30633605,0.37470123,0.4152714,0.5063104
2897,-0.00033976883,0.10788303,0.09886937,0.15532912,0.16299208,0.18895584,0.24521922,0.32786036,0.342884,0.45631602,0.5467376,0.66495395
2898,0.12465171,0.19519576,0.17727542,0.20048691,0.15571737,0.19354431,0.2555257,0.357551,0.42768827,0.60803795,0.7364298,0.8607602
2899,0.16856587,0.20161815,0.19780067,0.1969427,0.12499425,0.1951018,0.2868305,0.4244988,0.58536613,0.83765936,0.9718163,1.0726714
2900,0.1999821,0.16795911,0.15278536,0.1765266,0.13461268,0.25641847,0.39679715,0.5948698,0.8332745,1.0794853,1.167059,1.1823506
2901,0.15208127,0.08863198,0.049860306,0.18760811,0.20772824,0.4269623,0.6425682,0.87798923,1.1071416,1.1905481,1.2233933,1.120403
2902,0.94333506,0.7358008,0.356983,0.50467205,0.44830334,0.82057285,0.8984835,1.1677257,1.2174209,1.0986174,1.0838474,0.66898006
2903,0.29394603,0.36439127,0.3258316,0.5933688,0.7797741,1.0379682,1.1697572,1.1242418,1.1495426,1.1663035,1.0032042,0.8842138
2904,0.22661275,0.39280856,0.41443968,0.67026216,0.872656,1.0455548,1.0907178,1.0004044,0.97497725,1.0094715,0.8715731,0.7712958
2905,0.26061314,0.48897654,0.52643883,0.73498094,0.90849787,0.96938205,0.9742572,0.86650336,0.8197329,0.870214,0.7454424,0.66957146
2906,0.15389228,0.50666684,0.5903382,0.7941159,0.9416231,0.92301744,0.887265,0.75115824,0.69699955,0.7892431,0.681363,0.6373488
2907,0.56082046,0.80261236,0.81967336,0.9020288,0.94089663,0.84166217,0.79828215,0.6918973,0.6502849,0.73433375,0.65823746,0.6354122
2908,0.7340804,0.9230361,0.87402606,0.90044856,0.87926835,0.7326609,0.7110006,0.6408192,0.6211238,0.7010338,0.64778054,0.6685715
2909,0.76833194,0.9071304,0.80569196,0.81607825,0.7583427,0.62312806,0.62717044,0.619058,0.6169808,0.66873515,0.6534203,0.6989658
2910,0.9250529,0.9539985,0.7826291,0.7754524,0.6890185,0.5909313,0.6135213,0.63669527,0.65666616,0.66181123,0.6970647,0.7549018
2911,0.6116567,0.7136287,0.58257216,0.61782813,0.5737827,0.5140476,0.535232,0.57732326,0.65317476,0.6375296,0.7314816,0.80215013
2912,0.37056047,0.42154497,0.41103017,0.48623374,0.46796072,0.45400918,0.48807275,0.4970805,0.6317874,0.6108115,0.7620057,0.8511361
2913,0.25229216,0.27612787,0.34817073,0.43624488,0.43969142,0.4323486,0.48669803,0.47695282,0.6658679,0.6844638,0.8668772,0.96469516
2914,0.1778038,0.14972073,0.31231555,0.40013587,0.39462608,0.37668923,0.44883925,0.44391096,0.65553296,0.73981786,0.9404676,1.0506105
2915,0.23181011,0.1750576,0.3547443,0.39293098,0.3805973,0.35144436,0.43324482,0.49193788,0.7111934,0.880522,1.0641608,1.1607548
2916,0.2888078,0.2332996,0.4052708,0.41043484,0.43649828,0.42232943,0.5711695,0.7034298,0.96936417,1.2252662,1.3016101,1.3567828
2917,0.24509177,0.254311,0.39214537,0.45138165,0.557041,0.6072998,0.83638227,1.0201424,1.2677026,1.5185826,1.456337,1.4308176
2918,0.20912632,0.28167146,0.3621024,0.478169,0.66020477,0.7970194,1.0135531,1.203563,1.3695974,1.5247744,1.4210858,1.3189957
2919,0.21187371,0.32659793,0.36823747,0.49439567,0.7217978,0.92955196,1.0765133,1.2252777,1.3205212,1.3985306,1.3203406,1.2009943
2920,0.34242404,0.45750946,0.44870684,0.5745038,0.81169534,1.0476723,1.1174128,1.1971749,1.2583606,1.2644429,1.2319496,1.1026552
2921,0.5607239,0.66855055,0.6421889,0.8050027,0.99334466,1.1679307,1.1946877,1.2034444,1.272069,1.2022741,1.1982645,1.0442319
2922,0.5813224,0.77990836,0.80748373,1.0484551,1.1864461,1.2718723,1.2831743,1.2681327,1.3223472,1.20614,1.2352575,1.0730966
2923,0.8981674,1.0404961,1.0512205,1.2807177,1.3534193,1.3941114,1.3959113,1.3925517,1.3780614,1.2189974,1.262252,1.0973407
2924,1.5982735,1.4093465,1.2743456,1.3490719,1.3485724,1.385223,1.3861431,1.4121308,1.2635758,1.1376075,1.1854867,1.0724051
2925,1.3377266,1.3131961,1.2189565,1.3252268,1.3137316,1.2827799,1.2571076,1.2822683,1.067262,1.0536987,1.0180074,0.9782504
2926,1.0812416,1.2383646,1.2021601,1.3843744,1.3251266,1.2122717,1.2145166,1.2139432,1.0003685,0.97636604,0.8680495,0.84276325
2927,1.3487715,1.4171402,1.3442378,1.4572675,1.3275232,1.1845728,1.1840205,1.1431763,0.9392252,0.8779466,0.7539153,0.73255426
2928,1.4300479,1.4712878,1.4055712,1.4242021,1.2779602,1.126994,1.0849829,1.01232,0.8243816,0.7918917,0.6688819,0.66416955
2929,1.4942274,1.45488,1.3924685,1.3363612,1.1919439,1.0642927,1.0059788,0.9099147,0.7593057,0.7289114,0.61376894,0.61380106
2930,1.4150342,1.3774338,1.3417656,1.2365085,1.085763,0.96463025,0.8935856,0.78965884,0.68714905,0.6502578,0.554881,0.55448186
2931,1.4550862,1.3439994,1.2990108,1.1439881,0.9865417,0.8745242,0.7967648,0.68963236,0.63470507,0.5786903,0.5126842,0.5050565
2932,1.414601,1.2592875,1.2156317,1.0332314,0.8772455,0.7815681,0.69466215,0.5904742,0.5678143,0.5026127,0.46945828,0.44501388
2933,1.3488996,1.1678777,1.1269572,0.9317828,0.77576417,0.69744754,0.5971669,0.4987183,0.48762062,0.42272797,0.41319013,0.37262443
2934,1.28062,1.084122,1.0314536,0.8305889,0.67808867,0.61114717,0.50182325,0.41676283,0.400506,0.34949288,0.3521959,0.30613214
2935,1.6795498,1.2582814,1.0528566,0.8322509,0.6714681,0.5925118,0.4618793,0.39457184,0.3452443,0.3225914,0.34781086,0.31231874
2936,0.93626124,0.76795465,0.68389946,0.5379596,0.4442376,0.40546983,0.33501565,0.31384218,0.3012821,0.27101704,0.29547113,0.26541713
2937,0.8555483,0.7081243,0.6043136,0.4773494,0.40226245,0.36359417,0.31951952,0.3185999,0.2754067,0.2737266,0.26889032,0.2654875
2938,1.5980476,1.1348902,0.7968008,0.63026583,0.51588386,0.41921237,0.36801708,0.37694645,0.268495,0.29724732,0.28353384,0.29132715
2939,0.25612646,0.25182623,0.19166018,0.20274612,0.1948928,0.18777025,0.21353124,0.27859747,0.28897122,0.27692688,0.27688274,0.2968146
2940,-0.006952569,0.09268611,0.07378209,0.136534,0.16323175,0.19340631,0.22752257,0.31397963,0.2704212,0.30655143,0.32584852,0.39175364
2941,-0.069027215,0.047062397,0.055888735,0.13148224,0.14753872,0.18178467,0.22421601,0.31346858,0.2689155,0.3289752,0.38139457,0.4734599
2942,-0.0059891567,0.10944659,0.08550032,0.14874429,0.11416304,0.16126339,0.23528954,0.34772354,0.38584092,0.5295932,0.6547059,0.7918055
2943,0.08354998,0.15148364,0.12959655,0.15004689,0.08329229,0.14999378,0.23201726,0.36976767,0.50013274,0.7212974,0.87813103,0.99772424
2944,0.12357648,0.12816298,0.12433329,0.13143583,0.07851852,0.16990036,0.263729,0.4157371,0.65335906,0.872913,1.0426825,1.0880245
2945,0.08295259,0.07081518,0.085676625,0.15056857,0.106359184,0.24241139,0.38576835,0.5025503,0.7628964,0.8461025,1.029403,0.9950886
2946,0.0975312,0.108829096,0.14204574,0.26447493,0.21009201,0.39286956,0.55375373,0.6154938,0.8015077,0.81007993,0.97852075,0.8985594
2947,0.1475963,0.21084912,0.28932247,0.402806,0.36220765,0.5122377,0.619136,0.6331702,0.7196474,0.7257268,0.8685287,0.8043562
2948,0.1947661,0.2955875,0.40761086,0.50217915,0.47168148,0.58547205,0.6528015,0.64349437,0.6872989,0.69785255,0.82242584,0.7725474
2949,0.23578115,0.36124092,0.493449,0.56988215,0.53899556,0.63178873,0.6795019,0.6545985,0.6946655,0.70738846,0.8243065,0.78653306
2950,0.21088599,0.29406726,0.41462687,0.55063856,0.60535014,0.7858991,0.93447304,0.8024221,0.87374747,0.80271137,0.8126482,0.8015742
2951,0.22394127,0.3761577,0.560735,0.6629834,0.68210554,0.7845072,0.86832494,0.72313786,0.7872201,0.76692605,0.8078979,0.8268983
2952,0.2628175,0.46139216,0.66423994,0.73046786,0.7200971,0.7576583,0.81987107,0.7077557,0.78967834,0.7988088,0.84831035,0.8785434
2953,0.2783451,0.5145731,0.7126696,0.7791069,0.76150054,0.7577112,0.8285645,0.7366049,0.8348955,0.8468174,0.8740741,0.91161245
2954,0.28838247,0.5668279,0.7437307,0.82705355,0.81658006,0.7820658,0.8657112,0.80334276,0.90993977,0.91179276,0.90433943,0.9392726
2955,0.27453363,0.5820951,0.7283553,0.84657437,0.83677435,0.79302526,0.8952444,0.8657663,0.9607059,0.93253946,0.8861661,0.92017996
2956,0.2629633,0.57900405,0.70663124,0.8548273,0.8278845,0.7986385,0.90535057,0.90938693,0.9743625,0.9170426,0.840423,0.8751237
2957,0.34003294,0.60938275,0.7251539,0.8736774,0.79307103,0.7982019,0.8917371,0.9234421,0.94580734,0.8647226,0.77639294,0.81804085
2958,0.67413247,0.76354694,0.8322193,0.9224607,0.78158283,0.81860083,0.9066499,0.92704946,0.91357183,0.80622756,0.7265885,0.79683524
2959,1.1012081,0.99146134,0.9992475,1.0049074,0.85467607,0.898679,0.9796476,0.95147324,0.91070163,0.791147,0.7500091,0.8752839
2960,1.3705094,1.1527117,1.1228797,1.0818114,0.95409465,0.9771024,1.0248368,0.9824948,0.937619,0.9046762,0.8953612,1.0563331
2961,1.1182857,1.0266243,1.1089597,1.1157383,0.9468571,0.99995345,0.9747069,0.93951005,0.92362404,0.9990535,1.061741,1.2242479
2962,1.0882897,1.0446262,1.1398752,1.1609743,0.9303216,0.9845446,0.9105689,0.9128716,0.96893287,1.1018322,1.2154365,1.3554963
2963,1.1597261,1.1346573,1.1712904,1.1662228,0.921373,0.9735452,0.8496829,0.91140854,1.0472596,1.2027156,1.3482383,1.4247239
2964,1.2219998,1.208865,1.1716483,1.1298387,0.92733955,0.98838377,0.826464,0.9508178,1.1444292,1.3036453,1.4607508,1.4408278
2965,1.7349155,1.5251905,1.3007538,1.1682976,1.0547521,1.1076145,0.9611732,1.124867,1.3168486,1.4369212,1.5596604,1.4280597
2966,1.605892,1.5045159,1.2580717,1.1447219,1.157602,1.2209377,1.0728358,1.2230058,1.3734633,1.4262079,1.5110646,1.3332723
2967,1.1638278,1.2486995,1.1494458,1.1002312,1.2114832,1.2819896,1.145126,1.2798908,1.3684177,1.3703694,1.4043751,1.2193456
2968,1.2478851,1.2518691,1.1766195,1.1400297,1.308646,1.3651041,1.2845235,1.413765,1.4072063,1.3089869,1.3276342,1.131556
2969,0.8298341,0.98872805,1.0903805,1.1279013,1.2983946,1.3574722,1.2787951,1.3828714,1.3191667,1.212667,1.2212744,1.0617268
2970,0.30670092,0.59241605,0.9166688,1.0261002,1.1298441,1.2544963,1.1643982,1.252156,1.1859407,1.1657573,1.2007987,1.0643728
2971,0.3830024,0.5960849,0.92885435,1.0080913,1.097906,1.2392873,1.1431489,1.1882328,1.1419348,1.138566,1.1762955,1.0147486
2972,1.1617402,1.0993779,1.203908,1.1479168,1.2637109,1.3288122,1.2357688,1.1982273,1.174949,1.075806,1.0747204,0.89238316
2973,1.7862836,1.4519012,1.4054728,1.2675614,1.3417636,1.3482018,1.2558167,1.1943431,1.1480889,1.0501953,1.0038657,0.7855631
2974,1.3047037,1.2529471,1.3941469,1.3006635,1.3240018,1.285311,1.2246264,1.0903986,1.0521654,0.98844767,0.82540643,0.68769044
2975,1.3784014,1.3328043,1.4118032,1.3433722,1.3117328,1.2342874,1.1987896,1.0633466,0.999313,0.90792,0.7096176,0.5879264
2976,1.8462689,1.5595877,1.465266,1.3888843,1.3355677,1.2397343,1.1621016,1.0335059,0.93268013,0.7855507,0.64227754,0.49312437
2977,2.009319,1.6276164,1.4233541,1.3833195,1.3300042,1.2115602,1.0979364,0.9749905,0.8561382,0.67969143,0.6033163,0.45039362
2978,1.3067698,1.2547024,1.2319722,1.2209171,1.1330639,1.0505701,0.95006615,0.8257988,0.7400732,0.56696534,0.4948321,0.4050777
2979,1.2636428,1.2209876,1.2116797,1.161564,1.0128322,0.92859906,0.8217569,0.6797222,0.6282306,0.4399687,0.38737196,0.3120361
2980,1.4371349,1.2814245,1.2337632,1.1009228,0.9202993,0.82254994,0.6881479,0.53691757,0.49710557,0.34078974,0.32018432,0.24787466
2981,1.1703207,1.0794553,1.0587641,0.9187919,0.74637365,0.6504588,0.5280062,0.39884642,0.37330598,0.26870063,0.25551623,0.1912372
2982,1.2473702,1.0636351,0.99326235,0.8070604,0.6501713,0.5448035,0.44313836,0.32426047,0.2985676,0.23945485,0.22352841,0.17805171
2983,1.0033503,0.8374647,0.7733607,0.5967488,0.49366564,0.391025,0.3424745,0.2594241,0.24230792,0.22402214,0.19955002,0.17157686
2984,0.97659016,0.77253246,0.68798643,0.5064393,0.431225,0.3267058,0.30356675,0.24116708,0.21830595,0.23632918,0.19827467,0.18555537
2985,0.88999575,0.68454504,0.59265244,0.42623147,0.3765548,0.27446583,0.2694753,0.23537603,0.2049863,0.24551018,0.19982466,0.19449875
2986,1.3913946,1.0010164,0.6960273,0.54170537,0.46702552,0.3370682,0.31778514,0.33802393,0.2107449,0.26506853,0.24073058,0.25254
2987,0.32912755,0.27609864,0.21518117,0.19206904,0.21340638,0.15868361,0.19023065,0.23728786,0.23491618,0.25449887,0.2205403,0.23636013
2988,0.19303073,0.19339606,0.19245291,0.18693626,0.21864338,0.20063421,0.22483623,0.25883162,0.21541715,0.272558,0.24767824,0.28781787
2989,0.13530248,0.15223216,0.18015331,0.18824981,0.20195645,0.19236766,0.22074084,0.25348154,0.20686324,0.26883018,0.25454602,0.3135732
2990,0.009038642,0.05958022,0.11927999,0.15349151,0.15955785,0.17453027,0.20829807,0.23938997,0.20553552,0.26713878,0.27513668,0.35933173
2991,-0.02069825,0.036177397,0.10989417,0.14565805,0.13559383,0.17139614,0.20201463,0.22681043,0.21746965,0.2885782,0.3213151,0.42633134
2992,-0.0057707727,0.045003846,0.12518348,0.14872879,0.118375346,0.17160913,0.19673246,0.21833515,0.25044814,0.3370992,0.40149504,0.5175383
2993,0.015256837,0.05809655,0.14811799,0.15405555,0.10316108,0.17190778,0.1932771,0.221204,0.3063074,0.41664547,0.52189076,0.6322328
2994,0.031279348,0.067141965,0.17085555,0.16046637,0.09253192,0.17428878,0.20000443,0.25015056,0.3908258,0.52739424,0.67382455,0.75743604
2995,0.054771148,0.08002624,0.18378781,0.16742821,0.09284161,0.18236206,0.23576695,0.3260144,0.5132656,0.65762067,0.82570136,0.8715546
2996,0.0964421,0.10140858,0.17783502,0.17239393,0.107623436,0.20171809,0.31776965,0.4568427,0.6719396,0.78418493,0.93881035,0.94905144
2997,0.14735164,0.1275141,0.16336429,0.18464942,0.14354146,0.24786745,0.44781482,0.62063587,0.8428067,0.88795936,0.9975058,0.9792532
2998,0.19565836,0.16238725,0.17098612,0.22899914,0.21681327,0.34453517,0.6154164,0.77926356,0.9916184,0.95974255,1.0063354,0.973397
2999,0.22603996,0.2041494,0.21722233,0.3177213,0.3365506,0.50355196,0.8032336,0.900422,1.0851977,0.9856185,0.97119176,0.9476475
3000,0.21874315,0.23150831,0.2942115,0.4391485,0.49255008,0.7070401,0.9826268,0.9619334,1.0946536,0.94649804,0.903041,0.91374236
3001,0.17885119,0.23780072,0.4017394,0.585492,0.65948486,0.9007759,1.1055117,0.950321,1.0192765,0.8552352,0.8317636,0.8767326
3002,0.13491873,0.25196913,0.54266644,0.7496395,0.80112976,1.0285647,1.141831,0.8892117,0.90916276,0.7778872,0.8001522,0.855682
3003,0.11338771,0.3130598,0.7081334,0.9312932,0.93274945,1.1158657,1.1360706,0.84202635,0.8342787,0.7729044,0.8346503,0.87221277
3004,0.22808905,0.62785023,0.9579539,1.1879615,1.2085344,1.2256145,1.1246833,0.85973966,0.88059795,0.95528996,0.9720683,0.9530836
3005,1.9138131,1.621779,1.5166149,1.2861143,1.3567629,1.3038305,1.2591683,1.074945,1.2190766,1.1268762,1.1835966,1.2247119
3006,1.573796,1.3310803,1.2739918,1.0770087,1.1754541,1.164418,1.1786915,1.0213728,1.1491753,1.0813727,1.0651188,1.1657392
3007,1.8884966,1.4387134,1.2717321,1.0875237,1.1075224,1.1002266,1.1207806,1.089925,1.1774908,1.1317598,1.0721304,1.1460469
3008,0.7003214,0.79958755,0.8399435,0.9032545,0.94883615,0.9920303,0.9147489,0.97092766,0.92016375,0.98369193,1.0043154,1.1186256
3009,1.1850733,1.1235819,1.0747457,1.1042595,1.1231114,1.0708138,1.0467548,1.1028612,1.0386055,1.0713536,1.0817951,1.2090644
3010,1.2353587,1.2209636,1.1475439,1.1366448,1.1917688,1.1077104,1.068716,1.1066514,1.0559318,1.1467408,1.1612741,1.2849451
3011,0.9436336,1.0851095,1.0604478,1.074095,1.1179764,1.0332838,0.98169273,1.031816,1.0199288,1.1594936,1.1834326,1.2751273
3012,0.9028646,1.046847,1.0225464,1.0256629,1.0584741,0.97112393,0.9374836,1.025797,1.0546414,1.1886479,1.2140794,1.2286416
3013,0.8550638,0.9393834,0.94520026,0.9245653,0.9342035,0.92352694,0.8808389,1.0345287,1.1086444,1.2576216,1.279245,1.1796012
3014,0.7156339,0.7527773,0.8182123,0.77710515,0.82441384,0.9050149,0.893585,1.1278622,1.2106456,1.3420365,1.3458781,1.1503731
3015,0.56291014,0.60372025,0.71551585,0.70947534,0.8164412,0.9383781,0.97563595,1.2306677,1.2862723,1.3463608,1.3368239,1.1254709
3016,0.50718373,0.55855423,0.7279677,0.76403785,0.9169052,1.0689497,1.1254325,1.3209562,1.3439986,1.3021405,1.2835368,1.0929418
3017,0.76706266,0.7605653,0.9333864,0.9586838,1.1387094,1.2911888,1.3357567,1.400579,1.3976315,1.2354734,1.2056776,1.0278473
3018,0.57473654,0.7186614,1.0540872,1.1132765,1.2430458,1.3772134,1.3620211,1.2905717,1.2856237,1.1088054,1.0894656,1.0015256
3019,0.56656814,0.77681786,1.1515818,1.2245165,1.2860479,1.3719242,1.303786,1.1838576,1.1625377,1.0052722,1.008185,0.95676476
3020,0.6259731,0.86941224,1.2378845,1.3035717,1.292246,1.3016174,1.1982085,1.0690675,1.0402806,0.9275551,0.9245801,0.89493024
3021,0.6850943,0.92744565,1.2787077,1.3221314,1.2537575,1.1888796,1.0787561,0.95841765,0.9417535,0.8825083,0.8501167,0.84451693
3022,2.0919998,1.6816655,1.5482457,1.3778872,1.2837749,1.1775173,1.0629845,1.0648007,1.0055642,0.92252266,0.9078665,0.833962
3023,1.5638905,1.3944968,1.3804371,1.2106637,1.2115114,1.0754745,0.97751355,0.94942874,0.8661277,0.872599,0.75081336,0.68935233
3024,1.2408535,1.2449179,1.2354884,1.1532264,1.1618756,1.0533072,0.98737174,0.9659228,0.87245166,0.81665266,0.64723796,0.5593983
3025,1.1470603,1.207973,1.1865945,1.1597232,1.1460786,1.050194,0.9840815,0.9219277,0.80901694,0.6694399,0.49208707,0.3929067
3026,1.1610872,1.2296501,1.2033844,1.1603556,1.0986121,0.9905031,0.8860109,0.79135376,0.6828415,0.52499366,0.3764848,0.27742416
3027,1.1591178,1.2120152,1.1879766,1.1033187,0.99269706,0.8757856,0.740499,0.6322546,0.54630363,0.4091426,0.30064806,0.20429477
3028,1.1935391,1.1816301,1.1473248,1.008761,0.8638041,0.7421871,0.59637266,0.48283297,0.4234926,0.32090557,0.25296804,0.16136958
3029,1.1771091,1.1025028,1.051639,0.87286615,0.7225325,0.6069531,0.4732563,0.36543393,0.32844847,0.26522952,0.2286901,0.14843033
3030,1.1642281,1.0191525,0.94270945,0.73544157,0.5968663,0.49291766,0.3806681,0.28261718,0.259758,0.23294023,0.21648338,0.1523872
3031,1.1228073,0.92688084,0.82770824,0.6095841,0.49093252,0.40189266,0.31306747,0.23178926,0.21553047,0.21961501,0.21326205,0.16447923
3032,1.6157036,1.1578466,0.8756994,0.6539587,0.5070671,0.42147583,0.32388622,0.27097052,0.21793897,0.23278642,0.24955304,0.22047728
3033,0.9974076,0.72665775,0.5711478,0.39213216,0.3233664,0.27391094,0.22893265,0.20778693,0.22238739,0.23079532,0.24505451,0.21513572
3034,0.9096261,0.67081505,0.5262703,0.3716632,0.32073164,0.2767731,0.251592,0.24115397,0.22882044,0.2549185,0.23353845,0.22581998
3035,0.76258266,0.5801992,0.4598156,0.3338215,0.29670036,0.25046742,0.24200374,0.2533998,0.22624516,0.25448862,0.22016893,0.22110255
3036,1.4571089,1.0130179,0.67535996,0.5175692,0.4302441,0.33478272,0.31991565,0.3401715,0.2350673,0.27122107,0.23148258,0.24667391
3037,1.1353595,0.78496844,0.5031909,0.3840919,0.325018,0.23274447,0.2749156,0.31081027,0.27567393,0.26483446,0.23330013,0.25982365
3038,0.6108307,0.4765126,0.3302073,0.27102926,0.2611841,0.20867813,0.2546814,0.2994024,0.29790723,0.28634512,0.23717569,0.26731023
3039,1.0295346,0.77882874,0.54211307,0.43508378,0.38491416,0.30070445,0.32391676,0.36287016,0.29345703,0.30664313,0.2503425,0.29577103
3040,0.44849533,0.40025818,0.29074606,0.26389208,0.26431066,0.22524789,0.26178125,0.31944388,0.3052463,0.29233846,0.25026304,0.28499284
3041,0.09336689,0.16873316,0.13920559,0.17187843,0.22032027,0.22782704,0.26331228,0.32109576,0.2930982,0.30657688,0.299114,0.3584064
3042,0.0036550239,0.10879376,0.10335053,0.15376557,0.20828885,0.22563124,0.26202622,0.32024854,0.28599322,0.3373628,0.37667635,0.46468168
3043,-0.0072127953,0.1018696,0.100618325,0.14683637,0.18376549,0.20266154,0.24434932,0.30960387,0.30493462,0.40236044,0.49302113,0.6106508
3044,0.08798758,0.17094365,0.15939906,0.16798227,0.16461433,0.18412414,0.22150809,0.30593783,0.36142433,0.52369344,0.66314644,0.78984123
3045,0.123905554,0.18168814,0.19123974,0.16556388,0.122570425,0.15932168,0.20737985,0.32190332,0.47421223,0.70913213,0.87988436,0.9860752
3046,0.15089814,0.17047842,0.20230034,0.16975878,0.09393339,0.15986677,0.24681368,0.4102974,0.6585244,0.93423724,1.09898,1.1501298
3047,0.22220625,0.17630212,0.15907441,0.18635781,0.107627705,0.22185425,0.41133702,0.6469747,0.9542074,1.1565583,1.2506783,1.2215188
3048,0.2226308,0.124647416,0.04838279,0.24587405,0.23066658,0.47564262,0.82300454,1.0965054,1.3659345,1.3733432,1.3161776,1.1852993
3049,0.087803304,0.20466538,0.3103625,0.65145886,0.8009316,1.214091,1.297672,1.3047421,1.2774411,1.2684511,1.2879229,1.1191815
3050,0.33816677,0.42344296,0.5459651,0.7558309,0.8839157,1.1704129,1.2163562,1.1909617,1.1448295,1.2010306,1.2386647,1.1386842
3051,0.48577154,0.49665862,0.6371015,0.7202839,0.85151285,1.0518051,1.1151031,1.073905,1.0765206,1.1742898,1.1551691,1.1195006
3052,0.55136544,0.53145945,0.66159624,0.68770087,0.84252155,1.0093218,1.0630329,0.98613596,1.0318,1.1288046,1.074897,1.0651162
3053,0.5137134,0.57621694,0.7214694,0.7889957,0.96687156,1.0634046,1.0798652,0.90068215,0.9356456,1.0303779,0.94532025,0.9637046
3054,0.3156443,0.566583,0.7490634,0.8679366,1.0112491,1.006475,0.9981794,0.77853096,0.8319278,0.9476577,0.8444449,0.8856055
3055,0.4949522,0.77405536,0.8450602,0.940276,0.9706767,0.8538608,0.88151187,0.72539514,0.774132,0.84439826,0.7676767,0.81382656
3056,0.5390473,0.83321166,0.8269313,0.9157339,0.9077646,0.7799631,0.8257005,0.74009675,0.7989837,0.83054733,0.7647532,0.81871575
3057,0.6456639,0.8774136,0.7650165,0.84980345,0.7968508,0.6760693,0.7488504,0.7477813,0.79004514,0.7803004,0.743756,0.81149685
3058,0.618707,0.78643537,0.6302825,0.73116004,0.6911643,0.61358994,0.67662597,0.69029534,0.7384807,0.72352874,0.736966,0.825195
3059,0.5716466,0.72749513,0.58361137,0.6906407,0.6730449,0.614551,0.6715406,0.6576389,0.74886394,0.74156237,0.8054496,0.91453713
3060,1.1784042,1.0916762,0.88145775,0.86318517,0.89826566,0.82057595,0.85946786,0.7727443,0.90337825,0.94468963,0.988052,1.0939081
3061,1.5350045,1.2928478,1.0399487,0.9395074,1.0160965,0.9484759,0.9587828,0.91848946,1.0472505,1.1837274,1.202558,1.2686639
3062,1.3780375,1.2307916,1.032864,0.95133626,1.0295731,0.98715025,1.0024186,1.0643615,1.1637697,1.3331912,1.3723841,1.406578
3063,1.2413797,1.2167306,1.0515716,1.0045683,1.0866923,1.0363698,1.0537338,1.1924084,1.2755393,1.416866,1.4877509,1.500166
3064,0.66602224,0.8741605,0.8519887,0.9115749,0.979076,0.96102154,1.0027119,1.2261986,1.3077104,1.4294623,1.5358583,1.5303556
3065,0.44551235,0.63765657,0.7304236,0.8241181,0.8905902,1.0003036,1.1098291,1.4188004,1.4883765,1.5472038,1.6865433,1.5615618
3066,0.43579197,0.5808018,0.7042577,0.81675625,0.91041344,1.0764315,1.1911687,1.4776669,1.5436102,1.5408691,1.6605754,1.4537194
3067,1.0452348,0.9739112,0.98465955,1.0507562,1.1748105,1.3531544,1.4819,1.6513762,1.6985208,1.5473093,1.6000792,1.3410417
3068,1.2879404,1.1420283,1.2125847,1.2497197,1.3633683,1.5544828,1.6832187,1.7201102,1.7222475,1.513026,1.528456,1.2921107
3069,1.4656925,1.3023572,1.4598296,1.440253,1.516191,1.6797049,1.7760009,1.7113662,1.6870804,1.4888917,1.4727293,1.2735537
3070,1.084815,1.1527746,1.4397655,1.441596,1.550853,1.6488652,1.6980544,1.5853908,1.5687127,1.3749988,1.2992859,1.1665256
3071,1.7985585,1.5729613,1.7027524,1.5930858,1.6672119,1.6680521,1.6788063,1.5250015,1.4578702,1.2811807,1.1884484,0.98936284
3072,1.7787275,1.6388718,1.7970417,1.6914569,1.6926113,1.6151564,1.5899938,1.3666816,1.305088,1.1638631,1.0228411,0.84659946
3073,1.5465392,1.5716467,1.7604613,1.6975105,1.6307108,1.5082431,1.48545,1.2324319,1.1875353,1.0616599,0.87346756,0.7427911
3074,1.6287427,1.630906,1.7441006,1.6559012,1.5544809,1.3959016,1.364226,1.1200982,1.0806444,0.9683037,0.7636802,0.6529851
3075,1.5446078,1.5765074,1.6342044,1.539892,1.4234235,1.2600119,1.2076062,0.9973456,0.96149874,0.8608036,0.6545869,0.55692434
3076,1.5301169,1.5427997,1.5281131,1.4146348,1.2979548,1.1445699,1.053605,0.8865399,0.84483874,0.7409369,0.55312717,0.45383105
3077,1.3149359,1.400298,1.3701506,1.2729323,1.1423763,1.021172,0.8839601,0.765566,0.71096885,0.6126853,0.44028515,0.34046558
3078,1.4410701,1.4317646,1.3439853,1.2033974,1.0498607,0.9376127,0.7509098,0.6573919,0.58643687,0.50038433,0.36176962,0.25947437
3079,1.9351813,1.6298171,1.3851318,1.2029197,1.0243688,0.9169929,0.6574442,0.5940371,0.49233225,0.432572,0.38137996,0.2585533
3080,1.4810877,1.2605271,1.1010263,0.912164,0.7462206,0.6622626,0.47912908,0.4221377,0.36637306,0.31502086,0.31259054,0.23066959
3081,1.8181438,1.3709944,1.0759537,0.8589961,0.69595116,0.59566075,0.4708475,0.40469527,0.337093,0.28294367,0.29220253,0.24148107
3082,1.0004323,0.7851552,0.6788803,0.5151336,0.43515307,0.3717471,0.33297023,0.2854103,0.30705884,0.25834614,0.25710484,0.2396299
3083,0.9402766,0.7187377,0.63245517,0.46951413,0.40708908,0.33713853,0.33817783,0.28663284,0.29373744,0.27432224,0.23656352,0.24456471
3084,1.5386548,1.0598338,0.7828648,0.5788793,0.49382216,0.36609894,0.38351065,0.3467249,0.28762904,0.27765745,0.23442766,0.24175702
3085,1.4856346,0.9910282,0.67199916,0.5086177,0.44025213,0.28558952,0.38244385,0.3680067,0.31031328,0.2590046,0.22144282,0.23858753
3086,1.5273288,1.0078347,0.65629935,0.5177806,0.45183617,0.27540737,0.45226374,0.42685175,0.3525721,0.26931387,0.20458499,0.23127751
3087,0.6316749,0.4432634,0.36646032,0.29376197,0.27693963,0.19132164,0.33092573,0.3042369,0.3790338,0.30055785,0.22581664,0.2677844
3088,0.12423819,0.12043468,0.15383655,0.16617261,0.20335199,0.21649802,0.311424,0.3098022,0.33353442,0.29651195,0.26243046,0.33286625
3089,0.00059529394,0.045247093,0.09872039,0.14553776,0.1920097,0.22364677,0.30299026,0.3160739,0.30037385,0.3031752,0.31675744,0.41493255
3090,-0.032264188,0.039404616,0.0831718,0.1425571,0.17897853,0.20459047,0.2787792,0.30743974,0.29672447,0.33642933,0.4013374,0.5235665
3091,-0.0071108043,0.07183353,0.09399262,0.14364916,0.15702344,0.17032667,0.24574405,0.29383758,0.32346296,0.4073738,0.5244081,0.664466
3092,0.032789305,0.10365961,0.11512579,0.13876979,0.1226725,0.13229777,0.21277422,0.29027635,0.3906088,0.52829623,0.69455147,0.8282484
3093,0.059517737,0.107118815,0.13123275,0.13258019,0.08663972,0.112713136,0.2103878,0.32412893,0.50573385,0.68083966,0.87513196,0.9649443
3094,0.08114448,0.09703633,0.12226853,0.13037352,0.06937936,0.12502679,0.27248007,0.4249596,0.6689433,0.8261825,1.0105838,1.0407317
3095,0.11209883,0.09599395,0.08654305,0.13335243,0.081861645,0.1683399,0.40593413,0.59445333,0.8671088,0.9453553,1.0827962,1.0655751
3096,0.15728995,0.11684185,0.06758368,0.1650718,0.13865682,0.26063967,0.59179384,0.78403157,1.0506785,1.01947,1.0910732,1.0516073
3097,0.21327129,0.1672001,0.1099903,0.248922,0.25921744,0.42417905,0.80210215,0.94198143,1.1692263,1.0401016,1.0483747,1.0167129
3098,0.283845,0.24873434,0.21523193,0.3782847,0.43309146,0.6455727,1.0045891,1.0455766,1.2027836,1.0039113,0.970374,0.9679835
3099,0.71269274,0.5844716,0.45507166,0.56206894,0.5941801,0.8525138,1.1363338,1.0976853,1.1547567,0.874441,0.83242595,0.8321449
3100,0.54900366,0.47458833,0.49972934,0.6571052,0.7653211,0.98722255,1.183676,0.95862484,0.9741523,0.7581765,0.72801006,0.8372253
3101,0.55366987,0.522385,0.6051285,0.7722904,0.8635173,1.0453572,1.1407897,0.86202174,0.82525635,0.6823604,0.71098423,0.82170695
3102,0.3575238,0.45967066,0.63739413,0.8283276,0.9265536,1.0896544,1.0807287,0.78833646,0.7113333,0.6721401,0.71545404,0.78427505
3103,0.23607318,0.46315032,0.7002661,0.9178233,0.9578303,1.0914263,0.9973624,0.74813086,0.6593437,0.694204,0.75102925,0.7701494
3104,0.24177352,0.6206412,0.82799715,1.0563686,0.9388601,0.93196875,0.8224381,0.6702796,0.6290454,0.7418445,0.8015046,0.82998556
3105,0.35155344,0.7733033,0.841624,0.9789609,0.8050652,0.6610923,0.6466482,0.6537821,0.69808686,0.83021903,0.8716651,0.8976289
3106,0.36977506,0.74495965,0.7676006,0.803029,0.6644383,0.5257045,0.57978636,0.6997783,0.78245366,0.90996647,0.94201124,0.9624377
3107,0.36204213,0.6528209,0.70634854,0.6321616,0.532006,0.47692072,0.5584675,0.7314582,0.8094107,0.94115305,1.0058035,1.0532166
3108,0.32683885,0.53624254,0.6278289,0.4836554,0.41494477,0.4515463,0.5559737,0.7159819,0.7496933,0.87909997,0.9817536,1.1071458
3109,0.252914,0.41867375,0.5137036,0.38873273,0.35565096,0.4627092,0.57155585,0.65714693,0.67173254,0.7783531,0.9124731,1.1018226
3110,0.86394906,0.7674219,0.6477851,0.48780152,0.49741584,0.64175147,0.7388991,0.78105986,0.8346399,0.8942894,1.0053879,1.1638725
3111,0.78124243,0.7117949,0.62144053,0.549929,0.58689946,0.73611367,0.8603882,0.87846,0.9849583,1.0523813,1.1533632,1.2902507
3112,0.7518547,0.71271974,0.6566238,0.6551689,0.7308052,0.86796844,1.0099119,1.0607228,1.209117,1.2714739,1.3322986,1.3932414
3113,0.64966404,0.69847655,0.70336264,0.7602902,0.86929095,1.0175189,1.1594123,1.2625318,1.4169731,1.4628294,1.4646163,1.437269
3114,0.6627991,0.76720536,0.789333,0.8856752,1.034212,1.2159606,1.3492814,1.4682429,1.588874,1.589898,1.525584,1.4310851
3115,1.5626686,1.2388664,1.1105093,1.0986631,1.2408023,1.4499987,1.6051192,1.6988957,1.7663653,1.712286,1.5426039,1.379542
3116,2.1780026,1.6172037,1.4336631,1.4138981,1.5483755,1.6330879,1.7395232,1.6508167,1.5716856,1.5071601,1.2432474,1.109108
3117,1.7734944,1.6260093,1.5346215,1.5775172,1.7488619,1.7605951,1.7513375,1.5815861,1.4051942,1.3020788,1.0639247,0.9961747
3118,1.2819521,1.4392852,1.5028417,1.6652919,1.7654874,1.7648461,1.6492678,1.5005157,1.2787904,1.121395,0.9772117,0.90329146
3119,1.2158942,1.4408333,1.531352,1.6933331,1.739486,1.6710911,1.486044,1.3383493,1.1094083,0.96086943,0.89553106,0.8483077
3120,1.3297435,1.5038009,1.5692585,1.6608049,1.6517931,1.5021594,1.3069487,1.1148183,0.9244126,0.8108685,0.777375,0.76745343
3121,1.5236287,1.5890927,1.6191034,1.6123028,1.5258552,1.3231539,1.1550155,0.9358182,0.8047385,0.7498543,0.7081685,0.7126386
3122,1.5758839,1.569278,1.5711946,1.5075641,1.3504003,1.1441455,1.0274562,0.8337663,0.74926734,0.75393593,0.68156713,0.68732154
3123,1.3545667,1.3891357,1.3899448,1.3336768,1.1553982,0.9896476,0.91220057,0.7720581,0.71667874,0.742136,0.64294297,0.6402085
3124,1.4372448,1.3635193,1.2993917,1.204076,1.0379852,0.9014064,0.8421244,0.7382049,0.70150435,0.71023786,0.61116564,0.59241664
3125,1.3161218,1.2325268,1.1690714,1.074697,0.9278259,0.82707006,0.7660715,0.6814892,0.65244216,0.64002913,0.553432,0.5098846
3126,1.1951538,1.120134,1.0747733,0.98515624,0.84817857,0.77214444,0.6946475,0.6163808,0.58723754,0.55508924,0.47792864,0.4150282
3127,2.0962892,1.5650759,1.1814127,1.1017311,0.9512571,0.80920845,0.70743775,0.6707277,0.54649967,0.5358007,0.48771477,0.35020095
3128,1.718632,1.3264563,1.0412976,0.9408431,0.7864691,0.69424266,0.59500337,0.57705456,0.46394262,0.4274981,0.40661505,0.3238554
3129,0.94634736,0.80133414,0.7167336,0.6521964,0.55549103,0.51419747,0.4625847,0.42297778,0.39715603,0.324564,0.30069256,0.27117756
3130,0.91932213,0.74646676,0.67179006,0.5803969,0.49945003,0.44632113,0.43462664,0.38164264,0.3598513,0.29530495,0.25426266,0.25478745
3131,1.1562768,0.86118686,0.7242395,0.57971954,0.5021384,0.41031796,0.41509968,0.36468166,0.33264303,0.28687787,0.23727246,0.24373494
3132,1.3572873,0.95299166,0.7286604,0.5633023,0.4915331,0.36454508,0.38978702,0.36324233,0.30554387,0.27721548,0.23403928,0.23887436
3133,0.6328487,0.47408724,0.40908286,0.33445454,0.3262199,0.24040021,0.30396497,0.29989412,0.30197024,0.2779458,0.22473244,0.2421223
3134,1.2812823,0.9221535,0.68085617,0.5382067,0.47799528,0.3464474,0.38278097,0.38042107,0.28815407,0.2989756,0.24393633,0.26590857
3135,0.5688611,0.44649452,0.35937777,0.30798787,0.30878416,0.23128697,0.2878446,0.30896956,0.29667595,0.279936,0.22909415,0.25021857
3136,0.518497,0.43719327,0.36990336,0.3262993,0.34259945,0.28815138,0.32084444,0.33468395,0.28618842,0.29892185,0.25703958,0.28663915
3137,0.5381514,0.46463597,0.39409432,0.35254648,0.37080237,0.31357777,0.32887,0.34538987,0.28239232,0.3050899,0.27541068,0.30557933
3138,0.47707158,0.4323541,0.36722323,0.34150136,0.372374,0.32098937,0.32561904,0.34611762,0.28099573,0.30767322,0.29582584,0.33064514
3139,0.38988566,0.37784058,0.324351,0.31774956,0.36557144,0.3242653,0.3232246,0.34559637,0.28448755,0.3178703,0.3311666,0.37928876
3140,0.16428706,0.20941907,0.1994488,0.23116004,0.30948502,0.29465187,0.3070304,0.3304723,0.29085523,0.33420873,0.3927077,0.47659296
3141,0.10776934,0.16617177,0.16824757,0.20017749,0.2768848,0.26904422,0.2832499,0.3173554,0.3022935,0.3871162,0.5120765,0.6312779
3142,0.15024178,0.17854607,0.2048356,0.21009806,0.2494486,0.25316554,0.25767156,0.28138724,0.28800866,0.3919627,0.5135031,0.6325673
3143,0.15552968,0.15577239,0.2141256,0.2112634,0.19232433,0.21650375,0.23418835,0.21963705,0.24284624,0.31150383,0.33349782,0.44683886
3144,0.14525455,0.14320493,0.20792267,0.20460874,0.17628966,0.2115714,0.2328513,0.21784437,0.26182994,0.3280689,0.35799515,0.47206074
3145,0.28318784,0.24183008,0.2847755,0.25815442,0.20620094,0.2511231,0.25725037,0.25394192,0.3124815,0.38649487,0.43149418,0.52602184
3146,0.25170964,0.22240248,0.2760411,0.25932732,0.21868357,0.27402866,0.28435564,0.29800144,0.37337184,0.45621163,0.51623046,0.5917411
3147,0.20713928,0.20049056,0.2658599,0.2593916,0.23638292,0.29949427,0.31203493,0.34588954,0.4216509,0.515601,0.5874821,0.64404446
3148,0.30665198,0.29121813,0.33535025,0.31748748,0.29097372,0.35725594,0.36285996,0.42679647,0.4996774,0.59703696,0.66723883,0.6937035
3149,0.3116662,0.3170328,0.35554665,0.34264925,0.3457935,0.40777034,0.4216224,0.5066006,0.57938504,0.67645085,0.7268739,0.7399875
3150,0.20125082,0.26218957,0.33319813,0.337285,0.4016278,0.4575448,0.48160648,0.5691197,0.63575697,0.7333646,0.7743536,0.7888494
3151,0.43554753,0.44880527,0.4708863,0.45921156,0.52166975,0.57373893,0.59196305,0.6905393,0.72377694,0.785058,0.8066027,0.80167514
3152,0.5242112,0.52963,0.5381617,0.5581702,0.67006856,0.69897336,0.7195349,0.7720993,0.76124156,0.7968472,0.79203784,0.80401844
3153,0.5019279,0.5510558,0.56807905,0.6602681,0.81062096,0.83088267,0.83778965,0.8212494,0.771384,0.77546227,0.76902676,0.79907703
3154,1.5242523,1.1473733,0.9044401,0.9167097,0.8506623,0.9213988,0.95237744,0.98912,0.8998085,0.8177972,0.8767141,0.8640403
3155,0.91494375,0.7479615,0.7198228,0.7578881,0.7922555,0.93188626,0.9166011,0.87075216,0.86129665,0.78915656,0.8651236,0.8472346
3156,0.58955735,0.5651346,0.68484294,0.7863676,0.7673886,0.8960485,0.8979143,0.84234065,0.84350455,0.78022814,0.8965541,0.9214274
3157,0.42041355,0.5298956,0.69125086,0.81145036,0.7673844,0.8341646,0.86170596,0.8068917,0.8243866,0.8074107,0.97851884,1.0815213
3158,1.6511744,1.3894564,1.3536587,1.2145201,1.1853393,1.166829,1.135616,1.0541358,1.144124,1.1762772,1.310263,1.3451295
3159,1.0049943,1.1038976,1.1430473,1.0840971,1.0361254,1.0445961,1.061902,1.1042047,1.2104987,1.2941545,1.4677744,1.4986376
3160,0.6924427,0.88831306,0.9865594,0.95395243,0.9002003,0.9125069,1.0243151,1.1741292,1.2977655,1.3949244,1.5943036,1.6135203
3161,0.52984476,0.7237827,0.8482796,0.8004606,0.7612004,0.8311446,1.0004246,1.2190416,1.3884884,1.5019727,1.6984009,1.6499447
3162,0.6194981,0.7387028,0.8170637,0.7965651,0.7726544,0.9147476,1.1167552,1.3355145,1.5298026,1.5734386,1.7279687,1.5677575
3163,0.5764285,0.68626565,0.7678828,0.8601437,0.8531824,1.0602905,1.2890662,1.4568348,1.6170998,1.5435214,1.6436095,1.4155511
3164,0.643769,0.7301315,0.85779953,0.97920984,1.0210952,1.2155731,1.3943814,1.4779856,1.5710698,1.4252748,1.4906206,1.2851757
3165,1.0217916,0.98539835,1.0915171,1.144639,1.2105032,1.3794348,1.5162474,1.5198474,1.5885477,1.4004196,1.4253916,1.2294666
3166,1.2155361,1.1717814,1.3394578,1.3360381,1.3939178,1.5323862,1.6221919,1.5405395,1.5627389,1.3860679,1.3832052,1.2403216
3167,1.2780304,1.291859,1.5065379,1.4521343,1.4878328,1.5769086,1.6239089,1.5040469,1.5084395,1.3741913,1.3484559,1.2577763
3168,1.3335974,1.3939465,1.6036491,1.5138806,1.5254332,1.5626585,1.5846735,1.4579749,1.459605,1.3588394,1.3004302,1.2346051
3169,1.3830613,1.4690026,1.6559057,1.5410044,1.5292921,1.5170554,1.5293893,1.4035594,1.4038266,1.3241872,1.220083,1.1667154
3170,1.3602349,1.48174,1.6566374,1.5330082,1.4981065,1.4502348,1.4550513,1.3310335,1.3295189,1.2591828,1.1073469,1.0680751
3171,1.2503823,1.4287802,1.5989263,1.4857951,1.4344659,1.3725264,1.3593526,1.240593,1.2353115,1.1641722,0.9766836,0.9546993
3172,1.3924183,1.5064039,1.6020665,1.4618438,1.3975573,1.3134049,1.2718993,1.166353,1.138936,1.0498568,0.8476263,0.8170364
3173,1.2730057,1.438302,1.5073047,1.3915635,1.3224181,1.2429061,1.1604068,1.0655913,1.0232667,0.91695035,0.7072995,0.6705603
3174,1.1525536,1.3671693,1.4087682,1.3241658,1.2468814,1.1790231,1.0473183,0.9600722,0.9032098,0.77593875,0.5690575,0.5263927
3175,1.7520229,1.6619916,1.5287578,1.3961976,1.2933843,1.2139258,0.9534353,0.8939862,0.77094257,0.6269783,0.4923089,0.3603155
3176,1.1848378,1.3033304,1.2616973,1.1698194,1.07445,0.98609716,0.7472548,0.67038393,0.5728046,0.4497905,0.32227588,0.19745821
3177,1.779272,1.573012,1.3946531,1.209926,1.0497178,0.95613736,0.6643298,0.5761054,0.46840584,0.35759285,0.3081531,0.17460692
3178,1.2668804,1.1895163,1.1018717,0.91089404,0.77512026,0.68575835,0.48454857,0.40868497,0.34478036,0.2758446,0.24413504,0.14242099
3179,0.9876489,0.93080455,0.8827238,0.6919694,0.57511306,0.4932407,0.3730378,0.288753,0.2680825,0.23437592,0.20363699,0.15524931
3180,0.4921931,0.51788473,0.537579,0.41513187,0.35262862,0.30100492,0.25363052,0.19436903,0.20283377,0.20847946,0.19107798,0.19948426
3181,0.23147908,0.29041165,0.34569973,0.28472292,0.244926,0.21372667,0.20771188,0.16059834,0.17033568,0.19936651,0.19359735,0.2564093
3182,0.15871422,0.20016238,0.246642,0.22192307,0.18523252,0.16727802,0.18306991,0.15678878,0.15881827,0.20333219,0.20261294,0.2972074
3183,0.080148004,0.12585497,0.1768997,0.18298954,0.15016179,0.14969176,0.1762146,0.16272672,0.1715421,0.21733436,0.22991498,0.34756345
3184,0.067765206,0.10739366,0.1575427,0.1741468,0.13839366,0.15371138,0.18300511,0.17770183,0.1994252,0.24905168,0.27841893,0.40884483
3185,0.13123001,0.14931834,0.18892029,0.19473056,0.14798692,0.1752636,0.19985142,0.20383883,0.24655959,0.3053668,0.35318094,0.48196346
3186,0.12334971,0.14251143,0.1908477,0.19367525,0.14882466,0.19192332,0.21862443,0.23828019,0.30926496,0.38481194,0.45990765,0.57669175
3187,0.102995045,0.13314919,0.20017174,0.1953393,0.15267542,0.21145059,0.24277076,0.29086626,0.39404982,0.49998838,0.60560954,0.6966325
3188,0.11239742,0.14471468,0.21731448,0.20604664,0.16704963,0.23520072,0.27912813,0.3605772,0.484482,0.6015316,0.71847165,0.7782377
3189,0.2043156,0.21475956,0.26198542,0.24195895,0.2037926,0.28168598,0.34701025,0.46857548,0.6015946,0.70003104,0.8010231,0.8279429
3190,0.1956659,0.21035244,0.25218248,0.24742065,0.24254805,0.33022118,0.44013888,0.5845458,0.7230965,0.7903007,0.8599887,0.86953324
3191,0.21702327,0.23028585,0.26495442,0.27862322,0.30515772,0.41540724,0.56058675,0.7078972,0.8347739,0.85432076,0.89009786,0.88165104
3192,0.23091629,0.2527928,0.2968376,0.33443138,0.39630485,0.53576154,0.6963465,0.8086945,0.91271794,0.8846235,0.8821565,0.8658202
3193,0.366108,0.37239978,0.40098515,0.44784942,0.52251023,0.6951863,0.8353809,0.8872982,0.9545214,0.8753922,0.8284377,0.8101447
3194,0.23533405,0.3151577,0.4244781,0.5275292,0.66265446,0.8396381,0.93027055,0.86214584,0.8808234,0.80953777,0.7408819,0.7608372
3195,0.17248999,0.32503283,0.5035237,0.661379,0.802666,0.9669297,0.9828283,0.82347137,0.7902163,0.7425809,0.6812142,0.7070801
3196,0.29033607,0.47705185,0.6592512,0.822115,0.92425245,1.0513684,1.0001425,0.8003766,0.7441946,0.7270628,0.6694697,0.68142855
3197,0.63524854,0.82330704,0.9066096,1.0015814,1.0788383,1.1260095,1.0235581,0.81836295,0.77160966,0.791168,0.71509403,0.7158295
3198,0.5695304,0.98003304,1.0686345,1.0982178,1.2203327,1.2128406,1.0690701,0.8921513,0.93859553,0.9386252,0.92178214,0.9314506
3199,0.8937914,1.1293113,1.1628191,1.133612,1.182094,1.17427,1.0983571,0.9778951,1.017393,0.9674767,0.97359324,0.9715195
3200,1.3463374,1.3376979,1.2829401,1.1562481,1.1724402,1.1479349,1.1120087,1.0005445,1.0235287,0.98335457,0.980785,0.98423624
3201,0.99536115,1.1502641,1.1324697,1.0680292,1.0975916,1.0691391,1.0052886,0.93706644,0.94355726,0.9499538,0.9697863,0.9855962
3202,0.7863688,1.0171481,0.9684416,0.97307277,0.9865772,0.9420381,0.87191635,0.8344194,0.87288773,0.9182836,0.99394846,1.0588002
3203,1.2445728,1.2472473,1.1057096,1.0114076,1.0504029,0.9972546,0.9454131,0.90968984,1.0108361,1.147439,1.1972243,1.2466033
3204,1.4344625,1.3605763,1.1854815,1.0547718,1.089907,1.0576522,0.99681497,1.0151768,1.1132352,1.3201907,1.338214,1.3290212
3205,1.0782402,1.1801234,1.0479715,0.9948319,1.0499884,1.0591198,1.0132853,1.1017293,1.1934297,1.3735555,1.404182,1.3737829
3206,1.9503255,1.5520864,1.2348113,1.1375285,1.0919528,1.086057,1.1222824,1.3091731,1.362889,1.5516272,1.5514151,1.4741963
3207,1.7255449,1.4108782,1.1519673,1.1479905,1.2016479,1.2427477,1.3547634,1.4806266,1.4829735,1.5162153,1.4477752,1.3668004
3208,1.2563326,1.2204589,1.1354156,1.2305726,1.3880439,1.438566,1.5477717,1.5821321,1.5211253,1.4102156,1.292231,1.229137
3209,1.2087399,1.2320255,1.244803,1.372309,1.5058744,1.5445356,1.6171299,1.5863047,1.4920266,1.3091507,1.199554,1.1261618
3210,0.60041785,0.9272968,1.1413841,1.386538,1.459909,1.5237197,1.4923537,1.4119778,1.3236746,1.1782236,1.0939637,1.0058992
3211,0.7310749,1.0238669,1.2182205,1.4048232,1.4504106,1.4775447,1.381296,1.2660842,1.2089767,1.0981408,1.0327574,0.9195909
3212,1.290364,1.3593897,1.4271328,1.4475812,1.475948,1.420607,1.3222814,1.1729996,1.1492178,1.036505,0.96467984,0.8472065
3213,1.686645,1.5587894,1.5437276,1.4531648,1.4340149,1.3290174,1.2544892,1.1137924,1.0990598,0.99730754,0.90305793,0.77040297
3214,0.98484594,1.1692047,1.2811656,1.297624,1.2508029,1.1777807,1.1000608,0.9857016,0.97114754,0.89191115,0.7618067,0.6446626
3215,0.9279949,1.1343362,1.2012947,1.2131984,1.1483387,1.070584,0.9666574,0.8787375,0.85184026,0.77385056,0.6379384,0.5264737
3216,0.907633,1.1094941,1.1288266,1.1243439,1.0413084,0.95333534,0.83491105,0.7643737,0.7286886,0.6556486,0.5195689,0.4274928
3217,0.94867444,1.0967224,1.0728085,1.0386057,0.94230604,0.84601337,0.7246184,0.66126907,0.6232256,0.5526614,0.4233656,0.34698355
3218,0.8354409,0.9713663,0.95268184,0.9158337,0.81617934,0.72894233,0.61082524,0.55061984,0.5166278,0.45964622,0.34497428,0.28412583
3219,0.791003,0.87401474,0.8555275,0.80413216,0.70363766,0.6215834,0.5214599,0.45527673,0.42814445,0.38279733,0.2893058,0.244386
3220,1.0496229,0.954615,0.87274456,0.7528224,0.6392596,0.5415866,0.46319062,0.3816991,0.36096668,0.32610905,0.2591342,0.21996465
3221,1.0310999,0.8661456,0.7684054,0.6223414,0.5309401,0.43970805,0.3851787,0.30984446,0.2955408,0.28001356,0.23602712,0.1981093
3222,0.9222768,0.7439041,0.65117866,0.5046264,0.43804234,0.36242077,0.33032638,0.2654518,0.25483742,0.2571535,0.22182295,0.19131789
3223,0.77966833,0.61368495,0.52770114,0.39942092,0.3541457,0.2976742,0.28302294,0.23829824,0.22435826,0.2443488,0.2117062,0.19355756
3224,1.1731919,0.83332694,0.6392308,0.4736,0.38822645,0.33378875,0.29138345,0.26025793,0.21079026,0.25552094,0.22836441,0.21053606
3225,1.004452,0.70647883,0.50701874,0.37144208,0.31544352,0.27039087,0.24031153,0.25245923,0.20728101,0.24506527,0.225701,0.20193204
3226,0.61310357,0.4674306,0.34055927,0.26718706,0.25847962,0.23224309,0.2153459,0.25481588,0.2145439,0.25281355,0.22383125,0.20819107
3227,0.6280922,0.49706262,0.36882782,0.30144328,0.29435813,0.26061326,0.23738518,0.2842866,0.22040169,0.27410063,0.23747146,0.23903906
3228,0.60994947,0.49481928,0.37055516,0.3100843,0.30290437,0.26291054,0.23965585,0.29294723,0.22546223,0.27961716,0.24649149,0.25369483
3229,0.8806118,0.67976886,0.49085587,0.3987183,0.35637125,0.3024025,0.25615126,0.30690897,0.22151479,0.2932198,0.2667294,0.27924445
3230,0.6344582,0.51777214,0.36907363,0.31354767,0.29810944,0.25418404,0.22738549,0.2935679,0.23729026,0.2906379,0.27095488,0.27929896
3231,0.63815176,0.5314974,0.3888017,0.33085787,0.3182763,0.27344418,0.24163966,0.30244127,0.24189007,0.30804265,0.28927067,0.30456817
3232,0.15127243,0.18692183,0.15255092,0.17312852,0.21844298,0.20709291,0.21356577,0.2844655,0.25406876,0.29889423,0.3023175,0.34058177
3233,0.05055308,0.11023934,0.11886891,0.16000657,0.21430796,0.21005979,0.22950679,0.2882302,0.25638962,0.3244185,0.36175627,0.44007033
3234,0.041295193,0.09343992,0.12369061,0.16665877,0.20374146,0.20056027,0.23261495,0.28370923,0.2778394,0.36822566,0.43816108,0.5504917
3235,0.10239467,0.1333791,0.16644493,0.19067313,0.1988514,0.19912525,0.23535599,0.2847614,0.31883895,0.43996438,0.5363753,0.67065823
3236,0.10517651,0.13217865,0.17823619,0.18549114,0.17390099,0.18762715,0.23530969,0.2928912,0.37719643,0.5332686,0.65071034,0.7934623
3237,0.17328137,0.18239024,0.23137653,0.20481448,0.16596533,0.1982387,0.24612461,0.3308029,0.45949998,0.65840936,0.7855538,0.90415984
3238,0.1608724,0.17169678,0.22793427,0.19549441,0.1517544,0.2003752,0.26903784,0.38674778,0.5465415,0.75725675,0.87228537,0.9637612
3239,0.18587254,0.18730271,0.22678947,0.19535959,0.15206806,0.2141855,0.3070297,0.465107,0.6333509,0.8288814,0.92398727,0.98770857
3240,0.2083855,0.1932842,0.20566991,0.18831325,0.15718348,0.23468523,0.36627963,0.5639335,0.7361982,0.8941976,0.963454,1.0014789
3241,0.3255586,0.25567588,0.21047235,0.22003073,0.19308248,0.3135828,0.500338,0.7426398,0.9096205,0.9842377,1.005733,0.99002165
3242,0.32440567,0.2390799,0.1845586,0.23868158,0.25431252,0.4235363,0.655089,0.8954263,1.0428371,1.0454726,1.0093756,0.95248854
3243,0.28801996,0.20773436,0.17530003,0.28305897,0.37086084,0.61507696,0.84156984,1.0429168,1.1388034,1.0937508,0.9975722,0.89225686
3244,0.40560412,0.30866745,0.30303574,0.43599346,0.6029361,0.95609224,1.0724808,1.1967232,1.2150264,1.1698959,0.98839283,0.81109524
3245,0.4925108,0.43253136,0.50682986,0.63064647,0.90402824,1.2653271,1.2464606,1.2257116,1.1887656,1.1995995,0.98817015,0.8421721
3246,0.59033203,0.670019,0.7666387,0.802982,1.0139446,1.1927233,1.1214696,1.0960312,1.1070744,1.2128954,1.1162187,1.0718741
3247,0.53354025,0.71532184,0.78982025,0.8242841,1.0371673,1.1603061,1.0728565,1.0429692,1.0320026,1.1326025,1.0853024,1.0627079
3248,0.4901458,0.83653355,0.9694439,1.036258,1.2403632,1.2986315,1.1257359,0.9563277,0.8779088,0.9402242,0.9008577,0.87206817
3249,0.54327345,0.9493398,1.0577099,1.0835798,1.2095115,1.1740643,1.0049502,0.90021354,0.8216367,0.91536415,0.9217534,0.8881467
3250,0.59098476,0.9802869,1.0551091,1.0658944,1.1318953,1.0460207,0.9312183,0.908638,0.85248005,0.9515158,0.9742739,0.9471096
3251,0.65700775,1.04904,1.0754526,1.0773613,1.0677502,0.9512364,0.8338034,0.8782674,0.84341717,0.94215095,0.9854264,0.9661998
3252,0.7443655,1.0724775,1.0324078,1.0232277,0.98392624,0.87220305,0.7871727,0.879285,0.8837625,0.9740727,1.0263443,1.0402601
3253,0.6667583,0.96144265,0.9426914,0.9486988,0.92027867,0.82412356,0.78454566,0.883717,0.94048166,1.0472685,1.0866002,1.1241233
3254,0.6441936,0.88717765,0.8994677,0.9147795,0.89596605,0.8357595,0.83234876,0.90837765,1.0194885,1.1353531,1.1400183,1.1902847
3255,0.49276155,0.74055976,0.7999935,0.8388543,0.8431664,0.8305914,0.84807694,0.91496736,1.0718962,1.2056695,1.1851524,1.2321041
3256,0.37712002,0.6093136,0.69102883,0.75170606,0.7947069,0.8389273,0.8866905,0.9627222,1.1570929,1.2926451,1.2459278,1.2643625
3257,1.0154198,0.98903626,0.8898915,0.9251021,0.9642545,1.0841694,1.1378359,1.1811011,1.4017804,1.4553859,1.3470641,1.2966903
3258,1.1430763,1.0804813,0.9780938,1.025011,1.0683814,1.2341682,1.2820506,1.315866,1.4655222,1.5352921,1.4068531,1.3502382
3259,0.90397835,0.9652646,0.9637647,1.0531089,1.1269324,1.3083433,1.376464,1.4439011,1.5098327,1.5926938,1.4674531,1.3996437
3260,1.2214217,1.1618866,1.119191,1.1611596,1.2432548,1.4103168,1.5032773,1.5877428,1.5781788,1.6244745,1.4845442,1.3711463
3261,1.3364855,1.259875,1.2334466,1.241766,1.3536754,1.4760683,1.5777901,1.6533461,1.5715158,1.5933352,1.4147693,1.268447
3262,1.4591048,1.377517,1.3637314,1.3523884,1.4743387,1.5268751,1.6170611,1.6307676,1.5040932,1.4779286,1.2612721,1.1038973
3263,1.0209222,1.2298135,1.3583508,1.4392791,1.5219032,1.5357436,1.5755193,1.5060935,1.3861158,1.3126235,1.0608591,0.9440595
3264,1.1135092,1.352182,1.4733081,1.535178,1.5595996,1.5162102,1.495447,1.363569,1.2463498,1.1421127,0.89114845,0.79628277
3265,2.0258768,1.8431174,1.739351,1.6280407,1.644913,1.5040025,1.4197708,1.2476001,1.1182185,0.9944061,0.79368055,0.6747058
3266,1.3440783,1.5196608,1.5462103,1.5257871,1.4780784,1.342316,1.232347,1.0559973,0.9513875,0.83920944,0.6198448,0.52837276
3267,1.2813894,1.4917053,1.4746675,1.431494,1.3396199,1.2002707,1.0566552,0.91756624,0.825323,0.7106806,0.50253165,0.4308247
3268,1.3568711,1.5103505,1.4216387,1.3297182,1.2116804,1.0730737,0.9010177,0.7988397,0.7087078,0.60288197,0.41802436,0.35356963
3269,1.2474304,1.4012691,1.3012321,1.1963806,1.0583351,0.94221383,0.74720114,0.6801018,0.5911763,0.50684345,0.34494317,0.28041446
3270,1.1705755,1.2889452,1.1911135,1.0707769,0.9163787,0.8172698,0.6204865,0.5672915,0.48633218,0.42384845,0.28797784,0.22841825
3271,1.0821713,1.1496968,1.0664515,0.93145835,0.7736069,0.68338996,0.512094,0.45609272,0.39366606,0.3517865,0.24743524,0.1989643
3272,1.0416249,1.0225774,0.9427467,0.7820352,0.63679665,0.54413897,0.4173408,0.34485364,0.30844027,0.2835163,0.21510005,0.18317884
3273,0.98788804,0.8800251,0.79754806,0.6149961,0.497275,0.40736133,0.3324962,0.25320745,0.24309433,0.24416426,0.20271674,0.18933938
3274,1.4929966,1.0987222,0.8676878,0.63650334,0.49049246,0.4056135,0.31278366,0.24916877,0.21227245,0.2506566,0.24417944,0.22832072
3275,0.90264827,0.6668433,0.5424763,0.36512715,0.30130237,0.24353144,0.20989585,0.18750204,0.20171139,0.23975389,0.2325449,0.207479
3276,0.81386,0.59931666,0.49341166,0.34040684,0.29084685,0.24483912,0.2286831,0.20966366,0.20647772,0.26229054,0.23230276,0.22583285
3277,0.67547864,0.5066536,0.41399226,0.30029002,0.26511395,0.22313553,0.22053091,0.22925767,0.20480081,0.26239258,0.2232587,0.22421038
3278,0.6259404,0.48364794,0.3871942,0.29993144,0.27308992,0.23143733,0.22670645,0.25485173,0.20723446,0.26875308,0.22431882,0.23145092
3279,1.021528,0.7599839,0.5417354,0.4281856,0.36280102,0.29870957,0.2567478,0.30296385,0.2131999,0.2971348,0.2620345,0.27866384
3280,0.2386956,0.22525242,0.16557701,0.17106707,0.19382158,0.17637984,0.18833953,0.26257256,0.23945443,0.2778545,0.25401482,0.2746004
3281,0.9121775,0.70377123,0.51522976,0.4225947,0.37425956,0.31663156,0.27296394,0.3161377,0.23429675,0.32945496,0.29734713,0.32844323
3282,0.26845622,0.2523615,0.19285986,0.20067322,0.22283944,0.20124258,0.21296585,0.2809422,0.26423663,0.30719522,0.29091904,0.32304567
3283,0.060869012,0.10909178,0.11158421,0.15684183,0.21127672,0.21421815,0.23820819,0.29230615,0.26666814,0.32639554,0.3460008,0.4179575
3284,0.020388179,0.07197592,0.104838945,0.15680015,0.20341474,0.210543,0.24408756,0.28925365,0.2745818,0.35526985,0.41110718,0.51487863
3285,0.097625464,0.12643716,0.15968359,0.1903289,0.20770438,0.2160433,0.2471639,0.2906883,0.31046167,0.42287058,0.5151212,0.6398872
3286,0.11542988,0.13530958,0.18069775,0.1924096,0.18628825,0.20607562,0.24284656,0.29225376,0.3625945,0.50760543,0.6266228,0.7605729
3287,0.12155731,0.13949707,0.19774479,0.19167137,0.16637172,0.19969529,0.23912248,0.29777554,0.40276182,0.5664059,0.69270575,0.81889546
3288,0.13448313,0.1531433,0.20566922,0.19957767,0.16829696,0.20324256,0.24320121,0.29435903,0.39285985,0.52393997,0.626302,0.74899423
3289,0.2628296,0.24973175,0.27606618,0.24870187,0.19833471,0.24200602,0.27831477,0.34615624,0.45210803,0.57176346,0.6582236,0.7504437
3290,0.19969735,0.20884842,0.24560408,0.23744258,0.21482396,0.26241904,0.3240793,0.39770263,0.50632966,0.6078253,0.67680585,0.74768305
3291,0.19718775,0.21943553,0.2557062,0.2602109,0.25895804,0.3149378,0.3953191,0.4830621,0.5772241,0.65611815,0.713657,0.75242734
3292,0.9995269,0.751993,0.52981937,0.47407743,0.3541432,0.4402674,0.5186062,0.7083876,0.72802925,0.73212945,0.7052083,0.6506418
3293,0.7015579,0.54802006,0.35114998,0.39639115,0.42051548,0.46535772,0.5759606,0.7014827,0.7149999,0.7276802,0.63811564,0.6380336
3294,0.45590127,0.4115971,0.30663735,0.41587624,0.53555065,0.57848483,0.6618733,0.69975996,0.67745775,0.6684388,0.5952823,0.6201178
3295,0.3676086,0.3977704,0.36953014,0.5001925,0.6282917,0.6619331,0.6987972,0.6839017,0.62494016,0.6019139,0.5635425,0.58717173
3296,0.40985644,0.47013056,0.46915802,0.588377,0.6652389,0.6750239,0.6720388,0.64598024,0.5756089,0.5455322,0.54924214,0.5717273
3297,0.2691462,0.4163901,0.43275467,0.5642841,0.6007874,0.5878371,0.5583689,0.5506203,0.5133425,0.49010816,0.5531,0.6018518
3298,0.23388153,0.40249303,0.40761048,0.52819765,0.5333828,0.4957266,0.47112983,0.4762078,0.4933239,0.4887882,0.6086783,0.6882514
3299,0.42766827,0.5281165,0.51259387,0.57301974,0.57106376,0.5061923,0.5093048,0.47989315,0.5683277,0.58772,0.7307247,0.83679605
3300,0.35837907,0.45435685,0.48213014,0.5076405,0.52352,0.4624099,0.5081234,0.47022498,0.6281648,0.7027955,0.8750173,1.002671
3301,0.3107423,0.38563865,0.4703026,0.43877724,0.48651433,0.4497397,0.5267753,0.512788,0.7110834,0.86242473,1.0453862,1.1668679
3302,0.3242255,0.3782913,0.48580772,0.405819,0.48794627,0.47761214,0.5800248,0.6171559,0.83158815,1.0363404,1.1962731,1.2828766
3303,0.45950812,0.5016764,0.57368803,0.5029908,0.5836971,0.5990679,0.70920676,0.7845661,0.9824977,1.1735262,1.2388836,1.2775502
3304,0.49161267,0.567466,0.63760895,0.63255596,0.6719888,0.7231671,0.830856,0.9220903,1.085027,1.2574317,1.2195228,1.2439675
3305,0.6341929,0.6470588,0.6596214,0.695194,0.7520026,0.85931575,0.9941016,1.0898719,1.2460316,1.365704,1.2892395,1.2646104
3306,0.7182376,0.7099227,0.71183604,0.79093903,0.862082,1.0181062,1.163567,1.2438505,1.3660271,1.4414816,1.3407139,1.28085
3307,0.7440031,0.76801074,0.79870224,0.91051394,0.99304116,1.1768417,1.312607,1.3693798,1.4259989,1.4806519,1.3659731,1.3074855
3308,1.5052352,1.1755897,1.0521502,1.0818222,1.1293998,1.3359007,1.4755664,1.5499077,1.511942,1.5509776,1.4359367,1.3595194
3309,1.0128647,0.96514016,1.0159779,1.0931773,1.1941211,1.3708727,1.5235022,1.6160643,1.4992572,1.5847476,1.4317522,1.4014902
3310,1.3520801,1.2118254,1.2137074,1.2536178,1.3559562,1.4781982,1.6370674,1.708072,1.5370264,1.5478348,1.3629711,1.2921134
3311,0.9441616,1.1225121,1.249625,1.3907067,1.4957104,1.5447072,1.661482,1.6481674,1.4481125,1.4086128,1.1644328,1.1142173
3312,1.057737,1.3108948,1.4256673,1.5669315,1.6116433,1.5695344,1.6138424,1.5102856,1.3093654,1.2071878,0.9559492,0.9189804
3313,1.2056477,1.454011,1.4984562,1.5583581,1.5352185,1.4372754,1.4116005,1.2741308,1.1060765,0.9894147,0.75146365,0.7370225
3314,1.2857596,1.5357965,1.5350845,1.5357296,1.46297,1.3284869,1.2415429,1.0898707,0.954921,0.8310448,0.614033,0.6083608
3315,1.2944556,1.5376166,1.495748,1.4486551,1.3437104,1.2019979,1.0712153,0.9352927,0.83275044,0.71219474,0.51814985,0.51225424
3316,1.4791849,1.6027037,1.4833963,1.3671423,1.2399044,1.0946631,0.9290322,0.82036394,0.7342783,0.62220854,0.4614048,0.4348474
3317,1.2920226,1.4427379,1.3367603,1.2156705,1.0783443,0.96080166,0.77611256,0.69825804,0.62878513,0.5372742,0.39754072,0.35348105
3318,1.2036616,1.3235822,1.2269628,1.0937867,0.94387746,0.84756815,0.6592342,0.593169,0.5379197,0.46046752,0.3425861,0.29217538
3319,1.1823827,1.2313313,1.1367843,0.98228043,0.8241528,0.7356355,0.559791,0.49233812,0.45029077,0.39095706,0.30049592,0.2494264
3320,1.1116754,1.099382,1.0163014,0.84625083,0.6965963,0.61363953,0.46872175,0.39517576,0.37128055,0.33027932,0.26794782,0.22458321
3321,1.0091833,0.9492364,0.87869114,0.70219517,0.5732399,0.49612808,0.39313367,0.31424645,0.30894724,0.2862742,0.24477416,0.2179117
3322,1.6862099,1.2533973,0.9701083,0.744788,0.5733479,0.49334055,0.36690152,0.31144607,0.2576111,0.2737398,0.2823043,0.24961469
3323,0.87525207,0.67561597,0.5577917,0.38940182,0.3243443,0.28377885,0.22980732,0.21133003,0.23617472,0.2528823,0.26007912,0.22840425
3324,0.47719085,0.4007217,0.36482772,0.27502346,0.24910367,0.24276714,0.22241125,0.21354878,0.22305755,0.2605961,0.2512678,0.25405204
3325,0.13539891,0.15891224,0.18183017,0.17806205,0.1767246,0.1917563,0.20219949,0.2180108,0.2034484,0.24430062,0.24709421,0.28984776
3326,0.09356977,0.12694323,0.15391853,0.17667238,0.17000726,0.18464631,0.2045863,0.22766076,0.20134261,0.25040853,0.25889748,0.33350098
3327,0.016171053,0.06762686,0.1049329,0.15135418,0.1500919,0.17386475,0.20161927,0.23684025,0.22188675,0.2792172,0.3081309,0.41081238
3328,0.01955387,0.070894726,0.11607367,0.15989186,0.14767437,0.1796875,0.21164693,0.24207728,0.25815755,0.328728,0.3828606,0.5081501
3329,0.060897566,0.104725935,0.15460077,0.170347,0.141025,0.18659006,0.21768337,0.26474836,0.34087873,0.46414483,0.56798166,0.69688076
3330,0.1427967,0.16399635,0.216227,0.1953783,0.13796723,0.20283434,0.23414783,0.31232956,0.45243084,0.6212611,0.7512698,0.8478635
3331,0.118583135,0.13618238,0.1995255,0.18396316,0.12684861,0.21182236,0.2861796,0.40717363,0.604076,0.7855786,0.9120673,0.96898913
3332,0.14518495,0.13263519,0.1596612,0.18373278,0.14090626,0.25284517,0.41107607,0.58965194,0.81489575,0.9407897,1.036242,1.0411315
3333,0.17682856,0.12533699,0.10727431,0.2080501,0.19712825,0.3550577,0.6266118,0.83157456,1.0503811,1.0579662,1.0942897,1.0422037
3334,0.2805012,0.21128672,0.18863413,0.35870206,0.39132416,0.63733745,0.94345695,1.0829763,1.2383605,1.139031,1.0898423,0.984974
3335,0.25538307,0.2602827,0.36150503,0.5441136,0.7200287,1.0103468,1.1845276,1.103441,1.1294017,1.0574157,0.9736885,0.90560704
3336,0.24643753,0.3467065,0.55561745,0.6835164,0.8647254,1.0428759,1.100578,0.9084031,0.9300747,0.92306054,0.87766254,0.88355803
3337,0.36417848,0.48622447,0.6911401,0.77385783,0.9056937,1.0170223,1.0428884,0.8432381,0.9058864,0.91662,0.8717613,0.9038502
3338,0.35799187,0.5399291,0.7505801,0.831683,0.9437449,0.99640495,1.0175775,0.81764245,0.90621996,0.9341618,0.87128985,0.92324674
3339,0.387985,0.63010144,0.82093006,0.9122045,0.9970089,0.9972287,1.018282,0.83779293,0.9333863,0.9515724,0.8726609,0.9217935
3340,0.44740766,0.7169245,0.82499224,0.94173074,0.9406644,0.89624697,0.9511093,0.8383843,0.9028001,0.8743812,0.7948432,0.85083735
3341,0.6508193,0.8107097,0.8222891,0.9198796,0.83851814,0.8127949,0.8858698,0.84234387,0.8690171,0.7934184,0.7356262,0.8072386
3342,0.60440725,0.76035434,0.7636779,0.8713997,0.7567011,0.7777256,0.81106764,0.78794783,0.80389476,0.71452653,0.7098007,0.80727637
3343,1.6171807,1.3185233,1.1133082,1.0247025,0.968841,0.94429827,0.9682037,0.9236175,0.9369811,0.8768523,0.85569537,0.9607864
3344,1.3859456,1.1686008,1.1009554,1.0135062,0.99084234,0.9788158,0.9351877,0.88557315,0.8872955,0.9215275,0.95408547,1.0502576
3345,1.9186221,1.4878553,1.3297293,1.1818196,1.1216626,1.0436039,1.0140779,1.0253911,1.035489,1.1142728,1.1051503,1.1947033
3346,0.8244117,0.9902581,0.9672474,0.98425,0.99173856,0.99289334,0.83616537,0.8761294,0.91899014,1.0752442,1.1388847,1.212533
3347,0.82663435,1.0067402,0.9406569,0.9853087,0.9993822,0.9284751,0.80644584,0.917439,0.9844575,1.1566653,1.2333874,1.2755723
3348,0.74588436,0.922482,0.870375,0.9172844,0.9454552,0.8707478,0.80023015,0.96083665,1.0341136,1.2084486,1.2714366,1.2600988
3349,0.60831195,0.75374115,0.76269376,0.7877557,0.83956856,0.81078655,0.78416806,0.9934864,1.0634587,1.2424893,1.29355,1.2237147
3350,0.49844944,0.6051799,0.6567641,0.6461315,0.74059826,0.7642802,0.76930857,1.0140536,1.0927906,1.2661153,1.3146011,1.209822
3351,0.8681507,0.8091406,0.7658741,0.7167975,0.85028774,0.91199,0.9677284,1.1961398,1.2919979,1.3359674,1.3505831,1.208545
3352,1.5645833,1.1372705,0.9333107,0.87615466,1.0103731,1.0910554,1.2240179,1.4164133,1.4651318,1.3972949,1.3681229,1.168973
3353,1.3392353,1.0373821,1.0141637,0.9685612,1.133841,1.2164849,1.356877,1.461278,1.4443026,1.3419245,1.2342293,1.06847
3354,0.7359828,0.79266113,1.013721,1.0698218,1.2420952,1.3459924,1.4280394,1.4082098,1.3559997,1.2249821,1.0788718,0.97471565
3355,0.80632925,0.9084396,1.1651113,1.2423408,1.3653547,1.447914,1.4654889,1.3510697,1.2749177,1.1237624,0.9847981,0.8681605
3356,1.0096346,1.0939289,1.3137696,1.3573098,1.4118613,1.4232663,1.3971027,1.2147502,1.1384652,1.0052948,0.8485596,0.7489046
3357,1.5865449,1.4574591,1.5513294,1.4818361,1.4686592,1.3858426,1.351705,1.1436081,1.0566977,0.9314424,0.7541171,0.6514369
3358,1.6627007,1.5093582,1.5549269,1.4806082,1.4187783,1.2974029,1.2499822,1.0544946,0.95841277,0.8441242,0.6568717,0.550758
3359,1.9272892,1.6349573,1.561728,1.4835174,1.3992587,1.2587943,1.1651335,0.99468786,0.8888395,0.7514776,0.62161994,0.49572602
3360,1.4838903,1.4037418,1.407167,1.3596828,1.2514579,1.1207898,1.035948,0.87117577,0.7872578,0.64967304,0.52845275,0.43929893
3361,1.0329622,1.1511838,1.2121336,1.2046883,1.0631692,0.9577192,0.8644839,0.7239367,0.67537,0.5450079,0.43194705,0.3602326
3362,1.0140182,1.1166837,1.1468828,1.0990307,0.93445224,0.8268857,0.7174613,0.583492,0.5600939,0.44615543,0.355097,0.29552177
3363,0.98122627,1.0504187,1.0598962,0.9749979,0.80455124,0.6949911,0.5829957,0.46087432,0.45221424,0.36852866,0.29930985,0.24740173
3364,0.988863,0.990676,0.97536963,0.8506704,0.68702334,0.5727573,0.472543,0.35861894,0.3590535,0.30458203,0.25442106,0.21154395
3365,0.9305744,0.88234043,0.8504491,0.70506436,0.56628776,0.45758915,0.3840576,0.28442332,0.2912524,0.2656339,0.22705428,0.1978764
3366,0.90501624,0.79879117,0.7448508,0.5847893,0.47253257,0.37212116,0.32502937,0.23877189,0.24691644,0.24671601,0.21295036,0.19709906
3367,1.0267898,0.813346,0.7106766,0.5245539,0.42432004,0.33167535,0.2911976,0.21855287,0.21668987,0.2446042,0.21502312,0.19937962
3368,1.1294394,0.82445645,0.6688859,0.47398263,0.38400996,0.30512524,0.26092622,0.21563238,0.19612665,0.24552108,0.22707145,0.20261541
3369,1.163446,0.8125606,0.6128746,0.43094587,0.35213682,0.28364563,0.24459712,0.22948259,0.19540328,0.24975881,0.23869756,0.21228816
3370,1.7215153,1.1277653,0.6825081,0.54447365,0.45460814,0.34570667,0.37825102,0.39297205,0.2633063,0.25742692,0.20393266,0.15854597
3371,0.7995903,0.5383242,0.35826385,0.2776916,0.25659204,0.20431101,0.2653997,0.27629617,0.32081112,0.2854042,0.24129868,0.24456981
3372,1.329669,0.900814,0.58257806,0.46525452,0.40757605,0.31386995,0.39743555,0.40766352,0.33543733,0.30817154,0.22526422,0.246362
3373,0.60197246,0.4463061,0.3204971,0.27496856,0.27099758,0.2193531,0.3073005,0.3353182,0.3499177,0.2857795,0.2204861,0.24913807
3374,0.5203124,0.43398285,0.3320251,0.29988533,0.30604875,0.2694354,0.32638025,0.36538061,0.33118722,0.29502088,0.2331529,0.27283028
3375,0.46141458,0.41697448,0.32879972,0.31140882,0.32175785,0.28802067,0.3246519,0.37103146,0.32003608,0.2981814,0.2527379,0.2948476
3376,0.44529045,0.42655557,0.33736467,0.3296144,0.34242222,0.30810374,0.32664835,0.3756136,0.31484538,0.3128205,0.28581583,0.3287634
3377,0.50570047,0.48579544,0.37836754,0.36770046,0.3762864,0.33478144,0.3343644,0.3829558,0.32097912,0.339176,0.3296486,0.37216994
3378,0.46932048,0.47014552,0.36305025,0.3646344,0.38003087,0.34075737,0.33603698,0.38565943,0.33791614,0.36998868,0.3834461,0.43171078
3379,0.47482568,0.48141336,0.36944503,0.37573457,0.39154202,0.3533332,0.345456,0.3958801,0.36285973,0.41344482,0.4517071,0.5086983
3380,0.50028354,0.5033424,0.38562924,0.39473945,0.40458363,0.3676176,0.36031955,0.4143563,0.40386093,0.47447073,0.53918076,0.6042137
3381,0.5757718,0.55846304,0.42918113,0.4384082,0.43088663,0.39573404,0.38954577,0.45093155,0.46696362,0.5599809,0.6505929,0.71544737
3382,0.5957708,0.5662595,0.44773322,0.47370553,0.45374107,0.43084466,0.44336003,0.5119449,0.5645223,0.6785942,0.7904669,0.85014826
3383,0.59305125,0.5528816,0.4667837,0.526937,0.5028005,0.5017469,0.55072755,0.6257237,0.7066082,0.8399584,0.9568566,1.0001724
3384,0.5947648,0.544005,0.49691314,0.60449815,0.6092394,0.6345305,0.72794217,0.81071943,0.8842956,1.017165,1.1014464,1.1139767
3385,0.578805,0.53601265,0.5332231,0.6865728,0.7825323,0.8394427,0.94641405,1.0223446,1.0462295,1.1444497,1.1720077,1.153338
3386,0.62497795,0.62729853,0.67288506,0.8651815,1.076011,1.1599355,1.1973971,1.1915891,1.1235601,1.1497166,1.1387461,1.1169736
3387,0.7380423,0.89522165,0.9075433,1.0894125,1.2021782,1.2031187,1.1468252,1.03919,0.9598681,0.968029,1.0368304,1.1288
3388,1.0048357,1.018099,0.9838258,0.9482998,0.9264244,0.8347261,0.78999484,0.69852597,0.70206463,0.69350266,0.72068727,0.80662984
3389,1.3338835,1.1447887,1.0824226,0.971822,0.8377664,0.7919338,0.6856424,0.6348093,0.6272923,0.62206376,0.66431546,0.67364377
3390,1.1278278,0.9842311,0.9247851,0.8319664,0.71464175,0.70843387,0.5823971,0.5573118,0.5704111,0.5447262,0.6093164,0.59355605
3391,0.9801727,0.8584246,0.836858,0.818596,0.70637196,0.751742,0.6101821,0.5764847,0.62010527,0.5586997,0.6863215,0.6811274
3392,0.43227792,0.44491082,0.54172087,0.6619118,0.62384635,0.6783661,0.6182949,0.60829663,0.7332196,0.63616204,0.8418889,0.918977
3393,0.15787773,0.13023648,0.21798483,0.33701366,0.38983202,0.4000923,0.5113311,0.5942366,0.6925008,0.73244184,0.9567381,1.0516078
3394,0.115387626,0.10787069,0.20593095,0.29874668,0.37662214,0.36083406,0.50291073,0.6495824,0.7593671,0.88477564,1.1018399,1.2101376
3395,0.1356569,0.17660578,0.2648599,0.30292332,0.4043464,0.37747842,0.53621495,0.75791985,0.8957354,1.1219782,1.2494705,1.3353436
3396,0.25247312,0.37603348,0.43905208,0.44174126,0.52213717,0.5075265,0.6545701,0.9085915,1.0849508,1.3504789,1.3448257,1.3785449
3397,0.2807504,0.49441528,0.5120346,0.58438563,0.64763564,0.6954571,0.86095333,1.0895686,1.2210594,1.3865528,1.2941952,1.303797
3398,0.26735076,0.47928375,0.46987385,0.59656656,0.68517333,0.7784778,0.9554268,1.128396,1.1982845,1.2470512,1.150621,1.1415986
3399,0.26043868,0.44966066,0.45427296,0.6450777,0.7797745,0.87306374,1.0778736,1.1963218,1.2254028,1.1914176,1.0825824,1.0322001
3400,0.21664497,0.37703148,0.4021906,0.6127006,0.7899811,0.86962456,1.0665277,1.1478202,1.1689049,1.1132215,1.0134284,0.94149345
3401,0.22245508,0.3269794,0.38887838,0.58879775,0.8012042,0.8736559,1.0490352,1.087888,1.1262449,1.0650226,0.97502697,0.8733384
3402,0.24835889,0.37761036,0.479074,0.6599455,0.8725241,0.8953818,0.99826044,1.0098786,1.0845641,1.047942,1.0042591,0.88143235
3403,0.8642461,0.78642964,0.8138383,0.8404136,0.9699782,1.0114189,1.0519459,1.0603373,1.1511006,1.0945724,1.042387,0.8658941
3404,1.8531098,1.1933377,0.93074566,0.8128162,0.7327467,0.87309927,0.94791526,1.0148692,1.0707269,1.0968716,1.0744202,0.85020393
3405,1.3663858,0.95404404,0.87320715,0.7960092,0.83443075,0.9062817,0.9561314,0.9924341,1.0349033,1.1107329,1.0491631,0.90743876
3406,1.2315414,0.91969067,0.967472,0.99968064,1.022239,1.0469655,1.1741548,1.1709706,1.2027005,1.1431876,1.0223935,0.91131806
3407,1.2165298,0.9640961,1.1110476,1.1657385,1.1610441,1.1761225,1.3375111,1.2773836,1.2326047,1.0820848,0.91469944,0.8498899
3408,1.0197259,0.95315665,1.1700177,1.2037028,1.2098752,1.2172699,1.2958999,1.2056241,1.0706023,0.92225707,0.7571175,0.7619587
3409,1.2175466,1.1612653,1.363584,1.32835,1.2911186,1.2709371,1.3005449,1.1347013,1.0039186,0.8368572,0.7046045,0.76091236
3410,2.1737921,1.6932799,1.7632129,1.5782108,1.379641,1.3141844,1.3059276,1.0876881,1.0514259,0.9178585,0.7957033,0.815772
3411,1.5510387,1.4220476,1.5712011,1.3626814,1.2409462,1.2097585,1.1222588,0.8993775,0.9062848,0.82690394,0.7936183,0.82898176
3412,1.6131871,1.4599462,1.5666876,1.3435318,1.1986638,1.1663115,1.0954185,0.86254025,0.91932297,0.82476044,0.8280537,0.874373
3413,1.5544455,1.4079193,1.4755433,1.2762613,1.1487797,1.1018603,1.0595899,0.8482342,0.9285134,0.85062134,0.88799095,0.9454433
3414,1.4593521,1.3388488,1.3678577,1.2291192,1.1264589,1.06436,1.0620444,0.89287007,0.98303163,0.9119775,0.9643197,1.0267489
3415,1.3651285,1.2836875,1.2747483,1.2116847,1.14084,1.0701748,1.1000712,0.97559357,1.0676631,0.9886329,1.0401702,1.0966697
3416,1.2330511,1.2095824,1.196553,1.207172,1.1616822,1.0948873,1.1433492,1.0534533,1.1410648,1.0433736,1.0846235,1.1261313
3417,1.2357404,1.1950587,1.1713371,1.2097462,1.1793196,1.1234297,1.1849582,1.1213648,1.1992536,1.0872718,1.1169864,1.1260133
3418,1.1456629,1.1172591,1.1179509,1.1670238,1.1464412,1.112475,1.1773269,1.123144,1.1882106,1.0657804,1.0736434,1.0405421
3419,1.8569529,1.476795,1.2874057,1.2637653,1.2304614,1.1519879,1.2352818,1.2235814,1.2177145,1.11824,1.0747545,0.92475027
3420,1.0515594,1.0771285,1.1075771,1.18837,1.1509271,1.1518307,1.1672372,1.1341451,1.1009967,0.9598857,0.8750019,0.7675332
3421,1.3523577,1.2899704,1.2583923,1.2978132,1.2365655,1.2293361,1.168018,1.1258383,1.03225,0.86753213,0.7666923,0.6421156
3422,1.0136021,1.1468364,1.1662519,1.2767037,1.1985463,1.212358,1.0585567,1.0223467,0.89180744,0.7310946,0.63581884,0.51111096
3423,1.6247687,1.5198911,1.42033,1.415332,1.2806925,1.2296414,1.0166768,0.95326257,0.77446616,0.6344845,0.5330911,0.3951296
3424,0.44376326,0.8110243,0.8984125,1.0888888,0.9801908,0.98055416,0.75749195,0.7284194,0.56298995,0.4617529,0.39802843,0.29474676
3425,0.30481526,0.66124135,0.7212916,0.89249086,0.78344464,0.7711629,0.5612403,0.536615,0.38379735,0.34622806,0.34200165,0.27014917
3426,0.17577893,0.4875391,0.5451039,0.67636263,0.5774204,0.56159675,0.40452272,0.38084626,0.27598777,0.28492668,0.33104074,0.3157429
3427,0.14676897,0.3823918,0.43561795,0.51366794,0.42172873,0.405612,0.30729857,0.27616423,0.23711324,0.26919493,0.34686264,0.38576773
3428,0.16289616,0.32526952,0.37493885,0.4056908,0.3134862,0.3053523,0.26335064,0.22659263,0.2572629,0.295537,0.38978446,0.46479362
3429,0.2374666,0.3231169,0.36053276,0.35094604,0.24981745,0.26053452,0.2665318,0.23807059,0.32642236,0.36113697,0.46264717,0.54029346
3430,0.17035553,0.23266491,0.29881904,0.29130995,0.20505095,0.24322093,0.29767242,0.28294188,0.40497935,0.44409323,0.5473689,0.6081733
3431,0.14603636,0.19068168,0.27215567,0.2756827,0.20400839,0.26728973,0.35238138,0.3602804,0.48681033,0.5267292,0.631001,0.6597961
3432,0.14726017,0.18340681,0.26750702,0.28612456,0.23791508,0.31725073,0.41955873,0.4480784,0.5634147,0.5989577,0.69614303,0.6953552
3433,0.2017173,0.22717178,0.29761195,0.32180202,0.29885492,0.3876019,0.49168736,0.5348912,0.62971693,0.6535452,0.7319778,0.7082897
3434,0.2553022,0.28117687,0.33801863,0.36291546,0.37184602,0.46133173,0.55655754,0.5998507,0.671857,0.684608,0.7342653,0.70482934
3435,0.21565053,0.28119135,0.35078418,0.38874525,0.4379742,0.5182676,0.60109806,0.62566745,0.67797697,0.68916696,0.7186755,0.70557547
3436,0.19778448,0.30113837,0.3810741,0.42761314,0.4917062,0.5591574,0.6246583,0.63376445,0.6721598,0.6785977,0.703748,0.70740795
3437,0.17784385,0.3134082,0.40322462,0.45606372,0.5140077,0.5653781,0.6173644,0.620622,0.6600491,0.66405547,0.696231,0.71730006
3438,1.2150041,0.93294203,0.6287891,0.5909686,0.46747774,0.52676994,0.6161398,0.7197989,0.7089857,0.6369958,0.6621045,0.6934053
3439,1.5433178,1.0563182,0.5001707,0.53819525,0.36860257,0.44736576,0.62768567,0.7656351,0.64461887,0.5297587,0.5074456,0.6074493
3440,0.5720205,0.43083066,0.25343758,0.31837243,0.38583872,0.522663,0.5234996,0.5976388,0.5620435,0.5282526,0.56115854,0.6667535
3441,0.6861711,0.48665488,0.39562652,0.48976925,0.49938095,0.6224763,0.6397104,0.71869713,0.6342052,0.5524225,0.5982541,0.6511398
3442,0.5018632,0.38244206,0.41737694,0.5178448,0.5532978,0.6384418,0.68583155,0.74564266,0.6541529,0.59995234,0.6631751,0.7252513
3443,0.43359768,0.3702821,0.49086562,0.5855223,0.60320187,0.59685767,0.7052507,0.73884964,0.67438304,0.6796358,0.7363566,0.8389406
3444,0.5444723,0.5116925,0.62109566,0.674441,0.6875503,0.58943754,0.7399579,0.7509764,0.7328521,0.7877265,0.8328614,0.9769994
3445,0.7597079,0.74515504,0.7920945,0.7674475,0.79276365,0.6514928,0.79913557,0.81762314,0.8614913,0.9520575,0.99067926,1.1339862
3446,1.0410622,0.9948301,0.9735975,0.85026246,0.88839674,0.785732,0.9001359,0.98148733,1.0965158,1.1951895,1.2396438,1.2975093
3447,1.0002139,0.9802906,0.973884,0.8586545,0.88373834,0.86245435,0.989927,1.1271975,1.285186,1.3310257,1.3951852,1.3547528
3448,0.94006664,0.93201977,0.9597525,0.90486336,0.9189083,0.9737195,1.1280366,1.2562625,1.4276965,1.370042,1.449129,1.33898
3449,0.73272765,0.7928003,0.9219079,0.92512083,0.9252646,1.0416086,1.2077793,1.2756724,1.4571226,1.3347896,1.4120493,1.3051432
3450,0.7113047,0.7686062,0.95027024,0.967176,0.97285277,1.1154425,1.268615,1.2793472,1.4380049,1.2926649,1.3619416,1.2622874
3451,0.73078793,0.79696745,1.0260472,1.0363171,1.0497428,1.190896,1.3090081,1.2684739,1.3878381,1.2503674,1.3030423,1.226525
3452,1.1738372,1.1348891,1.2891374,1.2211509,1.2493018,1.3379389,1.398363,1.3159788,1.382205,1.2374653,1.248674,1.1508158
3453,1.2269503,1.2278451,1.4188583,1.3043505,1.3239253,1.3607503,1.3936658,1.2738266,1.3217226,1.2072054,1.1716497,1.1060202
3454,1.5844088,1.450747,1.5678091,1.3758733,1.3777622,1.3676125,1.37933,1.2772665,1.2947146,1.2287333,1.1560466,1.047664
3455,1.8936663,1.5845969,1.6206219,1.3984768,1.371664,1.3494897,1.3263205,1.2777576,1.2668362,1.2514982,1.1575829,0.9738631
3456,1.7151393,1.491776,1.5514045,1.3900253,1.3795425,1.354227,1.3325007,1.2585742,1.2380626,1.1883473,1.0415415,0.8541932
3457,1.6369598,1.4810259,1.5222378,1.4321401,1.4373088,1.3918028,1.3700317,1.2314036,1.1797633,1.0346974,0.8420433,0.6778811
3458,2.11769,1.7369831,1.5962577,1.5420964,1.5757186,1.4963676,1.3765212,1.2096941,1.0916243,0.84631586,0.6814029,0.47861376
3459,1.073703,1.2612853,1.3413231,1.4240421,1.3725972,1.330121,1.1496943,1.0063121,0.8788825,0.6716344,0.4688602,0.33895823
3460,1.3607461,1.4663546,1.4661396,1.4489278,1.3010633,1.2140288,0.9766313,0.8240635,0.7008855,0.4777465,0.30411518,0.20161673
3461,1.3119926,1.411413,1.3967052,1.3104289,1.1030107,0.9851562,0.73772323,0.6015196,0.49943948,0.33594173,0.21873707,0.13252963
3462,1.2477905,1.2846144,1.2456226,1.0980294,0.88007826,0.7429685,0.5420184,0.4229764,0.35488576,0.25562063,0.18493286,0.11966519
3463,1.1029779,1.0859619,1.0307014,0.8530235,0.66854787,0.5331045,0.39953375,0.29867825,0.2645989,0.21939139,0.17493661,0.13724965
3464,1.0367663,0.94420266,0.8699963,0.67172706,0.5269232,0.39998746,0.31849155,0.22885665,0.2185304,0.21503027,0.17953503,0.16592893
3465,0.9086017,0.78303444,0.7109458,0.517892,0.4132581,0.30156434,0.25980175,0.18747538,0.19281383,0.22025457,0.18512389,0.18788439
3466,1.1348304,0.86306125,0.7230636,0.50076663,0.39827347,0.29507044,0.2465398,0.18684389,0.17731632,0.23982178,0.2084842,0.20836101
3467,0.8291272,0.628405,0.5230675,0.3530957,0.29833066,0.2160438,0.19764654,0.17946859,0.17635782,0.24138968,0.20789248,0.20230585
3468,0.7728169,0.5843706,0.47945586,0.33341527,0.29114848,0.22087832,0.20657994,0.20304653,0.18017311,0.25779107,0.2142977,0.21538559
3469,0.71020085,0.5408328,0.43597957,0.31465617,0.28284436,0.21797344,0.20763418,0.22375257,0.18341383,0.26213768,0.21423936,0.21618378
3470,1.0217463,0.74046767,0.5430343,0.39804304,0.3402959,0.2647186,0.2291168,0.25688332,0.18070172,0.2739105,0.23193738,0.23416018
3471,0.6054288,0.4683398,0.34301132,0.26569033,0.25614613,0.19798018,0.1925924,0.24852514,0.20131999,0.26538214,0.22299147,0.22115788
3472,0.96666557,0.72449,0.50895494,0.3955348,0.35038453,0.27778488,0.24193075,0.29255688,0.20154923,0.29224378,0.25398108,0.26691094
3473,0.14530328,0.16328968,0.120351866,0.1344859,0.17842862,0.16356558,0.17672767,0.2551516,0.232452,0.275963,0.2540523,0.2795779
3474,0.031075276,0.08830015,0.093467936,0.12832333,0.19313398,0.19624446,0.2122936,0.27460772,0.23066053,0.30479386,0.3169383,0.38277644
3475,0.0024525449,0.06220843,0.09253519,0.13337837,0.18579102,0.19112144,0.21893366,0.27501008,0.25509235,0.34920937,0.4040054,0.50495774
3476,0.10494881,0.13890654,0.16170846,0.17669696,0.19369064,0.19842482,0.22458422,0.28309494,0.30865678,0.44120103,0.5414399,0.6661632
3477,0.13144508,0.15408576,0.18923968,0.17847425,0.16526276,0.18423705,0.22272812,0.298272,0.40026963,0.58986735,0.73267317,0.8648659
3478,0.16315325,0.16773316,0.22407103,0.18322572,0.13648276,0.17925502,0.23573294,0.35210484,0.53689194,0.7976483,0.95715845,1.0557487
3479,0.20138747,0.17222309,0.2227264,0.19267623,0.12608668,0.19741428,0.31189632,0.49780017,0.75234056,1.0247005,1.1483101,1.1840928
3480,0.23103602,0.15577006,0.13932315,0.19513825,0.14515087,0.26102635,0.5061865,0.7662914,1.0477494,1.2071197,1.2419666,1.2075129
3481,0.36239803,0.23560515,0.12508522,0.2987169,0.26901492,0.48974514,0.85082716,1.1381311,1.3652614,1.319043,1.22516,1.0977802
3482,0.28412485,0.20224138,0.21171233,0.4934538,0.59903306,0.9947733,1.2907679,1.4217436,1.4891932,1.3731552,1.1654745,1.0035853
3483,0.37390345,0.33454198,0.5575239,0.72858876,0.9345473,1.2657354,1.3398801,1.3301158,1.2861336,1.3314376,1.2251973,1.1061687
3484,0.5354295,0.4601323,0.64236957,0.6812708,0.8987659,1.1172069,1.1822885,1.1420127,1.1526304,1.2411829,1.1541262,1.096146
3485,0.49801517,0.4920342,0.6638313,0.717928,0.9794115,1.1487083,1.1639528,1.0329752,1.0351942,1.1309836,1.0293428,1.0164613
3486,0.8087365,0.74773777,0.83728456,0.8493459,1.073346,1.161227,1.1392603,0.93920463,0.93138933,1.0153253,0.8967464,0.9013671
3487,0.48501998,0.61160755,0.61624026,0.6981125,0.85768294,0.8336479,0.8421105,0.72716624,0.65539336,0.71097296,0.61479294,0.6642726
3488,1.5918387,1.1907101,0.8800492,0.858402,0.8290963,0.8442856,0.8889251,0.90043014,0.777935,0.72510636,0.6971489,0.74056816
3489,1.6493865,1.1705182,0.8729822,0.79798967,0.82462114,0.8430416,0.85191333,0.9006858,0.78979707,0.742325,0.7334374,0.7734608
3490,0.745614,0.65543276,0.63273495,0.6215794,0.7243389,0.7833744,0.7110582,0.77816314,0.70418763,0.7190126,0.7676016,0.7993688
3491,1.1511396,0.9613434,0.91384804,0.8397744,0.92004657,0.88123256,0.86967224,0.89365155,0.8651918,0.8435675,0.8609668,0.8941489
3492,0.541688,0.6411187,0.70311135,0.6956733,0.78266907,0.7230779,0.7523132,0.7889479,0.781487,0.8178488,0.8489356,0.9205494
3493,0.43099725,0.5813806,0.64414626,0.65684265,0.72739816,0.6092858,0.6938648,0.73319095,0.7419889,0.82227874,0.84476244,0.9465724
3494,0.63190544,0.74040455,0.724016,0.69916636,0.7718787,0.60484326,0.709192,0.74589646,0.7826103,0.88056207,0.89861214,1.0261284
3495,1.0116835,1.0136764,0.91216046,0.80692595,0.8626397,0.71174884,0.79349774,0.85348326,0.9405544,1.0338972,1.0629097,1.1581142
3496,0.7500137,0.7929597,0.78509694,0.67357063,0.6984361,0.63310623,0.7518919,0.88557374,1.0279193,1.134684,1.2066323,1.2453058
3497,0.7968623,0.7733846,0.78092813,0.6797087,0.70870316,0.72929114,0.87468517,1.0286025,1.2000332,1.235278,1.3243095,1.2775569
3498,1.1126999,0.944547,0.92666894,0.85791886,0.8771704,0.96656984,1.1264621,1.2425823,1.4163452,1.335069,1.4072114,1.2671697
3499,0.7633865,0.75126296,0.9537012,0.91448915,0.91693383,1.0339926,1.2027488,1.2216253,1.4105396,1.3162158,1.3448753,1.2648315
3500,1.3692592,1.0744058,1.1655188,1.0938163,1.1253018,1.2610902,1.4172171,1.419991,1.5289756,1.3849511,1.4119596,1.2245835
3501,1.5947369,1.2147396,1.3416913,1.2385237,1.2693166,1.3928552,1.5184221,1.480423,1.5389241,1.4183383,1.3874797,1.1883683
3502,2.0714748,1.5112296,1.4843414,1.4107506,1.469807,1.5312041,1.6005715,1.5337813,1.4968815,1.3614746,1.2720509,1.03264
3503,1.7302811,1.4634708,1.5060265,1.5187699,1.6302811,1.6057231,1.6813858,1.5093269,1.3731902,1.1720843,0.9654207,0.8284931
3504,1.1078922,1.2421136,1.4338889,1.594183,1.6164995,1.5582203,1.5810233,1.3658185,1.2178462,1.0179242,0.7588066,0.6815726
3505,2.4384668,1.9316043,1.75786,1.7308358,1.7643872,1.5936347,1.5480946,1.3309083,1.161044,0.9211875,0.73151803,0.5596364
3506,1.8752723,1.6762123,1.6116233,1.6231201,1.5965132,1.4644396,1.3720433,1.2031481,0.98610294,0.76877844,0.5855557,0.47815627
3507,1.2625316,1.3983663,1.4365947,1.5188681,1.3954415,1.3,1.127812,0.99881774,0.811882,0.61301327,0.4443788,0.36831728
3508,1.4340122,1.5161524,1.4915593,1.4840991,1.3005329,1.182923,0.94669825,0.8134455,0.6518899,0.466972,0.33097398,0.26792747
3509,1.4146144,1.4706166,1.4233673,1.354615,1.1358098,1.0029325,0.75581574,0.6305033,0.49378097,0.35476306,0.26230568,0.20168558
3510,1.3343768,1.3477749,1.2827454,1.1653229,0.9441229,0.80015606,0.5875887,0.47611904,0.36868215,0.2833365,0.22484958,0.16967493
3511,2.0555024,1.659447,1.3635712,1.1550664,0.94129616,0.77846295,0.53526807,0.44665432,0.3217317,0.2950228,0.30070668,0.22425675
3512,0.52278984,0.6151605,0.6218194,0.58916295,0.48007792,0.40773478,0.29363382,0.26580897,0.2396404,0.2331809,0.24441755,0.20699155
3513,0.29620075,0.39848375,0.45151225,0.43557099,0.35934082,0.31613514,0.26200655,0.22821252,0.195176,0.22809792,0.23183142,0.25285253
3514,0.19527487,0.26679182,0.33719596,0.32287484,0.26187408,0.22315523,0.21862954,0.19227108,0.17906213,0.22583646,0.23380423,0.30022758
3515,0.21629153,0.24924135,0.31348395,0.2898993,0.2226182,0.19282117,0.20567645,0.18117684,0.19376045,0.24414112,0.25142744,0.34414437
3516,0.15668124,0.18671703,0.25802693,0.24430528,0.18113783,0.1745284,0.19963321,0.18029812,0.2213644,0.27087614,0.28596702,0.39540434
3517,0.13636409,0.16029614,0.23241788,0.22138473,0.15737818,0.17642908,0.20671117,0.1934863,0.25974312,0.3121995,0.34115422,0.4544284
3518,0.14547202,0.15772171,0.22763701,0.21445236,0.14921108,0.19439092,0.22644864,0.2238321,0.31152785,0.3691216,0.41649783,0.51416004
3519,0.19476974,0.18804395,0.25015023,0.22969317,0.16122906,0.22792844,0.26011932,0.2734456,0.37658566,0.43880427,0.49892065,0.5668751
3520,0.14477326,0.15600923,0.22928269,0.22284138,0.17473239,0.2594871,0.30268973,0.33496293,0.44921318,0.5216992,0.5926974,0.63175046
3521,0.13923386,0.16365404,0.23656395,0.23801896,0.20740877,0.299518,0.351609,0.40340847,0.51400894,0.58557236,0.65889937,0.6727603
3522,0.15052,0.18935965,0.2547565,0.261209,0.25464863,0.3470079,0.40856916,0.4789111,0.58191484,0.6453372,0.7104304,0.7067728
3523,0.21145403,0.25392202,0.30061942,0.3039024,0.31919795,0.41071308,0.4793033,0.56352425,0.6542521,0.69769824,0.7423242,0.7275829
3524,0.26005664,0.31078383,0.3497113,0.35248995,0.39668238,0.4867134,0.5608395,0.63980997,0.7158359,0.73658794,0.7537154,0.7422621
3525,0.23117317,0.31271103,0.38299996,0.4013833,0.4840626,0.57102585,0.645193,0.6889638,0.74472463,0.7502217,0.75276446,0.76013607
3526,0.21667972,0.32918823,0.44771945,0.48971912,0.59010166,0.67059183,0.7331339,0.72877467,0.7520549,0.74119735,0.7494917,0.77486545
3527,0.19186333,0.35163337,0.5276606,0.6094692,0.7056156,0.76717865,0.8125572,0.7618234,0.74757195,0.72794586,0.75185215,0.7943939
3528,0.1790774,0.39901364,0.6087341,0.738747,0.8093636,0.84556323,0.87794393,0.80971146,0.7760856,0.7525387,0.78369427,0.8293827
3529,0.6691246,0.7576888,0.8485608,0.9214162,0.9202562,0.9311875,0.9751539,0.9304059,0.9155638,0.862671,0.86509573,0.87737787
3530,1.4983088,1.2086244,1.0861976,1.0432117,0.9363064,0.9720714,1.0568255,1.0428251,1.0244229,0.9592453,0.96401215,0.9654475
3531,1.5989615,1.2238177,1.084528,1.0144906,0.9368807,1.0221677,1.0797447,1.0525255,1.0333982,0.9873419,0.9938172,0.99113226
3532,2.0089052,1.4820311,1.197851,1.0520893,1.0940009,1.0655414,1.0875192,1.2093177,1.1462572,1.1147815,1.0924317,1.100347
3533,2.188832,1.6419383,1.3196182,1.0885459,1.2301837,1.0656635,1.0778856,1.2508421,1.1762518,1.2174052,1.1328777,1.1363163
3534,2.259076,1.792503,1.4106071,1.13586,1.3209743,1.0810715,1.1039352,1.3048027,1.2331034,1.3133218,1.1728272,1.1765177
3535,1.4894613,1.5217716,1.1256607,0.96353173,1.2600701,1.1060954,1.0718259,1.2333167,1.2343035,1.2818973,1.2024894,1.2632415
3536,0.77466935,1.0973548,0.86098146,0.83426464,1.1211936,1.0475779,0.9650959,1.099725,1.1565552,1.268274,1.2019736,1.2771807
3537,1.6554221,1.5984744,1.2794571,1.147926,1.3680722,1.2841626,1.2361518,1.2970395,1.3783916,1.3882202,1.305555,1.283812
3538,1.0836569,1.2419564,1.1754253,1.1203003,1.3215207,1.3076795,1.2270962,1.2213736,1.2809306,1.2787203,1.1620955,1.1350049
3539,0.6972084,0.89312816,1.0325305,1.0808289,1.1989769,1.259404,1.1637098,1.1703658,1.1649916,1.1915777,1.0933582,1.0264299
3540,0.48968858,0.65878296,0.8631508,0.96434814,1.0466673,1.1256421,1.0288075,1.0722802,1.0242075,1.1170095,1.0597377,0.9991985
3541,0.8645205,0.8746035,0.9374818,0.97283304,1.0740086,1.1234491,1.0224771,1.085295,1.0456754,1.1086078,1.0589534,0.98678386
3542,0.5228686,0.6194646,0.77044255,0.81477493,0.9101989,0.9863383,0.8842097,0.9472443,0.9108857,1.0112821,1.0104572,0.99176955
3543,0.46445698,0.551879,0.7101335,0.7608608,0.846551,0.9300471,0.8403416,0.8915132,0.8760004,0.9456661,0.9920213,0.9856742
3544,0.55286324,0.629728,0.78341174,0.84988284,0.91860765,0.97637516,0.8958332,0.89824575,0.9086993,0.8982233,0.95606494,0.95003396
3545,0.7557613,0.80431926,0.9485257,1.0070328,1.0480433,1.0477703,0.966858,0.9034098,0.930316,0.8558632,0.89375246,0.89082104
3546,0.87022036,0.9237992,1.081974,1.1138761,1.1207211,1.0533187,0.9737916,0.8731033,0.893258,0.83276045,0.8184072,0.82441777
3547,0.85413164,0.949035,1.1351092,1.1399204,1.1116838,1.0018417,0.926912,0.83777875,0.8358406,0.82345295,0.75975895,0.7656545
3548,1.2391381,1.1720397,1.2171817,1.127928,1.0757109,0.9495042,0.89022726,0.86054474,0.8211937,0.81446946,0.7180195,0.68581945
3549,1.0692666,1.0705684,1.0995896,1.0141426,0.99595416,0.8764237,0.82129043,0.81652534,0.7445884,0.75556624,0.62073946,0.5591692
3550,0.9599511,1.0070856,1.011667,0.952083,0.9387106,0.83470404,0.7756919,0.77141464,0.68372303,0.65548337,0.52087224,0.42230338
3551,0.99859244,1.0239099,1.0043049,0.9397547,0.8964162,0.788819,0.7134075,0.67837095,0.5900142,0.5216571,0.41672212,0.2963726
3552,1.0151637,1.0168219,0.9885701,0.89838755,0.8243449,0.7126262,0.62272894,0.5601425,0.4882498,0.41181302,0.340321,0.22178759
3553,1.017651,0.9756387,0.933087,0.80365694,0.70610946,0.59664214,0.5045747,0.4228284,0.37873748,0.31340337,0.27577597,0.17510901
3554,0.9646,0.88667244,0.81980103,0.662024,0.56582016,0.47187328,0.39479154,0.31288207,0.2924942,0.24942788,0.2340358,0.16523977
3555,1.0884283,0.9071745,0.78874373,0.5970204,0.49277788,0.416862,0.34152782,0.26255843,0.24604067,0.22885737,0.22616851,0.1789067
3556,0.8797613,0.7348869,0.61670244,0.44367108,0.37029552,0.32225388,0.26214522,0.21508247,0.20410717,0.20612328,0.21426027,0.17975718
3557,0.79330325,0.655555,0.5327096,0.3792699,0.31428626,0.2860492,0.23113501,0.20373571,0.18415761,0.2066083,0.21143638,0.19338457
3558,0.778697,0.62882346,0.4918366,0.3510269,0.28821123,0.267576,0.21182354,0.20568039,0.1726043,0.21358865,0.21365713,0.20455477
3559,0.62507653,0.5178165,0.3885917,0.28894374,0.24989414,0.23877871,0.18522164,0.21575807,0.1735664,0.22703722,0.22660439,0.2255919
3560,1.0904653,0.8047649,0.56398606,0.424617,0.3345937,0.31022677,0.21917109,0.25127205,0.17490512,0.27033827,0.2701587,0.28731242
3561,1.2328923,0.8710346,0.54164815,0.4186406,0.32160226,0.28860238,0.21744354,0.2815317,0.20653415,0.28232414,0.29372576,0.3137181
3562,1.4918405,1.0123322,0.56989026,0.47973487,0.3743782,0.3025416,0.33845922,0.39727944,0.294744,0.32172516,0.27760145,0.31230566
3563,0.4307601,0.36054784,0.19655044,0.20102172,0.19018753,0.1866748,0.23708995,0.30443117,0.36927944,0.3456758,0.32029867,0.36679143
3564,0.16996747,0.21739745,0.124433726,0.16473526,0.1905062,0.21364248,0.25250515,0.343198,0.34667903,0.34468615,0.34147123,0.4102902
3565,0.037968777,0.13577726,0.0801589,0.14689241,0.17419127,0.20506114,0.253438,0.35516185,0.3474481,0.3618384,0.39816236,0.49359724
3566,0.08209182,0.18029083,0.1212554,0.18203676,0.18028057,0.2097458,0.25913858,0.36687165,0.37532353,0.43429068,0.5122148,0.62728333
3567,0.16162449,0.23911114,0.17523104,0.21247408,0.17239057,0.21116067,0.2665178,0.38488942,0.4466393,0.56735873,0.6837436,0.80698067
3568,0.23884842,0.27909377,0.22067414,0.22535807,0.15400115,0.21714528,0.28732216,0.4305408,0.5686435,0.7623918,0.8966857,1.0038617
3569,0.29678607,0.28569922,0.23380536,0.22991073,0.15193102,0.25400078,0.3607034,0.55081916,0.7646462,1.0065491,1.1123236,1.168433
3570,0.3277741,0.25703797,0.17540348,0.23096094,0.20114377,0.37498182,0.55296785,0.8182175,1.0536466,1.2534983,1.2544055,1.2216932
3571,0.30802345,0.21630292,0.15758152,0.33081868,0.3877567,0.70372075,0.9005572,1.1800201,1.3172183,1.4162401,1.2730798,1.1259887
3572,0.13328758,0.20553237,0.32698625,0.60186267,0.74113274,1.1175013,1.1606632,1.2686543,1.2556833,1.336283,1.2120456,1.0638471
3573,0.0896175,0.34428725,0.5315691,0.79710025,0.9651111,1.239667,1.1438873,1.1366705,1.0471933,1.1398635,1.1179748,1.0281024
3574,0.2782933,0.5653242,0.75231445,0.88469005,0.9852724,1.0873342,0.9471871,0.9341268,0.8655937,1.0282545,1.0554961,1.0374987
3575,0.47653675,0.6914155,0.8484784,0.8289529,0.85287637,0.8176868,0.7280062,0.7651485,0.7818223,1.0053391,1.0224094,1.0843763
3576,0.51959854,0.6934946,0.8219132,0.74397194,0.7684159,0.6956302,0.66696167,0.74899024,0.8217406,1.0631804,1.0577091,1.1481495
3577,0.61293846,0.7286831,0.82681185,0.7125851,0.7647793,0.721249,0.7105357,0.8076403,0.9057237,1.1317062,1.1169448,1.1902679
3578,0.5937344,0.69461304,0.8082614,0.69725436,0.80450577,0.8025705,0.79281,0.8592945,0.9589814,1.1666464,1.1612196,1.2231197
3579,0.48293078,0.6517394,0.8033823,0.74789524,0.87957275,0.8808569,0.87841064,0.90570533,1.0088089,1.1791304,1.1802012,1.2253442
3580,0.6080907,0.76009744,0.886902,0.84679556,0.9373481,0.91012156,0.9453377,0.9547428,1.0703573,1.165146,1.1722454,1.1910754
3581,0.57089746,0.7636212,0.8664593,0.86969686,0.936066,0.88719606,0.96502084,0.9751908,1.0831703,1.1278894,1.1179487,1.1258788
3582,0.5839407,0.8003057,0.84108216,0.88884807,0.8994237,0.8640808,0.942441,0.990053,1.0582787,1.038211,1.0399449,1.0390098
3583,0.7179207,0.904016,0.8640645,0.9100332,0.8742511,0.8767708,0.9144232,0.9787708,1.0323943,0.9617655,1.0170869,1.0290595
3584,0.7447261,0.92208725,0.8621156,0.90000945,0.88531595,0.91651684,0.90070975,0.9304301,0.9900764,0.9162265,1.0081584,1.0376022
3585,0.80933154,0.8728251,0.83852077,0.8616202,0.8793853,0.9458967,0.87807125,0.8062548,0.93714035,0.9142698,1.0540686,1.1444048
3586,0.9072953,0.9064356,0.89057314,0.86762726,0.9208687,0.9953111,0.90653974,0.81629145,0.997764,1.0609124,1.2066925,1.3171715
3587,1.0192063,1.0173265,0.9667702,0.8983382,0.9741373,1.0719656,0.9670827,0.9330181,1.1593798,1.2776648,1.3989524,1.4564332
3588,0.9957882,1.0387906,0.9583636,0.9027857,0.9999967,1.11109,1.0234761,1.0500464,1.281465,1.4062544,1.5007678,1.5076902
3589,0.9654814,1.015663,0.90887177,0.9057487,1.0184867,1.1975784,1.153594,1.3248477,1.5373378,1.6337731,1.7110907,1.5922558
3590,0.94737285,1.0328213,0.9235879,0.95925903,1.1083088,1.2966976,1.2838894,1.4650154,1.614759,1.666003,1.6922152,1.5283207
3591,0.87658185,1.0157961,0.93943864,1.0067322,1.1903191,1.3772321,1.3877647,1.5580218,1.645263,1.6571633,1.6382948,1.461869
3592,0.8365191,1.0203713,0.9849386,1.0676701,1.2847191,1.4610102,1.4849985,1.6273072,1.6569602,1.6294888,1.5683347,1.386084
3593,0.8273881,1.0549673,1.0713501,1.1517063,1.3922085,1.5474055,1.5694221,1.6618342,1.6467073,1.579615,1.4822161,1.302783
3594,1.501249,1.4560393,1.3712695,1.314563,1.5544007,1.6449097,1.6634642,1.6963186,1.6236815,1.5373149,1.40682,1.1888628
3595,1.7303351,1.5919434,1.5521502,1.4309684,1.6027101,1.6370376,1.6405045,1.6120672,1.5309864,1.4601735,1.2975599,1.0781276
3596,1.7284045,1.6125914,1.6452408,1.5233872,1.6328303,1.6152377,1.6105179,1.503473,1.4363171,1.3369889,1.1430765,0.9399813
3597,2.3714008,1.901875,1.690429,1.614481,1.7316126,1.6569122,1.5777545,1.4120307,1.3330123,1.1449258,1.0086992,0.7648934
3598,1.808294,1.655346,1.6233909,1.6058042,1.686076,1.6114349,1.5389367,1.272177,1.1836208,0.9624057,0.7782165,0.65045345
3599,1.4631283,1.5086317,1.5744042,1.5924886,1.5823894,1.4999379,1.4108189,1.1488035,1.0576324,0.82395875,0.6145011,0.5271791
3600,1.1873707,1.3934655,1.4766428,1.5172187,1.4348991,1.3448654,1.1841788,0.97013605,0.88227534,0.68446517,0.48183185,0.40054336
3601,1.378887,1.5095985,1.490489,1.4541259,1.3273145,1.2005931,0.99857306,0.8209787,0.7344867,0.5533638,0.37768024,0.31053293
3602,1.3122562,1.4452515,1.3947458,1.3252932,1.1563511,1.0272245,0.80187994,0.6729211,0.5835178,0.4464422,0.3023196,0.236144
3603,1.9530689,1.7120856,1.4898639,1.3150156,1.1152735,0.97833264,0.6896435,0.5959414,0.48285803,0.39695236,0.34054494,0.24810489
3604,1.2574896,1.2296243,1.1415162,1.0078392,0.81907743,0.7170299,0.5034482,0.43934542,0.36019796,0.30629376,0.27035394,0.1919449
3605,1.1989775,1.1142141,1.0276209,0.8619847,0.68432015,0.57986933,0.43210393,0.3523746,0.29732677,0.26486343,0.23003829,0.18612707
3606,1.1740187,1.0103248,0.9079285,0.7100315,0.5617313,0.45029765,0.35557464,0.27876693,0.24416348,0.24191594,0.21401742,0.1884683
3607,0.98777264,0.8241061,0.7455201,0.5538434,0.44705445,0.33936316,0.2930575,0.22938105,0.21619554,0.23906127,0.20714518,0.19476096
3608,0.89247656,0.7074694,0.63866425,0.45132664,0.3750695,0.27218598,0.2584577,0.20450127,0.20217183,0.25091574,0.2081559,0.20972411
3609,0.83534956,0.6363,0.5675459,0.39279455,0.335684,0.23735261,0.24095836,0.20204239,0.1966228,0.26090285,0.20944783,0.21712749
3610,0.55073506,0.43453652,0.40753132,0.29874727,0.27631432,0.20192082,0.22448485,0.21382725,0.1975161,0.25953063,0.20810334,0.22525044
3611,0.34515464,0.29344064,0.30050045,0.24623284,0.24033748,0.19483113,0.2217635,0.22486149,0.1953788,0.2590354,0.21674863,0.25454062
3612,0.28892398,0.25259295,0.2723347,0.2403321,0.23179966,0.20139028,0.22603825,0.22882017,0.19483665,0.25928524,0.225494,0.28020933
3613,0.28785932,0.24759282,0.26722318,0.2448022,0.23012507,0.21123026,0.2306959,0.23087312,0.2023561,0.26482427,0.23807734,0.30517006
3614,0.34855482,0.28643474,0.2912904,0.26678103,0.24498747,0.2326969,0.24207434,0.23951128,0.22057691,0.28370872,0.26106614,0.3349226
3615,0.24729837,0.20869473,0.22966208,0.23272094,0.2257264,0.23049511,0.24726683,0.24695063,0.24353725,0.29990643,0.29500476,0.38421422
3616,0.17448056,0.15438539,0.19440454,0.21521707,0.21724209,0.23750477,0.25989887,0.257808,0.2685,0.32835203,0.34921652,0.45631802
3617,0.16478759,0.14974022,0.20025074,0.22126251,0.22066224,0.24998108,0.27264565,0.27258143,0.3017022,0.37550837,0.42552924,0.54234314
3618,0.2157175,0.19480133,0.24542284,0.25003806,0.23557927,0.27041757,0.28641096,0.29873523,0.35148585,0.44840127,0.5246004,0.6344087
3619,0.22517549,0.21351239,0.2739416,0.2649607,0.24301907,0.2863697,0.3025801,0.34080148,0.42262316,0.5467875,0.6420774,0.7306118
3620,0.19889237,0.2091322,0.2850766,0.2689592,0.24936035,0.30244645,0.33054405,0.40608913,0.51210046,0.65844774,0.7592058,0.8182318
3621,0.21955553,0.24002886,0.3104138,0.28929338,0.27455533,0.33780402,0.39095068,0.51546115,0.63549024,0.7790456,0.86242247,0.88733286
3622,0.26344472,0.28572986,0.3388758,0.3259536,0.33558232,0.41134876,0.50246143,0.6570922,0.7689407,0.8677169,0.90805554,0.90272146
3623,0.35374516,0.370076,0.4223452,0.41097024,0.46149004,0.54138607,0.63390505,0.76621383,0.82297397,0.8686166,0.86894345,0.8428225
3624,0.36394477,0.40374416,0.4973112,0.48448035,0.5882395,0.63804555,0.70262897,0.7868409,0.7767378,0.8199127,0.8085592,0.7907533
3625,0.45430565,0.50206834,0.6038058,0.59260774,0.7147237,0.7270532,0.76348853,0.82023,0.7648821,0.81428766,0.7884656,0.7771906
3626,0.47278583,0.57375467,0.66569203,0.6822189,0.8210927,0.78186595,0.8011135,0.838516,0.7719468,0.8394679,0.7886754,0.79360604
3627,0.41573608,0.6236086,0.6814946,0.7487664,0.8906128,0.81108373,0.8267398,0.86871296,0.8271756,0.9009783,0.8275634,0.8446595
3628,0.5392007,0.7441342,0.7338035,0.81040496,0.9155423,0.8317424,0.8539896,0.9188227,0.9140929,0.96590424,0.8898846,0.90418
3629,0.5433912,0.7540809,0.7220059,0.8072795,0.85394305,0.8018763,0.8297954,0.91061,0.9539597,0.9804841,0.9441383,0.97345674
3630,0.37936032,0.60731727,0.6400157,0.7339559,0.7208328,0.74144423,0.75616086,0.82978594,0.9188684,0.93784654,0.99465334,1.0535315
3631,0.44411826,0.59264904,0.6966399,0.7342646,0.6916079,0.76873374,0.7620818,0.7841989,0.91217315,0.95437694,1.0784779,1.1649172
3632,0.7458984,0.7824696,0.87314993,0.82004786,0.80166346,0.90542185,0.8655156,0.82741344,0.9908118,1.0731288,1.195818,1.2883855
3633,1.1834935,1.0763117,1.0472437,0.9165175,0.9650955,1.1069908,1.0246416,0.974651,1.1719906,1.3021443,1.3643093,1.3988569
3634,1.2742141,1.132586,1.0388646,0.914036,1.0013534,1.223918,1.1336912,1.1744943,1.3714969,1.5467943,1.561869,1.5006702
3635,0.80670583,0.8950199,0.88955873,0.89807814,1.0073309,1.3020618,1.2233603,1.3427196,1.5150707,1.6540298,1.6907425,1.5911326
3636,0.76463073,0.8932435,0.9080472,1.0049868,1.1249267,1.4183425,1.3633965,1.5039041,1.6415625,1.6926723,1.742573,1.5928712
3637,0.80358845,0.93471646,1.0086491,1.153451,1.2644035,1.5368336,1.4992927,1.6236486,1.6839656,1.6562576,1.7123873,1.5173366
3638,2.1100342,1.6149784,1.377069,1.3777753,1.4682417,1.6568332,1.6867387,1.751683,1.7362902,1.6373553,1.6359326,1.4149555
3639,1.8569062,1.5952384,1.4424131,1.4997514,1.6128697,1.7101531,1.725652,1.6697919,1.5640891,1.4214976,1.3700743,1.2723933
3640,1.8733085,1.6809359,1.5843141,1.6449249,1.7226171,1.725153,1.7347091,1.6008503,1.4517605,1.2428393,1.1933949,1.1562257
3641,0.70239,1.1037762,1.3152497,1.592349,1.6057464,1.6095628,1.5114932,1.3938975,1.240284,1.0897063,1.0456388,1.0206816
3642,1.2688789,1.4374772,1.5294805,1.670599,1.6422495,1.558212,1.4543561,1.3118339,1.196791,1.0582814,1.0302546,0.9832419
3643,2.040039,1.8310746,1.7562451,1.7013237,1.619973,1.4441423,1.3559036,1.1808591,1.1094277,1.023845,0.9918355,0.93669945
3644,1.2337468,1.3738408,1.4787793,1.519684,1.391175,1.2507801,1.189786,1.0252945,0.97942317,0.936308,0.8588495,0.80705756
3645,0.901751,1.1548104,1.2746263,1.3406656,1.2131766,1.1070031,1.0155065,0.8954843,0.86155725,0.8514476,0.7388473,0.6779789
3646,0.84729916,1.0999683,1.1610394,1.2032598,1.0918161,1.0000699,0.8742719,0.78852296,0.7625351,0.7537602,0.63995516,0.5745768
3647,0.8827079,1.0892694,1.0892155,1.0875165,0.977004,0.88575673,0.75266594,0.69592273,0.67369205,0.6616713,0.54863155,0.49084136
3648,0.87649566,1.041361,1.0074501,0.9797785,0.87031865,0.7854427,0.6582867,0.6215339,0.59794104,0.58232796,0.46868676,0.4191621
3649,0.9853399,1.0585043,0.98625284,0.9219494,0.80775505,0.7188764,0.60128474,0.56606317,0.53894305,0.5143223,0.40500236,0.35641164
3650,1.6865436,1.3659381,1.118223,0.9886469,0.84180945,0.7503968,0.59848994,0.5752555,0.50387555,0.47902304,0.4283384,0.32012528
3651,0.9394535,0.88472325,0.8129581,0.73876274,0.6398374,0.56833565,0.4621645,0.43223345,0.39941213,0.37641895,0.32725546,0.24699798
3652,1.0774938,0.9199201,0.83137345,0.7113472,0.5963238,0.52291906,0.45232832,0.38518393,0.35227036,0.32472572,0.27627212,0.22232309
3653,0.9826412,0.80955315,0.7297447,0.5912683,0.49749714,0.41795307,0.38052976,0.31644464,0.29175797,0.27947474,0.23695767,0.20039105
3654,0.9095237,0.72434056,0.6454414,0.50044954,0.4266026,0.3485218,0.33245116,0.27646133,0.2549086,0.26214483,0.21787821,0.19524659
3655,0.8131624,0.639096,0.56383127,0.42747542,0.37185848,0.29886067,0.29523253,0.25450274,0.23085374,0.2540228,0.20694932,0.1939578
3656,0.7681526,0.5969461,0.5141362,0.38715735,0.34159833,0.27401644,0.2720755,0.24746965,0.21441136,0.2515774,0.202133,0.19541815
3657,0.7025952,0.54774964,0.459027,0.3498373,0.315269,0.2553557,0.25079942,0.24679825,0.20243578,0.25012633,0.20089233,0.19801635
3658,0.53561836,0.43707472,0.36709198,0.29511872,0.2801684,0.23400612,0.23144507,0.24793506,0.19752027,0.248649,0.20393667,0.2098664
3659,0.2548744,0.24512663,0.2251452,0.21440175,0.2283527,0.20734406,0.21551569,0.2469389,0.1956757,0.24231237,0.21591926,0.24735351
3660,0.22240183,0.2209335,0.21498242,0.21835914,0.23194557,0.21687557,0.2227652,0.24950321,0.19738024,0.25372273,0.23915873,0.2944392
3661,0.13813317,0.15278858,0.1692785,0.19453475,0.212859,0.20890445,0.22188564,0.24697201,0.21205708,0.26858205,0.27546903,0.35744464
3662,0.05316501,0.08275393,0.12695318,0.16958842,0.19282,0.20284788,0.22696781,0.24871805,0.24089734,0.30699623,0.34962764,0.46460587
3663,0.052556206,0.079274744,0.13732238,0.17247327,0.18182766,0.20108148,0.22859278,0.24815668,0.26996702,0.35616797,0.42946377,0.5643209
3664,0.10399723,0.11806795,0.17536315,0.19093795,0.17895192,0.20541444,0.2287109,0.25203884,0.30043525,0.40290034,0.4904995,0.624864
3665,0.12633364,0.13642126,0.19356799,0.1977397,0.1754858,0.2106525,0.23513415,0.26788247,0.3398137,0.45134276,0.5458809,0.66871095
3666,0.09826735,0.12064639,0.19350533,0.19131243,0.16915943,0.21659765,0.24944597,0.30245632,0.40140852,0.53235376,0.6428181,0.74493194
3667,0.09795468,0.12588671,0.20621425,0.1964756,0.17411678,0.23225544,0.27641183,0.35959637,0.4793497,0.62181187,0.74201536,0.81479454
3668,0.11799372,0.14236395,0.21524706,0.2055766,0.1901653,0.25606635,0.32481658,0.44119835,0.57420146,0.70260704,0.8190919,0.8637113
3669,0.18308216,0.18592107,0.23401365,0.22846168,0.22266762,0.30137423,0.4101644,0.5607492,0.6985887,0.7830018,0.87956965,0.8952264
3670,0.27704024,0.25166965,0.27289236,0.27638575,0.2851357,0.3884354,0.5391919,0.7042072,0.8345356,0.8546866,0.9094845,0.8966574
3671,0.2546559,0.24502671,0.2870078,0.31779146,0.37131995,0.5034334,0.68003196,0.81062675,0.9230375,0.89716005,0.90654194,0.88848966
3672,0.23902439,0.26094615,0.33441922,0.39379108,0.48810327,0.65144,0.81305933,0.8772174,0.9534639,0.89229834,0.86882913,0.85544026
3673,0.29884008,0.34066206,0.43407255,0.5103283,0.62014216,0.7982571,0.9143602,0.89705974,0.9323331,0.84575605,0.7978102,0.7980069
3674,0.2698636,0.3677418,0.512627,0.62092125,0.7429131,0.9029142,0.95966095,0.85347086,0.85059583,0.7778796,0.7195925,0.7479737
3675,0.21741559,0.3941036,0.5715432,0.71783304,0.83200437,0.9630622,0.96131766,0.807922,0.7794039,0.73257804,0.674499,0.71112466
3676,0.32078075,0.515017,0.6505545,0.7982537,0.8762806,0.9879275,0.9539583,0.80417234,0.7707845,0.7199365,0.6664342,0.6936196
3677,0.26147273,0.5158237,0.6374967,0.80486375,0.8298021,0.9403641,0.88298357,0.76557577,0.73310745,0.68603194,0.65758157,0.7031346
3678,0.19764563,0.5531458,0.6353722,0.8045523,0.75208026,0.8168701,0.750258,0.700944,0.6664574,0.627929,0.650941,0.74708706
3679,0.27187306,0.72670174,0.7498233,0.8608519,0.791605,0.7864622,0.70542276,0.68534887,0.6661376,0.631691,0.7097944,0.83087325
3680,0.32228816,0.7253552,0.7871384,0.83633894,0.73037493,0.7375101,0.6579924,0.6445564,0.65347993,0.65827274,0.8161297,0.9570359
3681,0.40554667,0.6572308,0.7437124,0.71739423,0.6176238,0.64925617,0.5930392,0.56138414,0.6173111,0.69298244,0.8946737,1.0942862
3682,0.84325135,0.84273356,0.83148503,0.7156256,0.64930534,0.6865422,0.66075027,0.6362208,0.76241755,0.89855146,1.0852584,1.288739
3683,0.7110142,0.7337861,0.7418006,0.6949482,0.6442799,0.7240659,0.73515415,0.7548687,0.9349307,1.0974197,1.2752215,1.416856
3684,0.9800913,0.882648,0.79409397,0.79536796,0.75838864,0.8845394,0.93681216,1.0343047,1.2768686,1.4129882,1.5236222,1.529817
3685,1.6364473,1.1090305,0.8687494,0.8172103,0.7570176,1.006105,1.166812,1.4012651,1.6501815,1.7746861,1.7365825,1.5830128
3686,0.40905553,0.57367355,0.63265187,0.83152795,0.9502232,1.2909032,1.3479923,1.4935296,1.6542875,1.7382631,1.6520753,1.5487618
3687,0.35485458,0.57267493,0.7349447,1.0418744,1.1919966,1.5079142,1.5465047,1.6400673,1.6911578,1.6301843,1.5244045,1.3621314
3688,0.2565208,0.5768891,0.8731182,1.2148517,1.3786645,1.6256719,1.6067727,1.6254654,1.5585508,1.458618,1.338677,1.1793873
3689,1.8214248,1.4934716,1.4329002,1.4718966,1.6897835,1.7851851,1.8015665,1.6970711,1.5550908,1.3330175,1.1992062,1.0225823
3690,1.1427021,1.2686154,1.4704871,1.5911732,1.7465147,1.7242565,1.6518755,1.447582,1.2932892,1.1251965,0.9407512,0.83063143
3691,1.633034,1.5852838,1.6647761,1.6560428,1.7278122,1.6132098,1.5384363,1.3137558,1.1804816,1.0377753,0.86148083,0.74766123
3692,0.8926016,1.2285519,1.4652627,1.575941,1.5237234,1.4188443,1.2862017,1.0746825,0.9693183,0.90302265,0.7214433,0.65304136
3693,0.82962537,1.1998192,1.3825104,1.4694619,1.3562611,1.2313944,1.0629647,0.9073039,0.8161528,0.8084626,0.6392309,0.59792304
3694,0.96823746,1.2687428,1.344203,1.3495743,1.2093022,1.0539744,0.8870165,0.7893524,0.72086966,0.73946106,0.57332706,0.5622381
3695,1.0861553,1.2926832,1.2678173,1.2002295,1.070422,0.9101962,0.7659593,0.71163464,0.66645396,0.6804806,0.52558136,0.53517914
3696,1.304644,1.3445008,1.2078676,1.0747566,0.9684541,0.8171158,0.70467675,0.6737673,0.64117205,0.63787234,0.51102686,0.51167727
3697,1.5942224,1.3886328,1.1535189,1.002543,0.9082652,0.799252,0.67610025,0.67157614,0.62109554,0.6098046,0.5459473,0.48070553
3698,1.1140456,1.0833305,0.9749393,0.8802538,0.8091971,0.74412453,0.6252449,0.6129415,0.5644697,0.5285252,0.45926058,0.3709461
3699,1.0856675,1.034462,0.9618443,0.8661115,0.7636043,0.71722436,0.6028178,0.55810976,0.50892055,0.44233853,0.37397727,0.28567117
3700,1.1242598,1.0160781,0.9510648,0.8241946,0.69905484,0.64459884,0.532624,0.46477848,0.41522217,0.352351,0.30002946,0.21959752
3701,1.0992502,0.94596565,0.87923825,0.72475517,0.60264975,0.53824526,0.44725353,0.37245414,0.3298225,0.28683567,0.2506441,0.1853297
3702,1.0915034,0.8838238,0.7974076,0.6210195,0.5137743,0.44315523,0.3778584,0.30760685,0.27040872,0.25340742,0.22563484,0.17713359
3703,0.95833755,0.7566146,0.6703379,0.5010159,0.42133623,0.353289,0.3151443,0.2641264,0.23182349,0.23781367,0.21043853,0.17484581
3704,0.8906922,0.68621135,0.58874714,0.43114546,0.36853245,0.3044353,0.28007028,0.24920616,0.20998673,0.2371307,0.2048158,0.18028244
3705,0.97386557,0.7207363,0.5759522,0.41957164,0.3580091,0.2922331,0.26305336,0.255518,0.1961512,0.24326262,0.2097144,0.19101083
3706,0.84216577,0.6304127,0.4822657,0.35834634,0.31661317,0.2569327,0.23343565,0.2585314,0.19278598,0.24465889,0.21191752,0.19511351
3707,0.5406827,0.43888158,0.3473276,0.27607322,0.26723617,0.22582917,0.21498628,0.25828132,0.19599354,0.24643382,0.21245913,0.20359913
3708,0.43172097,0.37339145,0.3085389,0.26358926,0.26677474,0.23327005,0.22325641,0.27027884,0.19694802,0.25609198,0.22336088,0.23050931
3709,0.41223913,0.3609224,0.30678657,0.27082515,0.27292353,0.24031591,0.22878811,0.2731944,0.1991495,0.26305854,0.23413585,0.2533585
3710,0.4203794,0.36259535,0.31271887,0.2781424,0.27454257,0.24351197,0.22968625,0.26759392,0.20106465,0.26697066,0.24080878,0.2693529
3711,0.3665663,0.318496,0.28221095,0.2599432,0.2588787,0.23537853,0.2252504,0.25901666,0.20529515,0.26845652,0.24913864,0.290278
3712,0.31333125,0.27482632,0.25339395,0.24435543,0.24726921,0.23160803,0.22576578,0.25441054,0.21396177,0.27634078,0.26702982,0.3246416
3713,0.30618474,0.2637838,0.24862388,0.24440135,0.2448825,0.23321822,0.22963077,0.25155488,0.22515948,0.2882362,0.2865962,0.3585804
3714,0.31822813,0.2660575,0.2489762,0.24614608,0.2409944,0.23254742,0.2320433,0.24710283,0.23363185,0.29239836,0.292897,0.3731493
3715,0.33275712,0.27162275,0.25036386,0.24995121,0.24221693,0.23723812,0.24020356,0.24881014,0.24482507,0.29629406,0.2987259,0.38288194
3716,0.361027,0.28945976,0.2625745,0.2628482,0.2540918,0.24993594,0.25408632,0.25834045,0.26165152,0.30917954,0.31377375,0.40021247
3717,0.41024405,0.32460833,0.2897176,0.2877049,0.27701575,0.26937214,0.27258074,0.27593464,0.28829408,0.33791938,0.34500936,0.43403122
3718,0.37836272,0.30381393,0.27616763,0.28655794,0.2865219,0.27740914,0.28983152,0.2974015,0.32267404,0.37407708,0.39264417,0.48948938
3719,0.36309004,0.29738837,0.27809432,0.29671448,0.30267376,0.29124194,0.31265977,0.32394516,0.359954,0.41926682,0.45215726,0.55746406
3720,0.3644539,0.3047102,0.2935722,0.31668654,0.32449794,0.31115174,0.3428181,0.3607427,0.40856868,0.48151553,0.53008056,0.6400542
3721,0.4679783,0.38689673,0.37075144,0.3838517,0.37551135,0.36273372,0.39552152,0.4248881,0.4806553,0.57335603,0.6317005,0.73078966
3722,0.4949931,0.4127589,0.40764216,0.42730257,0.4224668,0.41676715,0.46301144,0.5090729,0.57413125,0.6780275,0.7408888,0.8223921
3723,0.45590115,0.39405182,0.42036897,0.45739707,0.4790541,0.48188484,0.546136,0.6087868,0.67718744,0.78635335,0.85205173,0.9158993
3724,0.6012947,0.500595,0.5383636,0.56898236,0.5888843,0.60192865,0.6629263,0.7376403,0.8011339,0.903756,0.96317625,0.99405175
3725,0.5853872,0.5083395,0.589242,0.6286342,0.69087565,0.7113019,0.7651791,0.82908714,0.9014814,0.9809803,1.033678,1.0437894
3726,0.49375832,0.50175744,0.62340295,0.6754125,0.77794415,0.7935044,0.81786186,0.8544109,0.935946,0.99540555,1.0600728,1.0803242
3727,0.571314,0.6322438,0.74378437,0.7809473,0.85897714,0.8527391,0.8336025,0.84882563,0.9377451,1.0008389,1.0926919,1.1429329
3728,0.6710475,0.7873161,0.85490954,0.86071044,0.88900065,0.8514826,0.8104801,0.84994316,0.9713992,1.0776298,1.1972265,1.2855389
3729,0.81573206,0.96277297,0.97581047,1.0052338,0.99629396,0.9324165,0.9206509,0.984881,1.1064905,1.2259724,1.2798198,1.3557612
3730,1.2838054,1.2464694,1.1631863,1.1696808,1.1025805,1.0675129,1.0672497,1.1168437,1.2534677,1.3319622,1.3447908,1.4078844
3731,0.98542166,1.093073,1.0541455,1.1111917,1.0928817,1.069339,1.0996559,1.1603394,1.2622185,1.3428025,1.3447243,1.4212108
3732,1.7500232,1.4131244,1.2424288,1.2291255,1.1561918,1.2744168,1.2684798,1.3446867,1.3907658,1.4494101,1.4407657,1.4380777
3733,2.0207968,1.4256495,1.180588,1.2144479,1.1674362,1.3387847,1.4195925,1.5969689,1.5578527,1.6170955,1.5276191,1.4034618
3734,0.9315674,1.0119838,0.9663651,1.1363084,1.264195,1.4557066,1.4718719,1.6244538,1.5618726,1.5968242,1.5342807,1.5055459
3735,0.88948315,1.0492158,1.0888133,1.2997202,1.4261501,1.5794735,1.5968332,1.6994402,1.6277176,1.5812024,1.5282289,1.473754
3736,1.6785547,1.5585225,1.5125809,1.5705462,1.6926858,1.7876335,1.8092061,1.796885,1.7234211,1.5941149,1.5169358,1.4538426
3737,1.8288984,1.6612685,1.6456797,1.6645843,1.7718453,1.8407482,1.8715014,1.7635069,1.7081453,1.5507861,1.4564537,1.3810327
3738,1.8044606,1.6811608,1.7308295,1.7408745,1.8182803,1.8568269,1.8625164,1.6796124,1.6284127,1.4387265,1.3516966,1.2669394
3739,1.7493727,1.6777256,1.7740273,1.7864556,1.8482494,1.8434994,1.811612,1.5747299,1.5173998,1.2930166,1.2202376,1.1351095
3740,2.0072417,1.8361443,1.8633304,1.8230276,1.8140465,1.712975,1.6465617,1.4002352,1.3539131,1.1471053,1.112593,1.0411094
3741,1.8529295,1.7370683,1.7615559,1.7325276,1.6627617,1.5131686,1.463382,1.2371929,1.1980668,1.0052524,0.9850457,0.9376964
3742,2.5717902,2.0659468,1.8374255,1.732756,1.6099538,1.3587036,1.3521289,1.1911414,1.1362239,1.0322393,0.95352256,0.831421
3743,1.7934211,1.625621,1.5631304,1.5246255,1.3773326,1.2128555,1.2405134,1.088113,0.9992691,0.8582828,0.7782639,0.7447611
3744,1.8233382,1.6341902,1.5578575,1.4989235,1.3337553,1.1822141,1.1836146,1.0375471,0.92269313,0.7529992,0.6547103,0.6422957
3745,1.7629566,1.616516,1.539577,1.4814073,1.2875491,1.1508353,1.0848055,0.95423615,0.8114145,0.6474266,0.5555906,0.5486384
3746,1.6485324,1.5550569,1.4717188,1.4124458,1.1953106,1.0727606,0.94217396,0.83612657,0.67597604,0.52941513,0.45366493,0.44296685
3747,1.6137261,1.5032394,1.3899417,1.302017,1.0826349,0.95280343,0.7950071,0.7031288,0.54370844,0.4257999,0.37822172,0.36388242
3748,1.559451,1.4028838,1.2590642,1.1368289,0.9380963,0.7963022,0.6513214,0.573271,0.43181074,0.35313764,0.3342912,0.31712115
3749,1.51215,1.2872063,1.1138496,0.9577817,0.79505783,0.64604187,0.5317604,0.46637547,0.35216498,0.31962448,0.31771234,0.29834563
3750,1.4698557,1.1771324,0.98328,0.8027995,0.67601305,0.5258623,0.4456174,0.38756943,0.30512536,0.31260455,0.31775874,0.29871637
3751,1.3862165,1.0584738,0.8683821,0.6789879,0.57972527,0.43359315,0.3902675,0.33342564,0.28439662,0.3143353,0.3165792,0.3024343
3752,1.3313719,0.98174816,0.7962473,0.60206413,0.5184966,0.3747577,0.36333138,0.3044696,0.27729553,0.3155636,0.31119967,0.30641854
3753,1.2898333,0.9322292,0.7436639,0.55085695,0.47453815,0.33436644,0.35119677,0.2930563,0.27633792,0.307739,0.29807216,0.30559978
3754,1.0171125,0.7462795,0.61210996,0.4518248,0.4022913,0.2934647,0.32458046,0.2760566,0.2851903,0.29939967,0.27558059,0.29342595
3755,1.2613901,0.9294582,0.7070975,0.5358717,0.45722574,0.3364488,0.35998842,0.31779876,0.2706754,0.2870908,0.2809315,0.30624178
3756,1.0032057,0.75079477,0.58337724,0.44118392,0.38409337,0.29234764,0.31477594,0.281331,0.28023398,0.27352598,0.26385367,0.28480595
3757,0.71628433,0.5691614,0.46621147,0.36200982,0.34742448,0.29887936,0.30151755,0.2744744,0.2850098,0.2802113,0.26942223,0.29423305
3758,0.5176978,0.449394,0.38251173,0.31752503,0.33988452,0.32027593,0.30484083,0.28741607,0.28668475,0.2888363,0.2984101,0.33429444
3759,0.15231895,0.18573694,0.1920476,0.19371817,0.278234,0.29743528,0.2897948,0.2792226,0.28417906,0.29184264,0.3438096,0.41002166
3760,0.09240231,0.14874737,0.15857561,0.1778217,0.28025225,0.29056907,0.28627744,0.2895343,0.2743082,0.31632125,0.4223764,0.52357686
3761,0.15730634,0.21002614,0.19021812,0.20296443,0.29249698,0.27228487,0.26754206,0.301854,0.29198626,0.37058386,0.53472733,0.6668347
3762,0.15138999,0.20808056,0.18703772,0.18871193,0.26408803,0.22746442,0.23129362,0.30245993,0.33648148,0.4620393,0.68878376,0.8442542
3763,0.17608273,0.22319677,0.2223581,0.18936342,0.23550598,0.1907247,0.1962491,0.31772652,0.41181853,0.60775375,0.8895329,1.0334065
3764,0.19090892,0.21793321,0.26110268,0.19734712,0.2043604,0.16684394,0.1883842,0.37155762,0.5403347,0.8031125,1.1039358,1.2038553
3765,0.25071597,0.24099088,0.29634053,0.22848038,0.19097197,0.17629702,0.24762374,0.5044714,0.7396784,1.0165848,1.2829775,1.3262562
3766,0.33836365,0.29327598,0.30922928,0.27256483,0.2082783,0.23961863,0.38144296,0.6889962,0.9631957,1.1600974,1.3411834,1.3329146
3767,0.37104654,0.31707227,0.30900204,0.31483847,0.25567657,0.34683836,0.53834146,0.837697,1.1208589,1.2037177,1.3001568,1.268697
3768,0.39790332,0.34978306,0.35034287,0.37109554,0.3453797,0.4882748,0.6669723,0.9153502,1.1644629,1.1521676,1.2015084,1.1652853
3769,0.4555112,0.40256265,0.4213023,0.4374188,0.46323168,0.6472798,0.7770423,0.97032845,1.1578012,1.078543,1.1125363,1.0780773
3770,0.40544224,0.38276905,0.46163934,0.49903217,0.6032347,0.801854,0.8704789,0.97652227,1.083088,0.9805236,1.0210588,1.0171142
3771,0.33514702,0.37660143,0.49663782,0.5911476,0.7519577,0.9343285,0.95461965,0.97878885,0.99866605,0.8919574,0.9493772,0.97037715
3772,0.27901977,0.39740163,0.5367638,0.6990252,0.89088243,1.065143,1.0508133,1.0119393,0.9706608,0.84976435,0.9155339,0.93995553
3773,0.22577581,0.43351907,0.6113566,0.82935333,1.0192312,1.187907,1.1320025,1.0341847,0.96106195,0.8364593,0.90448,0.92244744
3774,1.4811165,1.2418312,1.1638579,1.1913971,1.1322708,1.2132245,1.1860652,1.1753402,1.0219241,0.8888979,0.95006025,0.9533512
3775,0.79099333,0.8403816,1.028153,1.0861236,1.0013945,1.121679,0.99147224,0.87157005,0.80110264,0.7956157,0.8333812,0.91013485
3776,0.76375854,0.89413667,1.0460376,1.1347448,0.9325726,0.96241754,0.8395091,0.7428858,0.7166532,0.76989436,0.88953805,1.0389055
3777,0.65427476,0.8583678,0.93167543,1.0316936,0.8288152,0.79288954,0.7335079,0.6470814,0.6894144,0.7619319,0.956885,1.192282
3778,0.7149991,0.8916456,0.92958456,0.9600939,0.8068148,0.7470933,0.7202913,0.62962675,0.7395549,0.8328036,1.0842931,1.3503202
3779,1.6013161,1.4808291,1.3850248,1.1668404,1.0537621,1.0508325,0.92340076,0.88241696,1.1017143,1.2795546,1.5208766,1.6248753
3780,1.6527007,1.469777,1.3511546,1.0994095,0.97242564,1.11659,1.072663,1.1929107,1.4449774,1.6590703,1.8845861,1.8323715
3781,1.0411344,1.0953163,1.0990863,0.9932594,0.9665165,1.2101046,1.3178748,1.5584552,1.7074106,1.815673,1.9846714,1.854098
3782,1.4873337,1.2899823,1.2127047,1.135665,1.0819283,1.3377274,1.5415131,1.7970665,1.8259244,1.8403844,1.9727566,1.7598042
3783,1.515966,1.3263456,1.22667,1.2796204,1.218642,1.4783988,1.7072451,1.9039001,1.786045,1.7027321,1.7756376,1.5695484
3784,1.0584213,1.1704005,1.2039056,1.4464793,1.4280924,1.630255,1.8335395,1.9094198,1.70702,1.5009747,1.5103639,1.3691782
3785,1.9915106,1.6908144,1.6409869,1.8048276,1.6541965,1.7643857,1.9250175,1.8423975,1.6346828,1.3884103,1.4175056,1.2969666
3786,1.5487913,1.5468603,1.6636052,1.8658513,1.6867504,1.7328289,1.8290609,1.6441658,1.5016208,1.3102072,1.3188415,1.2901782
3787,2.1308708,1.8552341,1.8947845,1.9864246,1.7211972,1.7041601,1.777973,1.5434372,1.4770908,1.3258923,1.3670762,1.3570635
3788,2.1458368,1.8563634,1.8806806,1.9465418,1.6610872,1.6085514,1.6731372,1.4264569,1.3986185,1.2831026,1.3208702,1.338994
3789,2.3427129,1.9340476,1.8548307,1.8858556,1.6289748,1.5237485,1.591265,1.3773468,1.3400836,1.2472876,1.2535819,1.2405639
3790,1.974067,1.7386863,1.7040408,1.7341192,1.5378292,1.4216601,1.4973544,1.3132565,1.2358552,1.1247002,1.0695448,1.0766147
3791,2.0022814,1.7548907,1.6932302,1.6931018,1.5335624,1.3812104,1.4394118,1.2690802,1.1423756,1.0044259,0.89833736,0.89096177
3792,2.0414577,1.7953237,1.6882515,1.6776059,1.5222399,1.3457342,1.3566171,1.2100832,1.0242791,0.8910904,0.7571318,0.7374084
3793,1.7875077,1.7065575,1.6330869,1.6469705,1.4490749,1.3065425,1.2299128,1.1198193,0.89067125,0.7600727,0.60386336,0.6069387
3794,1.5525972,1.6171545,1.5610116,1.5947868,1.351018,1.2413852,1.0621556,0.98941904,0.740417,0.6202042,0.45923617,0.47072512
3795,1.7102531,1.6967804,1.5697763,1.5384912,1.276624,1.1433388,0.9102487,0.8450637,0.58829415,0.49760312,0.37100217,0.37842605
3796,1.9361321,1.7598222,1.524967,1.4247601,1.1689222,0.9972368,0.7616827,0.70026016,0.44884652,0.4062253,0.35157147,0.3448844
3797,2.090802,1.7487496,1.371999,1.2527401,1.027142,0.827897,0.65860933,0.59742975,0.37017488,0.3406857,0.3581741,0.339844
3798,1.9201992,1.4960744,1.13291,0.98910326,0.8024103,0.6365628,0.55678195,0.47634387,0.34740096,0.30079734,0.3474789,0.32226276
3799,1.562063,1.159622,0.9168566,0.74517715,0.59506464,0.47898734,0.44837397,0.3517718,0.34151983,0.30849397,0.33454287,0.30934286
3800,1.4395926,1.029701,0.8339422,0.64078236,0.5150982,0.41351146,0.4111693,0.30962574,0.32717127,0.317249,0.32034302,0.30081436
3801,1.5720075,1.0956684,0.8485567,0.64056015,0.51757586,0.39339936,0.42508954,0.32355812,0.31038865,0.29915908,0.3015359,0.2871112
3802,1.1695671,0.8050289,0.6799764,0.4904387,0.40634492,0.3004779,0.35774076,0.26368865,0.3197107,0.29580182,0.2721216,0.27321398
3803,1.1339628,0.7878316,0.67358714,0.4796435,0.41511115,0.3101554,0.36496863,0.27892554,0.3064666,0.29469502,0.2577977,0.27242568
3804,1.0341665,0.72600377,0.62887913,0.4482008,0.4029578,0.29989097,0.34935272,0.27796543,0.2933636,0.28135887,0.24224453,0.26196992
3805,1.1442624,0.8190646,0.6668093,0.48396182,0.43203562,0.31740227,0.3526944,0.29736102,0.27141467,0.2616861,0.23221342,0.25213987
3806,1.7062306,1.227464,0.79114866,0.67500126,0.5610718,0.39103714,0.5677171,0.5072555,0.30099127,0.20038415,0.1873911,0.19689852
3807,0.8513737,0.599408,0.4802847,0.36510313,0.32098794,0.22538187,0.3369321,0.26592898,0.34797218,0.24339513,0.20263003,0.23081616
3808,0.8670499,0.6471757,0.52316797,0.39901194,0.3698418,0.32595146,0.37128127,0.3136691,0.3254066,0.2568615,0.23032711,0.25328916
3809,0.9090739,0.7068515,0.5495112,0.43427536,0.39582282,0.35496384,0.36868203,0.33303374,0.32042527,0.26012477,0.25632438,0.2873812
3810,0.31480545,0.29733357,0.26538503,0.23589484,0.28185964,0.31135982,0.3015741,0.27703688,0.32259002,0.26491183,0.29783285,0.34499803
3811,0.15312946,0.19909197,0.19053373,0.19975749,0.2831259,0.33817792,0.31144926,0.29005343,0.3200108,0.30394596,0.4051875,0.4858033
3812,0.12267055,0.1945109,0.16981697,0.20247036,0.28413445,0.32610267,0.30175698,0.3036972,0.34368664,0.3735891,0.5543772,0.6764891
3813,0.18041456,0.25227684,0.19483674,0.22475244,0.27463758,0.29107374,0.27564165,0.32369947,0.3987747,0.49713248,0.7624966,0.9217809
3814,0.30108058,0.34833363,0.2673759,0.25941077,0.25596565,0.25261974,0.25036037,0.37651438,0.5084485,0.7061869,1.028547,1.1943622
3815,0.28718343,0.32172692,0.2769784,0.2358351,0.20057012,0.2026908,0.24517097,0.4577123,0.6590897,0.9603741,1.2845771,1.4274049
3816,0.27212474,0.29323247,0.28060383,0.22840075,0.17169176,0.18109637,0.28841126,0.5956101,0.83861125,1.2067025,1.4860433,1.5803207
3817,0.26794857,0.28554505,0.24128662,0.23197198,0.17271017,0.2010973,0.42303032,0.8436654,1.1068159,1.4660655,1.6252233,1.6591239
3818,0.2747699,0.29531687,0.16123788,0.24665868,0.22486185,0.29538468,0.65282506,1.1582315,1.4115824,1.6565048,1.6550962,1.6283559
3819,0.32706338,0.34484857,0.13150841,0.3317122,0.37390372,0.5306195,0.9854251,1.4958501,1.693982,1.7552412,1.5862771,1.5115445
3820,0.27777982,0.30199283,0.15760913,0.4587488,0.64602697,0.9464978,1.3959376,1.7549384,1.8185945,1.7060468,1.4304152,1.3854877
3821,0.15825146,0.19523367,0.3150472,0.7010874,1.0995893,1.4954418,1.7624733,1.8046327,1.6935661,1.451855,1.206226,1.1891303
3822,0.16999511,0.21125545,0.3060262,0.55101085,0.90715796,1.2686063,1.4601816,1.5579653,1.5277265,1.283998,1.1611497,1.157932
3823,0.12597021,0.26813233,0.6224862,0.95576465,1.3338181,1.6163311,1.6260428,1.4788973,1.3105118,1.0707386,0.95930624,0.9476644
3824,0.33887687,0.6657428,1.2059057,1.4820242,1.6135619,1.6838803,1.4767408,1.2686625,1.0492082,1.0350864,0.9886018,0.99970406
3825,0.6948007,1.1528903,1.565629,1.7327119,1.6786255,1.573005,1.2916731,1.1560359,1.0201356,1.1363776,1.1141958,1.1287527
3826,0.91929984,1.3912796,1.662488,1.7347318,1.6437993,1.4659615,1.1839603,1.0978456,1.0722061,1.2252364,1.1870893,1.1729901
3827,2.5421386,2.1421127,1.9805088,1.7265627,1.526293,1.4112893,1.236686,1.2770603,1.2079,1.290586,1.3189864,1.2843157
3828,2.6346538,2.0398545,1.758735,1.5451938,1.3060352,1.3254,1.2013268,1.2845242,1.2386552,1.2401787,1.2110571,1.10745
3829,1.6644433,1.4383931,1.3497732,1.2578651,1.1140523,1.2560453,1.1213509,1.165629,1.1261811,1.1256759,1.1999284,1.1693347
3830,1.045037,1.0168737,1.1253983,1.1684542,1.012101,1.146338,1.0989943,1.1575227,1.06483,1.0967103,1.20017,1.1884388
3831,0.83561456,0.8832829,1.0937915,1.1546803,0.99810946,1.0850979,1.123712,1.1843022,1.0604663,1.1258858,1.2410284,1.231724
3832,0.670596,0.80136186,1.0511968,1.096827,0.9514099,0.98807997,1.0790904,1.1595399,1.0616428,1.1939287,1.305646,1.3041825
3833,0.63557994,0.7756104,1.0151486,1.0117221,0.8968644,0.8998814,1.0336436,1.149004,1.1166315,1.304658,1.4087178,1.3912834
3834,1.0269006,1.0246301,1.1527247,1.0384959,0.9599139,0.983481,1.120604,1.2655084,1.3364745,1.504759,1.5887327,1.4923893
3835,0.9458003,0.9406358,1.0527295,0.97186166,0.91600037,1.0177999,1.2019565,1.3861787,1.5042242,1.5998682,1.6613383,1.4795983
3836,1.071771,0.98805535,1.0416245,1.0499991,1.0295128,1.2030818,1.4165132,1.5646379,1.6637917,1.5781624,1.6258292,1.3640597
3837,1.9942763,1.4138967,1.2840035,1.298338,1.2200987,1.3858247,1.5753196,1.6598547,1.6644866,1.5379963,1.5609685,1.2878369
3838,1.4287508,1.2580031,1.2838664,1.3680574,1.3971881,1.5006466,1.6399246,1.5962765,1.5261854,1.3511841,1.3052614,1.1986094
3839,0.8060592,1.0153505,1.2419806,1.4608915,1.4649098,1.5329549,1.5737163,1.4461217,1.3723917,1.1840289,1.1468524,1.1087999
3840,0.8123098,1.0516859,1.3280604,1.5267277,1.4687253,1.5006484,1.4526182,1.27968,1.22793,1.090044,1.0924894,1.0431108
3841,0.8335173,1.0760895,1.3650093,1.4913132,1.4094708,1.4025325,1.30057,1.1043997,1.0849503,1.0095826,1.0147761,0.96362907
3842,0.94755006,1.1438513,1.3922682,1.429508,1.3358083,1.2903556,1.1770096,0.99825746,1.0060009,0.97094333,0.9602604,0.9057248
3843,1.4289802,1.4118448,1.5046709,1.4070204,1.3102037,1.208152,1.1325009,0.9898853,1.0133,0.9819555,0.941512,0.8698171
3844,1.711419,1.5255375,1.5163424,1.353729,1.2377526,1.1222761,1.0766612,0.98789614,1.0055094,0.9980755,0.91879106,0.8107366
3845,1.5100477,1.3770607,1.3828857,1.2506691,1.1390393,1.0475997,1.025189,0.9654565,0.96881354,0.95052075,0.8287201,0.70353913
3846,1.4224372,1.3077772,1.2967114,1.2037867,1.1085659,1.0330511,1.0076187,0.94150025,0.9154432,0.8352252,0.6979829,0.56253
3847,1.4192817,1.3033946,1.2744346,1.2027044,1.1063564,1.0272422,0.964884,0.87113076,0.8153311,0.6804073,0.5562049,0.42085117
3848,1.3701552,1.280057,1.2618213,1.1850255,1.0602095,0.97160375,0.8615907,0.7470717,0.679399,0.53128105,0.43316585,0.3069216
3849,1.8005726,1.4862385,1.361237,1.2176948,1.0362662,0.9322565,0.74489367,0.62585753,0.5410991,0.40938306,0.38818145,0.25632048
3850,2.1075573,1.6312962,1.3128352,1.1645756,0.95741665,0.8253476,0.6490664,0.57357025,0.4618557,0.35161468,0.3662792,0.2381728
3851,0.8553032,0.8115586,0.777414,0.6996116,0.5723075,0.5356521,0.414523,0.35776502,0.3551542,0.27409807,0.2973617,0.24023178
3852,0.6680236,0.6432303,0.6284518,0.5530945,0.44949746,0.4189613,0.36021215,0.30134344,0.2915597,0.23769633,0.23310478,0.22562522
3853,0.47728407,0.47404635,0.47477353,0.41385722,0.34012678,0.30297923,0.29174948,0.2549498,0.24813457,0.22333944,0.2147834,0.24346426
3854,0.25401682,0.28981405,0.32072014,0.3007644,0.25406688,0.22939576,0.24717985,0.23525126,0.22414434,0.22546093,0.22148275,0.27842003
3855,0.33643973,0.33422494,0.34068558,0.3091637,0.2532607,0.23006609,0.24428816,0.23965384,0.23047669,0.25196275,0.24190848,0.31268597
3856,0.19453174,0.22342123,0.24864192,0.24727996,0.20944832,0.2084361,0.23036382,0.23774756,0.24176367,0.27233937,0.274683,0.3594665
3857,0.15296337,0.19000097,0.21565595,0.22401316,0.19315113,0.22002645,0.23702118,0.25593036,0.27287638,0.32561332,0.3524295,0.4458717
3858,0.23509967,0.24742827,0.2618246,0.25019476,0.20317236,0.24359313,0.24959907,0.27046368,0.31461772,0.3845808,0.42503834,0.51369166
3859,0.22181559,0.23449925,0.25877124,0.24663427,0.20085345,0.2549322,0.26622418,0.29117087,0.36260158,0.4439658,0.49242383,0.57251036
3860,0.29734725,0.29224056,0.3063981,0.28456783,0.23006578,0.29537454,0.30295023,0.34175244,0.42383623,0.51348805,0.56415766,0.6187968
3861,0.19483817,0.22625676,0.26609373,0.26536962,0.24245933,0.3134655,0.33946383,0.38856113,0.4811931,0.5819712,0.6320137,0.67368436
3862,0.20651543,0.25299394,0.29303986,0.2951604,0.2858472,0.36364403,0.39337534,0.46460748,0.5532351,0.65749264,0.70947874,0.72421545
3863,0.23869966,0.2954534,0.3295149,0.33269328,0.34815836,0.42427135,0.46033567,0.5476963,0.62703824,0.7222954,0.7589567,0.75611234
3864,0.28441894,0.34545428,0.37863454,0.3831876,0.43425047,0.50589895,0.5451019,0.63239795,0.69195294,0.7682346,0.78370106,0.77251
3865,0.28216395,0.35879982,0.4229608,0.43857244,0.54317385,0.6032484,0.6365179,0.6953585,0.7217523,0.78277135,0.78505886,0.7790199
3866,0.2903705,0.38637972,0.4903266,0.5277625,0.6731999,0.709686,0.7251013,0.74458444,0.7241461,0.7756963,0.7750646,0.7793976
3867,0.88691473,0.78851956,0.7444904,0.7480494,0.8204359,0.82766974,0.8342104,0.8572259,0.77808416,0.7928946,0.7852112,0.77754444
3868,0.9226813,0.7997724,0.7452041,0.77110684,0.85674393,0.8774483,0.86157316,0.82550496,0.74404705,0.7441272,0.73443,0.740862
3869,1.0681771,0.8840999,0.8325585,0.84366554,0.8594308,0.91440576,0.86491704,0.7949636,0.7278826,0.70483243,0.74089915,0.7332865
3870,1.286763,1.0527017,1.0136046,0.9652816,0.9260981,0.96643645,0.8842367,0.77588,0.75527275,0.7539223,0.8349987,0.8302637
3871,1.3510883,1.1671385,1.1365695,1.0351148,0.9851105,0.9547188,0.86277,0.766988,0.8070469,0.85421455,0.971617,0.99401474
3872,1.8288987,1.5031205,1.3524609,1.1492743,1.1167126,0.98809206,0.9107748,0.88935196,0.9901265,1.0746241,1.1646899,1.1863916
3873,1.9176669,1.5792011,1.3266392,1.0833093,1.0941689,0.97230995,0.9209657,0.99214995,1.1282734,1.2121391,1.2763904,1.3017101
3874,2.0181546,1.6483614,1.2853711,1.04019,1.0725496,0.97594655,0.98378044,1.1230114,1.2533921,1.3311155,1.3179734,1.3224748
3875,1.354851,1.3917656,1.0147924,0.87611717,1.043487,1.0046046,0.99011314,1.1477256,1.2818398,1.3237013,1.3293368,1.349563
3876,1.8938633,1.6141688,1.2876401,1.1564983,1.196237,1.147413,1.2579757,1.320818,1.453497,1.4881929,1.3877945,1.3400108
3877,1.5140073,1.450336,1.1525743,1.138798,1.2737695,1.2852074,1.3997818,1.4744766,1.5900778,1.5258203,1.4204733,1.3655268
3878,1.7494826,1.5517066,1.2899888,1.2971739,1.4016452,1.4227144,1.5822558,1.6073248,1.6938006,1.5693474,1.4417744,1.3418092
3879,2.2235918,1.760503,1.4583681,1.45517,1.4528117,1.4274831,1.6764622,1.6595414,1.6945245,1.6115726,1.4025402,1.2609036
3880,1.8167578,1.565729,1.442008,1.4327389,1.5086304,1.5605097,1.7318468,1.6374764,1.6379654,1.4866939,1.277242,1.1567304
3881,1.9340096,1.6573642,1.5681958,1.5471984,1.6124231,1.6454556,1.7708989,1.6401098,1.590329,1.4068823,1.1921791,1.0690066
3882,1.331717,1.389135,1.4793632,1.5707544,1.6344953,1.6946272,1.6808822,1.540731,1.4423097,1.2226468,1.0409738,0.9448161
3883,1.8732156,1.7562197,1.7071443,1.7437905,1.7747988,1.7161226,1.6499854,1.5167565,1.347058,1.116357,0.9532652,0.8904126
3884,1.6778365,1.719025,1.705091,1.8063831,1.7637314,1.6782188,1.5241106,1.4010384,1.1814622,0.9616842,0.81530976,0.79769915
3885,2.4098816,2.2427506,2.0136812,2.0171776,1.7984606,1.5747888,1.3023604,1.2346275,0.8998666,0.83415985,0.6178962,0.6440357
3886,2.5308,2.2936509,1.9833407,1.9200504,1.6073738,1.3668343,1.1141382,1.0345573,0.711742,0.7063165,0.5229772,0.59892565
3887,2.6468492,2.328652,1.7988591,1.7605572,1.4812518,1.2194496,1.116267,1.0946696,0.67325234,0.64213693,0.40824205,0.44067144
3888,2.0262296,1.8261415,1.5745523,1.4829105,1.1884854,1.0520889,0.9338674,0.8565806,0.62966835,0.5505592,0.40537488,0.46731716
3889,1.8071657,1.608309,1.4328289,1.3276042,1.0483619,0.94096863,0.8179885,0.725199,0.554091,0.45489168,0.35107267,0.41119093
3890,1.7887962,1.5265571,1.3266895,1.1863757,0.93638134,0.8312996,0.69236183,0.59995896,0.46545666,0.3842699,0.33183044,0.37255192
3891,1.7175452,1.3773172,1.1519668,0.9769064,0.7716314,0.67683285,0.54532415,0.45778084,0.38195622,0.3452289,0.34092534,0.34316087
3892,1.6847482,1.2694564,1.0191019,0.8190278,0.6477335,0.5610629,0.4499278,0.3560539,0.3277241,0.33931994,0.3598351,0.33033538
3893,1.6187949,1.1738359,0.9255944,0.71785134,0.5649383,0.4810856,0.40483248,0.30160573,0.3063803,0.33604085,0.36144197,0.32121575
3894,1.4329889,1.017149,0.81949675,0.6145985,0.48534095,0.40429097,0.37219387,0.26570305,0.30622542,0.3346068,0.3434018,0.31393215
3895,1.2745637,0.898826,0.7443744,0.54419565,0.44229394,0.35713995,0.35904884,0.2574246,0.30633834,0.33114144,0.3202879,0.31259367
3896,1.197171,0.8473969,0.70698756,0.5105542,0.42989534,0.334266,0.3544643,0.2635027,0.29970902,0.31949735,0.2977296,0.3079626
3897,1.7173474,1.2112287,0.8519916,0.66983455,0.5486692,0.3962572,0.48857397,0.39426726,0.28713545,0.25804067,0.26547801,0.26473653
3898,1.613035,1.0849044,0.7587128,0.5917811,0.47157288,0.32061818,0.49258405,0.37752044,0.33067244,0.2274338,0.22606674,0.22023593
3899,1.4516282,0.9665308,0.70994127,0.5308912,0.42552018,0.2932564,0.47741836,0.354397,0.36157155,0.24315403,0.21455851,0.21994042
3900,1.0967014,0.7446779,0.60411704,0.42785433,0.36215633,0.26963815,0.4034114,0.29862183,0.3629409,0.25638792,0.2087104,0.22600701
3901,1.2131283,0.85385126,0.66396004,0.48323807,0.41026807,0.32335052,0.42290556,0.34005612,0.33699787,0.24564786,0.20597667,0.22796771
3902,0.3989752,0.29888403,0.3018224,0.22327937,0.24915886,0.24909876,0.29870844,0.24340191,0.31835794,0.2409774,0.2142577,0.25561094
3903,0.21920457,0.19488633,0.22017196,0.18563165,0.2556418,0.30065134,0.30632252,0.26486513,0.28174877,0.2493011,0.27176633,0.33783728
3904,0.06229962,0.100657485,0.1300685,0.1381337,0.23794918,0.28870466,0.2830966,0.2628845,0.26877815,0.26778147,0.3526478,0.45183235
3905,0.08862627,0.15042824,0.13531715,0.15030137,0.24749103,0.27367544,0.25619632,0.269567,0.2780056,0.3219736,0.48586652,0.61687523
3906,0.17179649,0.23736078,0.17398342,0.1731243,0.24316189,0.2377182,0.21552424,0.2817335,0.32970646,0.43529028,0.6840142,0.83825296
3907,0.15352295,0.22173493,0.17059626,0.1414898,0.18235661,0.16709477,0.16646335,0.2972957,0.4264137,0.62506163,0.94397664,1.0987935
3908,0.22876847,0.2627626,0.23005046,0.1557037,0.13889122,0.12336195,0.16373736,0.3989281,0.60306895,0.90675247,1.2502989,1.3603836
3909,0.21617024,0.23002073,0.21314344,0.15377755,0.10734524,0.09739122,0.2513451,0.596045,0.8623438,1.2075677,1.4853928,1.5437963
3910,0.24054801,0.24211192,0.14756997,0.16507703,0.12434761,0.13768369,0.45253778,0.9146186,1.1949775,1.4710892,1.6132245,1.6088235
3911,0.2263542,0.23647934,0.039998785,0.19183457,0.2087383,0.2863359,0.7724902,1.2940426,1.5487739,1.6678945,1.6255044,1.5722994
3912,0.18939349,0.22406329,0.010439508,0.307104,0.42912865,0.6321711,1.205114,1.6588032,1.8098962,1.7418132,1.5281473,1.4808679
3913,0.11644787,0.18583593,0.13486993,0.5416261,0.8641736,1.2292849,1.7088628,1.9272821,1.8607391,1.6366382,1.3625178,1.3933761
3914,0.47795188,0.4255739,0.54780114,0.9676559,1.3851433,1.7225405,1.9133435,1.85724,1.675229,1.3496315,1.1812477,1.1069971
3915,0.47759342,0.4555726,0.7487129,1.145498,1.519036,1.7869838,1.8779174,1.6800158,1.5137063,1.2293088,1.0669925,1.0332441
3916,0.5313168,0.5990063,1.0139527,1.3177215,1.5562072,1.7396823,1.6825734,1.4373422,1.2663307,1.1013724,0.98600507,0.97856987
3917,0.65107906,0.8034159,1.2218876,1.4110292,1.525388,1.6421043,1.4467994,1.2043124,1.0317798,0.97437537,0.91732657,0.9346701
3918,0.6440922,0.8847491,1.2472668,1.3952388,1.4166741,1.5027966,1.2343441,1.0155823,0.86556554,0.8751737,0.8762363,0.9311343
3919,0.7651507,0.99197096,1.2611117,1.37744,1.2556027,1.2907065,1.0298256,0.87244403,0.7531898,0.8075367,0.8646493,0.98279893
3920,0.7087089,0.93009,1.127223,1.2526422,1.0188438,1.0221317,0.82850444,0.7215402,0.6679778,0.7418444,0.86175156,1.0777764
3921,0.71839654,0.9015897,1.0237747,1.1274025,0.863693,0.8172783,0.72063416,0.6264424,0.6611898,0.75542176,0.9327425,1.2345301
3922,0.8866837,0.9980734,1.056201,1.0588485,0.8378081,0.7666984,0.718924,0.63095975,0.76860344,0.9073484,1.1221087,1.4357082
3923,0.97783667,1.0805906,1.0907601,0.99055845,0.8309766,0.8009636,0.7455755,0.7083888,0.939922,1.1272006,1.3670826,1.6153747
3924,1.4635496,1.3813633,1.2768059,1.0445412,0.9468673,1.0333643,0.9437421,1.0127875,1.2997377,1.5247192,1.7623918,1.8089299
3925,0.8158299,1.0248708,1.0124338,0.8959222,0.8428722,1.0644332,1.0800052,1.2666588,1.5535347,1.7062352,1.9131238,1.8884678
3926,1.8069557,1.444441,1.256099,1.0638375,0.9946064,1.3087857,1.422182,1.6629386,1.8810931,1.9838713,2.1819396,1.9937117
3927,1.0293057,1.0618569,1.0121477,1.0313796,1.0991783,1.5152441,1.6912535,1.9309711,1.9714612,1.9613374,2.0623252,1.8827711
3928,0.46560788,0.78669214,0.9278144,1.203934,1.3490986,1.7320392,1.9560437,2.1364274,2.0221503,1.8548671,1.8435816,1.6502811
3929,0.58431214,0.91806185,1.1479087,1.523264,1.6354247,1.9363259,2.096088,2.1479661,1.9559302,1.7000079,1.6663687,1.458612
3930,0.6559139,1.0639122,1.3666492,1.760104,1.8193289,2.0170646,2.0565097,1.9738843,1.8058401,1.5427054,1.5185837,1.3743316
3931,1.8384551,1.769224,1.9084458,2.0201178,2.0436838,2.0708761,2.096111,1.846669,1.6922061,1.430399,1.4143534,1.3099282
3932,2.6630092,2.196267,2.141915,2.1864262,2.0579894,2.0050995,1.9669627,1.7125063,1.6194054,1.4372641,1.4833449,1.3430065
3933,2.347483,2.0595772,2.0606682,2.1315122,1.9910861,1.8975275,1.8448672,1.5687542,1.5143977,1.3612816,1.3716754,1.2820915
3934,1.3255496,1.55675,1.7672079,1.9388797,1.785365,1.6870766,1.6297216,1.373421,1.3184037,1.1841931,1.0944676,1.0372465
3935,2.7752123,2.233597,2.0467417,1.9479275,1.8478827,1.6550558,1.536172,1.3006849,1.2699265,1.1215454,1.0536633,0.88479686
3936,2.4505167,2.0329957,1.8409011,1.750775,1.6596842,1.4658276,1.3716638,1.1941147,1.0992173,0.9995173,0.9086839,0.7438656
3937,2.0235503,1.7952074,1.6803126,1.5903295,1.4725349,1.3212402,1.2656215,1.1157123,0.9908694,0.8565668,0.7423391,0.6597898
3938,1.7877499,1.6626828,1.5821972,1.5008844,1.342877,1.2204342,1.1422153,1.0151577,0.87969494,0.7089672,0.59532,0.5535447
3939,1.6142906,1.5714931,1.4991586,1.4223144,1.223167,1.1211436,0.9724994,0.8682315,0.728866,0.55550957,0.46494806,0.434493
3940,1.6952513,1.5845616,1.4648309,1.3359057,1.1127106,0.9945589,0.80269986,0.7003406,0.56134915,0.4129258,0.36504087,0.33712378
3941,1.525916,1.3920342,1.2584467,1.1039755,0.9023349,0.76911694,0.6099677,0.51934147,0.4081654,0.2980457,0.29451615,0.27685758
3942,1.4952065,1.2607656,1.0839956,0.89143676,0.7388588,0.5892387,0.4800638,0.40620887,0.32063773,0.26692006,0.27482066,0.2658222
3943,1.2851388,1.0347565,0.8767679,0.68472886,0.583952,0.4369116,0.38482583,0.3292812,0.2813154,0.2699869,0.26840395,0.26452056
3944,1.2221127,0.93607026,0.7839426,0.58457184,0.5129662,0.36423898,0.3460902,0.29572827,0.2669744,0.2912694,0.27402693,0.2783684
3945,0.9995122,0.7520594,0.65398854,0.47706735,0.4355945,0.30013978,0.316711,0.2701754,0.26593244,0.30248106,0.2679842,0.28008136
3946,1.6807842,1.1932418,0.843645,0.6536304,0.56910974,0.37302202,0.42232433,0.381184,0.26076138,0.28491667,0.2725441,0.2846619
3947,1.2086327,0.8330811,0.61965317,0.45370525,0.39241403,0.2329936,0.32774797,0.28471717,0.30103105,0.2734431,0.24709435,0.2673929
3948,0.52792096,0.386308,0.36416075,0.27054772,0.28068253,0.21402314,0.28817272,0.24737392,0.31041116,0.2967456,0.2491091,0.28183973
3949,1.1623266,0.8629218,0.6618289,0.50848126,0.4553643,0.34547687,0.38227046,0.3495828,0.28560132,0.29269034,0.25711337,0.28886873
3950,0.30560198,0.25917622,0.2509551,0.21271679,0.2576181,0.23253596,0.26842594,0.25753444,0.29259515,0.266159,0.24469358,0.2855672
3951,0.29586494,0.28094888,0.26729393,0.23955362,0.30649108,0.30190843,0.30583113,0.2964298,0.275681,0.28553522,0.30266786,0.360535
3952,0.17061342,0.20206597,0.20161965,0.20478083,0.2926985,0.28990865,0.29403317,0.30055115,0.27960187,0.3028767,0.36028352,0.44307405
3953,0.11759327,0.17697482,0.16669273,0.18391442,0.27903262,0.2713166,0.27511853,0.30215728,0.28826088,0.3397627,0.45798135,0.57278013
3954,0.1425506,0.20775451,0.17770882,0.18437634,0.26387453,0.24042305,0.24305148,0.3048848,0.32333156,0.4242099,0.61616045,0.7577847
3955,0.15883118,0.21934704,0.19943926,0.17887247,0.23024467,0.19883382,0.20574787,0.31220922,0.39262956,0.56145364,0.8161633,0.95955074
3956,0.209948,0.24749403,0.25493354,0.1979503,0.2004164,0.17404436,0.1949986,0.36987644,0.52988625,0.77932525,1.070766,1.1769474
3957,0.16934629,0.19030242,0.2420254,0.19341923,0.16249272,0.15383282,0.24764735,0.49065676,0.73259664,1.0250808,1.2845324,1.3467606
3958,0.22914158,0.21444595,0.22449109,0.2189686,0.16782525,0.19298159,0.38880956,0.7070043,0.98856056,1.2213341,1.3950241,1.4003824
3959,0.32663798,0.28242344,0.23086233,0.2850914,0.24043544,0.33288938,0.5993164,0.9170211,1.1920661,1.2645094,1.3367282,1.295971
3960,0.3438115,0.33125123,0.34456593,0.39424902,0.41194946,0.5571828,0.7396316,0.89338124,1.0815334,1.0266937,1.0646996,1.0374573
3961,0.31226557,0.3574226,0.4908278,0.51216793,0.60777354,0.7063279,0.8001455,0.81403375,0.8814647,0.8209411,0.8710035,0.86909187
3962,0.3326438,0.3775146,0.5572004,0.58067566,0.67977333,0.77685386,0.8373252,0.83503056,0.8707205,0.8090552,0.88388145,0.89935493
3963,0.66803044,0.63127565,0.7048924,0.71261203,0.7729618,0.84585726,0.89676964,0.90844923,0.89108276,0.80682933,0.8968843,0.92028904
3964,0.710492,0.66987973,0.6822342,0.7320276,0.8282309,0.8914566,0.94157183,0.9084477,0.86977637,0.7931223,0.86169875,0.91445655
3965,0.77054185,0.7083899,0.6651042,0.7441864,0.83059406,0.9269353,0.9666089,0.90918475,0.8556266,0.75975287,0.8222586,0.8566921
3966,1.2376542,0.9650469,0.84141046,0.87314135,0.82220066,0.9466808,1.0089624,0.9652263,0.875733,0.7477312,0.8236854,0.8284495
3967,0.7276411,0.62695044,0.7360539,0.81231195,0.7625301,0.9611674,0.9514513,0.8601107,0.7896042,0.68771255,0.78619003,0.7966498
3968,0.8472405,0.76115644,0.9593442,1.0086393,0.8712127,0.99522877,0.9605602,0.83189696,0.7759137,0.7212243,0.8578423,0.9128876
3969,0.8878342,0.90312004,1.0769575,1.10074,0.9216839,0.945996,0.8844824,0.74294657,0.7557353,0.7598462,0.97054744,1.1114082
3970,0.84541005,0.9480122,1.0541649,1.065989,0.8879567,0.86185557,0.8215881,0.70075256,0.79232454,0.8269135,1.1054991,1.2963623
3971,0.89632034,1.0182667,1.0726953,1.0136402,0.87383646,0.85116136,0.82432854,0.74949133,0.92840505,1.0074197,1.3283641,1.5034665
3972,0.8628826,0.98075557,1.0533192,0.91293424,0.8273528,0.872559,0.88601303,0.9122139,1.1699493,1.288428,1.6098537,1.7063415
3973,1.0013214,1.0766944,1.1080612,0.9094113,0.8416418,0.9542232,0.9987588,1.1193893,1.4326025,1.577249,1.8546925,1.8212479
3974,0.8271283,0.9373183,0.9801807,0.9243622,0.8702675,1.0815305,1.242847,1.4205208,1.696595,1.717298,1.892232,1.7447976
3975,0.82813793,0.9197579,0.94937766,1.0130968,0.9772652,1.245621,1.4634584,1.61865,1.8122443,1.7199807,1.8251748,1.6015354
3976,2.114322,1.4020016,1.2161107,1.2868207,1.1098137,1.4630314,1.6532891,1.7553103,1.8287392,1.7744474,1.891159,1.5729232
3977,1.3429669,1.1179218,1.1538749,1.2918222,1.310232,1.6509598,1.8551203,1.8735874,1.8714405,1.7599895,1.7236444,1.5822475
3978,1.3973631,1.2377087,1.3518081,1.5414481,1.6205609,1.8629124,2.1194892,2.0120406,1.913877,1.6606289,1.5357168,1.4505647
3979,1.239879,1.2963886,1.5490518,1.8119706,1.8574373,1.9834328,2.1732743,1.9364707,1.7971512,1.5209858,1.3627195,1.3219743
3980,1.3641407,1.4997406,1.7993383,2.0330434,1.982176,1.9896016,2.063211,1.7355754,1.62062,1.3636726,1.2293806,1.1945815
3981,1.6240618,1.7428591,1.9959395,2.1264193,2.0058188,1.8879713,1.8663166,1.4869597,1.4081398,1.1881338,1.072906,1.0460777
3982,2.3936667,2.1675363,2.2235584,2.1501932,1.9899925,1.7569959,1.6540104,1.2958863,1.2455846,1.095426,1.0187062,0.95186704
3983,2.416087,2.1297383,2.092646,1.9792764,1.7931187,1.5437071,1.3937957,1.1369361,1.0978149,1.0081111,0.957492,0.8430908
3984,2.3815973,2.0288346,1.8990197,1.7735331,1.6085155,1.381864,1.2370517,1.0532727,1.007268,0.92053604,0.87171996,0.7455009
3985,1.6870825,1.6305585,1.6030896,1.5383288,1.3570241,1.2047372,1.0932171,0.9556469,0.88221085,0.7598059,0.67649317,0.6078665
3986,1.4231143,1.4788831,1.4725568,1.4143257,1.2085121,1.0985713,0.9418144,0.83487433,0.74632716,0.6031436,0.50560653,0.4462117
3987,1.5995392,1.558254,1.4824941,1.3529744,1.1244823,1.0074977,0.80248696,0.70345855,0.6013846,0.4744417,0.39646935,0.34110254
3988,1.4139556,1.3862274,1.3053682,1.1558319,0.92944133,0.80877316,0.612677,0.5336734,0.4353668,0.3452585,0.30750817,0.25430748
3989,1.4225956,1.2883385,1.158128,0.95937747,0.7685325,0.6307118,0.47709548,0.40795738,0.3246351,0.28510287,0.2724975,0.23375075
3990,1.2365193,1.0613819,0.9276849,0.7198635,0.5892848,0.450594,0.36165267,0.31267512,0.257391,0.26338467,0.25705993,0.23331755
3991,1.1372513,0.91429365,0.78405714,0.5740064,0.48891342,0.35141164,0.30779284,0.26819155,0.23372586,0.27720436,0.2592662,0.25045586
3992,1.240746,0.92444766,0.7510805,0.53006244,0.46139234,0.3149622,0.29074067,0.2602434,0.22488222,0.2941618,0.27166593,0.27199528
3993,1.4698497,1.0391943,0.75592136,0.5470537,0.4696946,0.30617568,0.3093289,0.2948609,0.23019738,0.28688356,0.28089002,0.29086545
3994,1.2024314,0.84175444,0.610295,0.44059056,0.38186157,0.23549801,0.28529602,0.27274016,0.25825024,0.27775133,0.2593227,0.27930066
3995,0.85411805,0.62212634,0.48949426,0.35578114,0.32813376,0.2259945,0.27628586,0.26292992,0.27648315,0.28953782,0.2475278,0.27023026
3996,1.2374505,0.8955191,0.6524424,0.49462822,0.42397183,0.2999815,0.34456778,0.33122224,0.26632783,0.28615904,0.25388607,0.2846128
3997,0.44875532,0.35216832,0.30985802,0.24889007,0.25618434,0.20546018,0.25608328,0.25640193,0.28476125,0.2741837,0.23168857,0.25758868
3998,0.35486716,0.31160402,0.29446614,0.25543588,0.2879777,0.27371973,0.295076,0.29332858,0.2712641,0.2901013,0.26850817,0.3098504
3999,0.3701278,0.34530503,0.3127947,0.28573233,0.32402742,0.30418554,0.30550486,0.3153934,0.2726396,0.30097854,0.30482164,0.35508263
4000,0.35302842,0.35673386,0.30409032,0.2933986,0.34197956,0.3172068,0.3040954,0.32849962,0.28667286,0.32178405,0.36313528,0.42807108
4001,0.32459107,0.3545541,0.2861656,0.2908522,0.34683645,0.31698087,0.30063128,0.34151256,0.31747437,0.3683864,0.4612152,0.5509684
4002,0.4199891,0.44456023,0.3396594,0.34000418,0.37600732,0.32994896,0.30690792,0.37507856,0.3776448,0.4606454,0.61343324,0.7236029
4003,0.40583235,0.4354899,0.34096494,0.34657937,0.3649962,0.32263526,0.31724167,0.4148011,0.4796917,0.6072693,0.81926227,0.94506687
4004,0.5288651,0.52722675,0.43526226,0.43145847,0.39997852,0.36289132,0.37277225,0.5221085,0.6394066,0.8289459,1.0744988,1.1804199
4005,0.5089018,0.4952256,0.4533166,0.47098354,0.42258805,0.40993676,0.47502017,0.6726356,0.83918285,1.0727526,1.2832572,1.3533542
4006,0.50844043,0.47856623,0.46978918,0.5141916,0.47802037,0.5008356,0.61273956,0.8518629,1.0232356,1.2619343,1.3950369,1.4126331
4007,0.51115483,0.46933126,0.47603562,0.55408335,0.5744573,0.64910203,0.79378533,1.0599825,1.2033665,1.4051554,1.4318782,1.3937058
4008,0.435553,0.40686208,0.47884867,0.59036434,0.71412873,0.83900976,0.9610558,1.1742156,1.2614278,1.4023482,1.3651344,1.293486
4009,0.49061203,0.4692856,0.5665486,0.6672722,0.7959885,0.83462423,0.8653508,0.9396755,1.0139571,1.1072685,1.1626246,1.1538578
4010,0.5948768,0.57637924,0.6140921,0.7028524,0.75816107,0.7196504,0.72975975,0.72009313,0.8061662,0.8597902,0.9717289,1.0477697
4011,0.6835205,0.66515905,0.6980658,0.7705319,0.80005556,0.75235164,0.74982834,0.7445576,0.86916983,0.9179615,1.0213166,1.103246
4012,0.9138743,0.8257488,0.8393966,0.8677537,0.8468512,0.81355155,0.79988426,0.8051313,0.95868134,0.9990481,1.093186,1.1531856
4013,0.98357564,0.86224306,0.88182354,0.8897575,0.85332423,0.860396,0.844601,0.854658,1.0389173,1.058034,1.1571834,1.1964589
4014,1.3553767,0.99136144,1.0040984,0.9768046,0.9081073,1.0070753,1.0005846,1.007164,1.1555153,1.144567,1.2677782,1.2125173
4015,1.1766587,0.917641,1.0059867,1.0168662,0.991605,1.1305332,1.1245476,1.0763371,1.2481631,1.1903766,1.314809,1.264801
4016,0.995928,0.8963033,1.052846,1.1048299,1.0838652,1.2190485,1.2055646,1.1166224,1.2838203,1.1953658,1.3240232,1.3283461
4017,1.0848347,1.0658937,1.2191217,1.2511493,1.2106482,1.3143818,1.2866876,1.1639321,1.326236,1.2592025,1.3990837,1.4482235
4018,1.1927929,1.2507241,1.352459,1.3455172,1.285475,1.3785233,1.3368461,1.2348249,1.4198785,1.4041396,1.5703814,1.6327113
4019,1.1969932,1.3123868,1.3688304,1.3310355,1.2473004,1.3762416,1.3541821,1.3438482,1.5654104,1.6147206,1.8028469,1.8268908
4020,1.2667668,1.3653567,1.379925,1.3164834,1.2069236,1.4037707,1.4271177,1.5209994,1.7555707,1.8544769,2.0326076,1.96277
4021,1.1477547,1.278473,1.2859986,1.2954346,1.1756402,1.4481056,1.5569409,1.7246888,1.9155508,1.9811155,2.1187222,1.963281
4022,1.3392484,1.3453618,1.3288162,1.3932823,1.2659171,1.5973618,1.7660447,1.9244521,2.0019546,2.0020068,2.0773494,1.8352165
4023,1.0165203,1.1974893,1.2676017,1.4439746,1.36942,1.7207544,1.9116375,2.0291667,2.0130343,1.9420973,1.9350797,1.7129874
4024,1.0878793,1.3231729,1.428694,1.6057599,1.5916779,1.8612782,1.9671701,1.9872403,1.869796,1.757557,1.6984652,1.5352203
4025,1.2787308,1.4890856,1.6030328,1.719203,1.7303861,1.8977077,1.9412538,1.8558612,1.7298446,1.6038271,1.5233411,1.4149328
4026,1.559202,1.6901377,1.789623,1.8259227,1.812459,1.8779203,1.8720719,1.6994445,1.5982002,1.4768976,1.3901476,1.3291268
4027,1.3112409,1.59806,1.7408257,1.8092089,1.763478,1.7878808,1.7370858,1.5290859,1.4791739,1.351998,1.2616401,1.2561493
4028,1.7989546,1.8710548,1.9276857,1.8765888,1.8011125,1.7446325,1.6579688,1.4140475,1.3780787,1.2631145,1.1806192,1.1806027
4029,1.7943349,1.8596045,1.9093754,1.838313,1.7298026,1.6409552,1.5340279,1.2933013,1.2763671,1.1764798,1.0927149,1.0910156
4030,2.4806635,2.130966,2.0297296,1.8938792,1.763419,1.6546413,1.4497722,1.297363,1.244318,1.1843508,1.1578399,1.0321743
4031,1.8120899,1.787808,1.7926741,1.7430017,1.6078409,1.5250192,1.3369104,1.214071,1.143657,1.0983565,1.0065957,0.89082515
4032,1.907419,1.8383564,1.8120182,1.7149134,1.5776181,1.5022677,1.2812159,1.1491882,1.0658766,0.99250865,0.8574878,0.7313216
4033,2.6288357,2.20895,1.9274242,1.7806817,1.6564666,1.5707338,1.2215154,1.1210043,0.9868293,0.89229393,0.72854257,0.50270605
4034,1.618137,1.666416,1.6032205,1.5264308,1.3644388,1.3653992,1.0178213,0.94083065,0.7941134,0.6792188,0.5179825,0.3865526
4035,1.8813713,1.7689006,1.6553698,1.4761482,1.276836,1.231013,0.9076716,0.79922986,0.6545726,0.5015068,0.3683944,0.27250066
4036,1.8817906,1.6832626,1.5285926,1.2937821,1.0893075,1.0052584,0.7201727,0.62029976,0.49437574,0.36544883,0.30116653,0.22850399
4037,1.762619,1.4993002,1.3140738,1.0492371,0.8765829,0.7706099,0.5519407,0.46837148,0.3796752,0.28489012,0.26792938,0.21502037
4038,1.5898429,1.2853355,1.0877678,0.8151189,0.6923701,0.5783152,0.43183306,0.36468056,0.31568393,0.2539424,0.25230813,0.21889952
4039,1.4433985,1.1122473,0.913206,0.6466582,0.566717,0.4470656,0.3613962,0.30795133,0.28802717,0.25530934,0.24883692,0.23377287
4040,1.4995241,1.0936468,0.8441825,0.58338845,0.5215962,0.38491672,0.3420083,0.30079818,0.2822023,0.26731524,0.25672218,0.2614082
4041,1.5266377,1.0735708,0.76823455,0.541962,0.48832417,0.32963532,0.35603437,0.327471,0.29851162,0.26836163,0.2519922,0.27833885
4042,1.6601647,1.1349787,0.73671246,0.5608276,0.50666726,0.310843,0.46658188,0.4341759,0.35388124,0.27040976,0.2140283,0.25156224
4043,1.136769,0.78805375,0.5741817,0.41236052,0.3645574,0.22396621,0.3822744,0.3319433,0.398669,0.30509245,0.23611718,0.2913296
4044,0.95159715,0.7372871,0.55883193,0.43726683,0.36315057,0.3112191,0.40094012,0.35919145,0.419661,0.33991426,0.29625177,0.3612322
4045,0.9251072,0.7425341,0.5669848,0.45157248,0.3832265,0.34095323,0.39230525,0.36606508,0.40052527,0.33608523,0.307022,0.36908776
4046,0.48713994,0.4569232,0.36697042,0.31938663,0.3097588,0.31080353,0.33825135,0.3342405,0.38516217,0.32662877,0.32120878,0.37627774
4047,0.44211924,0.4604593,0.36162332,0.34273306,0.34891564,0.3576611,0.35565558,0.36362717,0.38313758,0.35738933,0.3917978,0.4587233
4048,0.33275092,0.40435392,0.3088221,0.32874086,0.3484769,0.35685778,0.35250625,0.37879235,0.40112263,0.39969635,0.4810713,0.5659285
4049,0.2884397,0.3873557,0.28265148,0.32295495,0.34498423,0.34140447,0.3476693,0.39853153,0.42178494,0.4610682,0.5856539,0.696586
4050,0.3593648,0.45447248,0.32015598,0.35956708,0.35212296,0.3304056,0.3522032,0.44280076,0.48541534,0.5846003,0.7521309,0.88525647
4051,0.43316823,0.5144321,0.36449575,0.39621812,0.35677075,0.32362115,0.37247977,0.51172125,0.5866844,0.7494582,0.92890584,1.0647888
4052,0.43642992,0.5093429,0.37609744,0.4208954,0.35709286,0.33274806,0.4376088,0.6294166,0.74699914,0.9720714,1.1265767,1.2474636
4053,0.45227236,0.50629324,0.38181156,0.4720975,0.41013086,0.4095952,0.5876756,0.8341394,0.9612076,1.201495,1.265806,1.3399255
4054,0.47451788,0.5012161,0.3633661,0.54025006,0.5606655,0.6236142,0.8642884,1.1216983,1.2022941,1.3524587,1.2720274,1.2785954
4055,0.45511436,0.47095716,0.38447008,0.6314102,0.8354119,0.9755021,1.1863844,1.3101702,1.2796123,1.2769471,1.1255453,1.0844734
4056,0.36169332,0.42871636,0.47675785,0.69293123,0.992006,1.0553598,1.1572018,1.0439802,0.99062574,0.89305246,0.87040246,0.8104835
4057,0.39969254,0.48207724,0.6031924,0.75988317,1.0058718,0.9890033,1.0400155,0.86702824,0.8106475,0.7486064,0.81485164,0.79198164
4058,0.50329256,0.58723164,0.7216572,0.85036457,1.027439,0.9495626,0.9780136,0.8001536,0.74499035,0.72554284,0.8236332,0.8435676
4059,0.67018634,0.73503244,0.8372771,0.95133936,1.0475773,0.92901367,0.9449277,0.77690876,0.74191105,0.75325984,0.85921776,0.92244184
4060,1.7165278,1.3388218,1.0993731,1.1163301,0.92867815,0.91270655,0.93732774,0.91065174,0.82363415,0.78977644,0.9475976,0.9889894
4061,1.3089147,1.0079166,0.89144194,0.95166016,0.8069596,0.8946318,0.91223174,0.8354172,0.84991205,0.80274665,0.92241275,0.94471484
4062,1.4131353,1.0298713,0.97742456,1.0137265,0.84161276,0.9894418,0.9744592,0.879541,0.9231757,0.8354151,0.9837934,0.95528877
4063,1.3827231,1.0165628,1.0999852,1.0925145,0.9352455,1.0878117,1.0290893,0.90787333,0.98004293,0.90454805,1.0579172,1.0086138
4064,1.471338,1.1254752,1.2807121,1.2318007,1.0546993,1.1658639,1.0844784,0.93969876,1.0464318,1.0107224,1.1588578,1.1071851
4065,1.5415937,1.2339834,1.416111,1.3465896,1.1564671,1.2202082,1.1490291,1.0007069,1.146174,1.1471783,1.294538,1.2460377
4066,1.599367,1.3326737,1.5037625,1.4285991,1.2322198,1.2591413,1.2239523,1.0926125,1.2727838,1.3046923,1.4527737,1.4093256
4067,1.6018889,1.3932092,1.5307226,1.4658849,1.264913,1.2795837,1.301554,1.210808,1.418966,1.4702636,1.6159197,1.5740674
4068,1.5592892,1.4125882,1.4838905,1.440545,1.2459514,1.2822003,1.3639597,1.3478482,1.5602969,1.6173582,1.7589015,1.7253658
4069,1.51453,1.4085095,1.4499047,1.4192734,1.2052445,1.3065835,1.4498513,1.5121434,1.717549,1.7722713,1.8908898,1.8240051
4070,1.471935,1.3936305,1.3778849,1.3820808,1.159993,1.3611804,1.5138996,1.6551089,1.8124536,1.8392708,1.9136778,1.8263247
4071,1.365295,1.2949066,1.3322008,1.3887775,1.1880896,1.5017425,1.7049559,1.8552132,1.9384993,1.892197,1.9039439,1.7198384
4072,1.3307824,1.2535361,1.3571465,1.4903482,1.3699872,1.7326268,1.9550493,2.042765,2.0110645,1.8553175,1.7924013,1.5540707
4073,1.3467612,1.3053764,1.4961941,1.6889818,1.6641536,2.0014284,2.176162,2.155011,2.0031092,1.7642225,1.6384071,1.4199369
4074,1.5068585,1.4917684,1.7399464,1.9684078,1.982537,2.2439387,2.3091023,2.1603396,1.9087621,1.6217608,1.4714223,1.2878453
4075,1.66194,1.7061493,1.9995339,2.2364569,2.2270622,2.3771071,2.3164356,2.0391774,1.7468636,1.4656712,1.3199486,1.1567402
4076,1.8039215,1.9167371,2.1973927,2.4031906,2.3069243,2.3502805,2.1472468,1.8113708,1.5144777,1.3009224,1.1866479,1.0368493
4077,2.9820752,2.657354,2.6768856,2.681818,2.3610961,2.3591716,1.9132327,1.6123977,1.3531315,1.2896467,1.2270392,1.001512
4078,2.9974918,2.7075887,2.6910386,2.596636,2.1932428,2.1749775,1.6605315,1.4304671,1.1742759,1.189683,1.0797249,0.8922486
4079,2.5327885,2.4261887,2.4277124,2.311438,1.9472693,1.9158691,1.426582,1.2527335,0.9809905,0.97309756,0.84515476,0.72263086
4080,2.396125,2.2846518,2.2371335,2.079742,1.7424818,1.6691861,1.2306479,1.0881457,0.8130212,0.77713466,0.6699755,0.5919642
4081,3.115264,2.6466894,2.3091462,2.096468,1.7636937,1.5883207,1.2667655,1.1678956,0.8246894,0.79516184,0.5749363,0.43681085
4082,2.3559175,2.0636852,1.8576701,1.6293212,1.3690026,1.2555324,1.0463542,0.916131,0.6872859,0.5665933,0.48578852,0.46285284
4083,2.1024463,1.778988,1.5810204,1.3449198,1.125314,1.0041485,0.86234426,0.72534764,0.561977,0.42886782,0.39890748,0.42272204
4084,1.9244382,1.5610071,1.3300192,1.0825138,0.8993152,0.7816542,0.6569102,0.54840744,0.44657284,0.3475554,0.35762677,0.38392228
4085,1.7904488,1.3955861,1.1384678,0.88442475,0.7261404,0.61707616,0.5023994,0.41453594,0.3659727,0.32266426,0.35059595,0.36155534
4086,1.6426824,1.2434704,0.9969598,0.7453621,0.60479915,0.5042304,0.41410908,0.32829428,0.3243572,0.31722263,0.34627405,0.34670115
4087,1.4858218,1.1047244,0.8910282,0.6463816,0.52411675,0.4256289,0.36947155,0.28114712,0.30666086,0.3143794,0.33210874,0.33592412
4088,1.9036121,1.3752453,0.99057853,0.7564403,0.6231676,0.47402048,0.5000026,0.38597035,0.29961145,0.28009298,0.30534256,0.30407754
4089,1.3176796,0.92647505,0.7413476,0.5229782,0.4180051,0.3024755,0.36778444,0.25658888,0.34220415,0.28964978,0.28220573,0.29385346
4090,1.2579855,0.8899858,0.7210536,0.49972156,0.41854328,0.31388965,0.38243842,0.28497314,0.33313757,0.29565045,0.26269275,0.2871414
4091,1.231796,0.8807493,0.7006193,0.4892564,0.417458,0.31061703,0.37792706,0.299397,0.32222143,0.27877158,0.24549751,0.27746
4092,1.2891229,0.93627954,0.707437,0.51186013,0.42915386,0.32447314,0.3877427,0.32332665,0.3118943,0.2599581,0.24153712,0.27892575
4093,1.3448205,0.99215984,0.7152017,0.5509865,0.43162447,0.35282385,0.41923127,0.35436103,0.33242342,0.26424983,0.27468774,0.3237097
4094,1.1332902,0.8520766,0.63538176,0.48853758,0.37309176,0.3351007,0.37976736,0.3112615,0.35941386,0.28558862,0.30493122,0.3499991
4095,0.7493343,0.61387324,0.4908251,0.38940677,0.31648177,0.34366703,0.3433813,0.28263786,0.3910389,0.3240106,0.36109024,0.4039749
4096,0.6680559,0.5882001,0.47416106,0.40136135,0.34683222,0.39647424,0.36416644,0.31245163,0.40867501,0.36298847,0.43656301,0.49191505
4097,0.58039063,0.55206853,0.4407483,0.40235317,0.3630924,0.4167723,0.36856037,0.3315396,0.43404138,0.40192795,0.5168503,0.58392084
4098,0.56088716,0.57158446,0.4459133,0.43769473,0.3938917,0.44196934,0.38553387,0.3653882,0.48552436,0.47601414,0.641307,0.72549725
4099,0.58875966,0.6296933,0.48078793,0.49948907,0.42544574,0.45850122,0.40774667,0.42056805,0.5698761,0.5943796,0.8070985,0.912235
4100,0.67316407,0.72912616,0.5519278,0.5880293,0.45416504,0.46979326,0.44050086,0.5141826,0.68787384,0.7637342,1.0003713,1.1247985
4101,0.7235631,0.8008775,0.62139624,0.6778986,0.45891827,0.48864913,0.52112937,0.6926353,0.888116,1.0336305,1.2381712,1.3708487
4102,0.72478217,0.82962114,0.6564197,0.8053239,0.5468176,0.63951355,0.8157775,1.100637,1.2324048,1.3926743,1.4388969,1.536636
4103,0.66138005,0.78297764,0.67810035,1.010185,1.0624279,1.1472805,1.396259,1.6319597,1.4512751,1.394153,1.2268724,1.3023268
4104,0.7721418,0.8769166,0.7900016,1.0233483,1.2876811,1.1268846,1.1902671,1.2426336,0.9642842,0.8375032,0.7075263,0.8061371
4105,0.84623396,0.8378003,0.7435546,0.8054798,1.037317,0.8226897,0.84379286,0.8258692,0.6724985,0.61613256,0.6107658,0.73495567
4106,0.8610211,0.79745156,0.7192418,0.71643615,0.9177029,0.7211031,0.71745616,0.67094105,0.58888495,0.56935847,0.62115157,0.74260974
4107,0.9339897,0.81894964,0.74330956,0.70285314,0.8752479,0.69425184,0.6592813,0.59713876,0.5511061,0.5497215,0.63413584,0.73530465
4108,0.87994576,0.74837935,0.6723394,0.6437322,0.77290773,0.62756956,0.59275293,0.54086685,0.5295397,0.54494846,0.6687881,0.7646391
4109,1.1265411,0.9129566,0.8055932,0.75938565,0.82028455,0.68236643,0.6039663,0.5626433,0.5476577,0.56932676,0.7274052,0.7898561
4110,1.1805754,0.94177496,0.8789348,0.86581045,0.8810054,0.7860629,0.66581285,0.62095207,0.6570443,0.66629857,0.86374927,0.92105514
4111,1.156465,0.96735775,0.9573871,0.9997255,0.9900261,0.9380817,0.7753915,0.74454725,0.8212979,0.81676733,1.0549353,1.1294363
4112,1.2214941,1.1160052,1.0894544,1.170156,1.1336806,1.0967791,0.9299753,0.95178324,0.9998497,1.0200866,1.2505044,1.3622831
4113,1.0000585,1.0603917,1.0289698,1.1648576,1.1360471,1.1182411,1.0114065,1.0720365,1.1002275,1.14336,1.3261112,1.5097829
4114,1.2757618,1.2889378,1.2296894,1.310527,1.2661049,1.2307385,1.1142523,1.1664777,1.1696448,1.2775156,1.4262129,1.5888538
4115,1.8803822,1.6754398,1.5794873,1.594516,1.4671118,1.443501,1.2902637,1.3313148,1.2995738,1.4448024,1.5731658,1.6600866
4116,1.6472692,1.5537311,1.5515225,1.6402552,1.5023812,1.5225265,1.4424237,1.4748569,1.4101197,1.4921786,1.5738055,1.6440217
4117,1.8862301,1.7330102,1.7734132,1.8714097,1.6665461,1.6936787,1.6034623,1.5862224,1.4628892,1.4935634,1.56064,1.5901114
4118,1.4716353,1.5109186,1.6576269,1.845941,1.654298,1.6922761,1.6479331,1.6100178,1.4537302,1.4093845,1.464982,1.509151
4119,0.8333397,1.0892788,1.2843759,1.5846351,1.4220651,1.4570994,1.4664317,1.4749172,1.3058392,1.2641402,1.3430749,1.4317836
4120,0.62660503,0.9088598,1.0616716,1.3342966,1.2186782,1.22432,1.2388259,1.2838981,1.1330938,1.1928025,1.298114,1.4007273
4121,2.7536776,2.2313676,2.0839248,2.0710082,1.7194649,1.7573781,1.569913,1.5605333,1.4574882,1.4885504,1.5652688,1.4918182
4122,0.7645085,0.9910731,1.1999867,1.4335542,1.3146257,1.4075022,1.4508073,1.5123777,1.4053867,1.4483074,1.4525669,1.4878405
4123,0.4827308,0.7447027,0.9700462,1.2260264,1.1721194,1.2260615,1.2822009,1.3494246,1.2152348,1.3410453,1.3646251,1.3865694
4124,0.43087697,0.6855991,0.87601274,1.0777106,1.0801886,1.1084217,1.1500976,1.2132783,1.1155685,1.3263088,1.3388269,1.3564044
4125,2.3016765,1.86037,1.7558129,1.7048423,1.5703921,1.628322,1.525063,1.4705606,1.4369022,1.490369,1.4637524,1.3444701
4126,2.3913174,1.9226508,1.908922,1.9126437,1.708455,1.7943537,1.7559558,1.663058,1.6107254,1.6057626,1.5200084,1.3487604
4127,1.6052313,1.572356,1.7806108,1.9257267,1.8210343,1.8699312,1.8259348,1.6707094,1.5563076,1.4922031,1.3664861,1.2818252
4128,1.722968,1.7527566,1.9591849,2.0771341,1.954982,1.9309472,1.7873752,1.5384259,1.3878601,1.2991025,1.2000579,1.1242136
4129,3.2093687,2.5803897,2.5480714,2.4229124,2.0849981,2.0495772,1.7504216,1.5017138,1.4099562,1.3549213,1.2586989,1.071518
4130,2.512288,2.271402,2.3388968,2.1744347,1.8680284,1.8761897,1.4674172,1.2595308,1.1784472,1.1706109,1.0923611,0.9655073
4131,1.9323711,1.958346,2.0589526,1.9220779,1.6343001,1.635654,1.2058272,1.0376827,0.9661832,0.939662,0.882615,0.7606063
4132,2.0889614,2.0288384,2.0292916,1.8043063,1.5217963,1.4558021,1.0340414,0.8798831,0.8110651,0.7735778,0.73030496,0.6392696
4133,1.912244,1.876936,1.816088,1.5762023,1.3118382,1.2091868,0.8270475,0.7209537,0.65085375,0.6116468,0.6092634,0.5308081
4134,1.7974583,1.74689,1.6145205,1.358463,1.1221573,0.99521106,0.6578621,0.5964011,0.52455795,0.49592847,0.5237793,0.45967323
4135,1.6314589,1.5774716,1.3929708,1.1362377,0.9391119,0.8081127,0.5234938,0.50060374,0.432096,0.41386056,0.46922287,0.41766
4136,1.451997,1.4212936,1.2134371,0.98093075,0.81664157,0.68991137,0.45636943,0.46175605,0.40048,0.3877076,0.46321273,0.42759126
4137,1.3875858,1.3313304,1.0949526,0.86555713,0.73126316,0.6078594,0.40251094,0.42263117,0.36991018,0.37475526,0.4623261,0.4343384
4138,1.1504511,1.1485751,0.9272475,0.738805,0.6398277,0.5364298,0.36732972,0.40566003,0.37032485,0.37141764,0.47526914,0.44680196
4139,0.8930195,0.96060574,0.7733361,0.63529587,0.56528085,0.48812908,0.3559674,0.4103703,0.38967824,0.3841121,0.4996876,0.4788546
4140,1.3309233,1.2119445,0.93749714,0.7500933,0.63546246,0.54096097,0.3774171,0.42704815,0.40931737,0.45860827,0.5680196,0.5326761
4141,1.1100192,0.98361224,0.7557279,0.59277713,0.494717,0.41568804,0.3282646,0.38085854,0.40397096,0.44689316,0.5239359,0.48857605
4142,0.73891556,0.70999366,0.55380756,0.45555174,0.4035341,0.35584593,0.3222189,0.38132644,0.4175247,0.45320708,0.50618446,0.48724133
4143,1.0386035,0.9129988,0.70060706,0.57604444,0.50008756,0.44628233,0.3870422,0.44656178,0.4632531,0.5156456,0.5737152,0.52869093
4144,0.34015435,0.4118965,0.35950738,0.3561156,0.37279308,0.37495828,0.41097033,0.4764402,0.5417273,0.55117536,0.5978145,0.60161805
4145,0.19310698,0.28959793,0.2719469,0.3089701,0.37115207,0.39867312,0.4602309,0.518184,0.552227,0.57129455,0.64023507,0.68010414
4146,0.1339048,0.22574347,0.21716222,0.26922604,0.37057358,0.40381426,0.49301982,0.5351001,0.58228827,0.61304986,0.69056225,0.75580436
4147,0.15113068,0.22677135,0.20235175,0.25622994,0.3821993,0.4186533,0.5284165,0.5578535,0.6338374,0.6670333,0.7469651,0.81574076
4148,0.12430826,0.19602825,0.17722636,0.24427092,0.38713896,0.4432728,0.57890654,0.60958135,0.7106729,0.7347718,0.82262504,0.8682934
4149,0.063210316,0.13526398,0.15172017,0.24369878,0.38595983,0.47879958,0.6504645,0.69865155,0.8052515,0.8066559,0.91315436,0.91135365
4150,0.10654477,0.1553211,0.18209445,0.30317456,0.42504913,0.5599979,0.77724004,0.8539445,0.9422573,0.8877797,1.0000192,0.94696224
4151,0.23172459,0.25203013,0.2749013,0.42235714,0.52884734,0.7041313,0.96469927,1.0445173,1.0984653,0.9753835,1.0565695,0.9760628
4152,0.27211788,0.29850763,0.368604,0.5417042,0.6788485,0.8856977,1.1620424,1.1859758,1.1916538,1.0460643,1.0758046,1.0044689
4153,0.26345748,0.3150167,0.46159795,0.6525572,0.844681,1.0675668,1.3068657,1.2432566,1.1963058,1.0709339,1.064929,1.003474
4154,0.29762927,0.3647141,0.5903696,0.78246135,1.0096035,1.2140226,1.3764707,1.2187965,1.1341661,1.0507249,1.0261555,0.96210593
4155,0.45505607,0.50990194,0.80701125,0.96237475,1.1641743,1.2924218,1.3716218,1.13101,1.0282949,0.997134,0.96468794,0.90697175
4156,0.5700271,0.662295,1.0250057,1.1442679,1.2749388,1.2948197,1.3028549,1.0138221,0.91978073,0.9705142,0.9262079,0.8983823
4157,0.54318184,0.76367253,1.1289656,1.2531883,1.3029773,1.234034,1.2000895,0.9569763,0.8517655,0.9145832,0.8782798,0.8755426
4158,0.944284,1.0866379,1.287195,1.3537121,1.3550419,1.2578379,1.1964674,1.0189303,0.92487,0.9630681,0.92106974,0.899653
4159,1.0739454,1.2200264,1.3204329,1.3692142,1.3411669,1.2275077,1.1777022,1.0142603,0.97844434,1.0146022,0.96443546,0.9640347
4160,0.8014983,1.0645031,1.1446939,1.2645518,1.1735116,1.0656749,1.0449512,0.9267683,0.94498694,0.9886954,0.98174417,1.0410337
4161,1.1300753,1.2933905,1.2512169,1.2944827,1.14602,1.0208329,1.0431958,0.97535264,1.0278502,1.0751141,1.0880481,1.1473193
4162,0.7088931,0.97362214,0.95937586,1.0415215,0.91254276,0.8209488,0.8923467,0.83695817,0.9327347,1.0043881,1.0812308,1.2478125
4163,0.47619432,0.7074754,0.7227691,0.7753286,0.725984,0.68794376,0.7753975,0.72288334,0.8518264,0.9594377,1.1209302,1.3605531
4164,0.41830772,0.63857627,0.64875454,0.63451546,0.6666497,0.65096575,0.7266434,0.7105508,0.8592473,1.0115464,1.2155409,1.4326818
4165,0.42000753,0.6042692,0.596077,0.5576298,0.65403837,0.6586229,0.73373675,0.7591603,0.9231088,1.0919694,1.3212585,1.4726272
4166,0.3759473,0.55941546,0.5324795,0.53737295,0.6834546,0.68644106,0.817175,0.8776054,1.0269542,1.1629204,1.4026432,1.4973204
4167,0.4623211,0.6121275,0.5316578,0.59982955,0.78495926,0.785829,0.98031586,1.0432125,1.186088,1.2523589,1.4696003,1.4966658
4168,0.45135456,0.58211553,0.5236359,0.64820194,0.8545269,0.88095164,1.1276224,1.1762168,1.3350935,1.3449897,1.5270463,1.4980773
4169,0.44926852,0.51827985,0.5212833,0.6807611,0.92649907,1.0048716,1.255483,1.3189964,1.5035819,1.5164422,1.6062125,1.5021099
4170,0.6332373,0.65616244,0.6813523,0.863161,1.0969446,1.239054,1.4651803,1.5041366,1.6595987,1.6108164,1.6507357,1.4781727
4171,0.6572876,0.7246525,0.8330914,1.0514042,1.2653034,1.4630564,1.6492616,1.6635976,1.7392527,1.6544977,1.6682937,1.4616644
4172,1.9173044,1.3632184,1.1865041,1.2477944,1.3670696,1.6065365,1.7802402,1.8785503,1.863603,1.7946928,1.7455039,1.4571722
4173,0.61268264,0.7472412,1.0059197,1.2260495,1.4700649,1.6943313,1.824307,1.8704963,1.7460909,1.7154773,1.5534078,1.4208282
4174,0.72074246,0.95968384,1.1986513,1.476008,1.7007015,1.8007562,1.8875242,1.873802,1.6760935,1.5497648,1.3447229,1.2039769
4175,2.265903,1.8482593,1.6826639,1.7491312,1.9350439,1.8781383,1.906855,1.8084059,1.5315799,1.3126211,1.124775,0.9560009
4176,2.0532854,1.8406116,1.7781093,1.8417336,1.9718553,1.8254989,1.7529492,1.5242133,1.2652079,1.0540372,0.84802914,0.71050596
4177,2.129613,1.9037969,1.8623161,1.8564773,1.8832854,1.7107751,1.5975866,1.3160777,1.11436,0.9020952,0.73177874,0.6084777
4178,2.054751,1.8636879,1.8510673,1.8032993,1.743079,1.5713131,1.4551287,1.1727037,1.0110105,0.81757236,0.67143744,0.59446156
4179,2.249092,1.9387051,1.833817,1.7264866,1.6192168,1.4335835,1.3043847,1.0714941,0.9391006,0.7812543,0.6830059,0.6213366
4180,2.0498497,1.8140571,1.7014532,1.5934459,1.4525126,1.2864792,1.1726855,0.9946029,0.8655554,0.7256819,0.6451926,0.61248165
4181,1.3636516,1.4423351,1.4354725,1.4113482,1.2308911,1.125507,0.9899461,0.8703339,0.76014197,0.6133163,0.5212337,0.5038958
4182,1.9766738,1.7527573,1.5841434,1.4422457,1.2465851,1.116684,0.9238302,0.8101908,0.68288076,0.5454198,0.47199112,0.43736112
4183,1.6547976,1.5508041,1.4222574,1.3010693,1.0726705,0.96896154,0.7482143,0.6711196,0.5324918,0.42355704,0.38192824,0.34086725
4184,1.8936762,1.6248866,1.3928342,1.2258493,0.9938088,0.86315143,0.64561087,0.5717479,0.42207217,0.34417275,0.33864978,0.3000395
4185,1.3658204,1.2019928,1.0538785,0.9013908,0.72465163,0.6088777,0.47583824,0.41208255,0.3310143,0.25854957,0.27282956,0.2584476
4186,1.3175197,1.0783323,0.9217022,0.73865384,0.60947514,0.48313725,0.40972555,0.3440165,0.2898038,0.2540981,0.2519168,0.25439164
4187,1.2476293,0.96466386,0.8109548,0.6181922,0.52520823,0.38835958,0.35959163,0.3037197,0.26902708,0.26121858,0.24812788,0.2552347
4188,0.62502563,0.5065795,0.49822095,0.3834601,0.3545372,0.25644818,0.28843653,0.2497715,0.260713,0.27473417,0.24145454,0.26379997
4189,0.45948762,0.37598735,0.41684204,0.33365637,0.32219884,0.24842066,0.29925758,0.25921077,0.25671217,0.29732755,0.25834817,0.30607665
4190,0.37262595,0.3083915,0.36940563,0.31279942,0.30561987,0.24780062,0.30325985,0.2689727,0.25673997,0.30383182,0.27523404,0.33854198
4191,0.31950217,0.2799766,0.3248691,0.29573268,0.3043225,0.26688665,0.31277835,0.29524857,0.2699016,0.31737185,0.31391725,0.3905868
4192,0.38610274,0.33403093,0.35443723,0.32058567,0.3185453,0.28339475,0.3147641,0.30284703,0.28249392,0.33594385,0.34638995,0.42843974
4193,0.3789457,0.3265552,0.3420766,0.31363326,0.30805898,0.28505042,0.3114118,0.3005276,0.2990473,0.3543056,0.37519056,0.46329784
4194,0.3838446,0.3290813,0.3393484,0.31301826,0.3024854,0.29451728,0.31325653,0.30248335,0.3185332,0.37900722,0.41216862,0.50221133
4195,0.39102042,0.3380857,0.3416955,0.31776187,0.30395448,0.3098734,0.31808078,0.31254098,0.3456665,0.4140995,0.46483764,0.5506592
4196,0.45120287,0.38979065,0.37642115,0.34880656,0.32485658,0.33998144,0.33124036,0.33642733,0.3823299,0.4587022,0.52644074,0.5946884
4197,0.41209638,0.36874557,0.3643125,0.35100776,0.33609173,0.36158043,0.3473222,0.3601954,0.42189002,0.5046583,0.588256,0.63977563
4198,0.4246179,0.39216912,0.389162,0.38592392,0.37243366,0.4060663,0.37974694,0.40611988,0.4765189,0.5650643,0.6727542,0.69726837
4199,1.1158618,0.8484532,0.60658664,0.58797383,0.4272987,0.46412623,0.45961973,0.5614654,0.5715242,0.60795563,0.74481505,0.7198891
4200,0.9492177,0.6880919,0.45716983,0.5113597,0.40158758,0.4660715,0.5453383,0.5714209,0.58916414,0.55921257,0.66808116,0.69458485
4201,0.9683726,0.7003018,0.46499175,0.49747682,0.3962214,0.45744854,0.5515441,0.5139594,0.46865457,0.37918562,0.43179205,0.46839142
4202,0.8283904,0.63931113,0.46022168,0.44751063,0.3844872,0.41989374,0.47974682,0.4372989,0.4050523,0.3206581,0.32738042,0.3651621
4203,0.56223094,0.49512982,0.3998533,0.39536566,0.35476536,0.39391214,0.41441602,0.37644464,0.3829471,0.31680924,0.34272116,0.38400838
4204,0.6506877,0.57367545,0.4839943,0.4673095,0.3845918,0.41840625,0.41825542,0.37146986,0.39354813,0.34528407,0.3975833,0.45299342
4205,0.42757136,0.4455735,0.39063895,0.40178007,0.32724082,0.35441217,0.3463049,0.3248141,0.38729626,0.35039032,0.43937114,0.508972
4206,0.73472875,0.63397473,0.570263,0.5551996,0.44091582,0.45037663,0.42755437,0.3651408,0.4513389,0.4721231,0.58768165,0.6737371
4207,1.0388632,0.8081745,0.73541087,0.70412934,0.5536881,0.54897475,0.51645494,0.43623322,0.5636596,0.6706641,0.7977849,0.89061874
4208,0.63575083,0.5727792,0.5696254,0.60062027,0.4842944,0.49029684,0.48814422,0.45678058,0.6496695,0.74958324,0.9095305,0.9919203
4209,0.53068477,0.52970016,0.57854784,0.64989674,0.51696426,0.49864316,0.5424485,0.5403049,0.74829996,0.87949145,1.0666229,1.1841803
4210,0.5836915,0.591497,0.64299315,0.7013907,0.5322261,0.5092108,0.5986422,0.6356624,0.86534274,1.0431138,1.2417234,1.3805554
4211,0.69514036,0.681087,0.71539724,0.7271319,0.53524756,0.5489756,0.6841752,0.78477675,1.0366621,1.2709101,1.4502832,1.5664629
4212,0.74871594,0.73101276,0.73606914,0.7349856,0.5644368,0.64077806,0.83965445,1.0036161,1.2525039,1.5029073,1.6091721,1.6610255
4213,0.6905592,0.7154104,0.69855976,0.766251,0.6781291,0.81020397,1.0933614,1.2705312,1.4643192,1.651105,1.6385052,1.6133186
4214,0.5863962,0.6908268,0.70214903,0.864888,0.88830334,1.0485587,1.3729059,1.4935207,1.5835757,1.6813409,1.5619555,1.4866692
4215,0.589162,0.7755733,0.85400385,1.0701357,1.1690685,1.3273364,1.5902283,1.6047485,1.5625674,1.5968639,1.4355251,1.3582896
4216,0.644032,0.9346354,1.0884118,1.3042345,1.419672,1.5471126,1.6757863,1.569747,1.4348248,1.4362657,1.3067198,1.2739534
4217,0.6433014,1.0352284,1.2608702,1.4488331,1.519846,1.6028274,1.6108757,1.4243228,1.2817149,1.2734494,1.2047014,1.2203004
4218,0.69969845,1.0976968,1.3669252,1.5011919,1.5163271,1.5588119,1.4962122,1.2775469,1.1625226,1.1541187,1.120635,1.1580291
4219,0.7986702,1.150031,1.4433632,1.514497,1.4747667,1.4770635,1.371171,1.1438491,1.0610623,1.0512587,1.0344744,1.0839117
4220,1.5741684,1.6103404,1.726042,1.6749109,1.5544062,1.5355129,1.4166938,1.1908383,1.1274439,1.0489111,0.99903727,1.0653095
4221,1.3051715,1.4591898,1.6015105,1.5669041,1.4525154,1.3744478,1.2890258,1.101316,1.0389278,0.97558784,0.9144821,0.9971207
4222,1.9457772,1.7645267,1.7254047,1.5926914,1.4275241,1.3702557,1.2364811,1.1443257,1.0531905,0.96049297,0.9282396,0.94208896
4223,1.9623901,1.7351874,1.6098931,1.5087883,1.3568231,1.3057629,1.1463251,1.1749403,1.0187749,0.94132435,0.912673,0.8187385
4224,1.3829461,1.480537,1.4273756,1.4009753,1.2831142,1.1927075,1.0503607,1.0781329,0.91706216,0.8325273,0.747032,0.650813
4225,1.0629365,1.3121064,1.3037412,1.2876455,1.1530768,1.052922,0.89020807,0.87059665,0.7321737,0.6177076,0.51565874,0.42941484
4226,1.8639805,1.7175267,1.5576966,1.3656518,1.1620406,1.0302415,0.77927536,0.7135613,0.589748,0.4877109,0.4290495,0.33707124
4227,1.6964011,1.5286037,1.3796432,1.1371877,0.93858445,0.8149565,0.56500334,0.50737035,0.41550606,0.36531,0.35998654,0.26026943
4228,1.1507586,1.1010579,1.0208721,0.7926566,0.6425924,0.54508257,0.37892175,0.32360074,0.29620227,0.2717259,0.27024087,0.20895866
4229,1.0826552,0.9848264,0.885339,0.6455276,0.51185375,0.42710954,0.3089171,0.24748485,0.2439708,0.24492678,0.2343995,0.21743228
4230,1.3009236,1.0384982,0.85620046,0.591148,0.45961463,0.3865744,0.27071273,0.21771689,0.20993091,0.24408613,0.24039868,0.24286862
4231,1.0731242,0.8414158,0.66298646,0.4368541,0.34541345,0.30139944,0.20804432,0.19187799,0.19995947,0.24405918,0.24675307,0.24569836
4232,0.9941424,0.76928926,0.5752269,0.38627496,0.31565663,0.28882977,0.2031312,0.2099978,0.20804873,0.26454726,0.25854173,0.26848042
4233,0.94023186,0.7304047,0.51748604,0.36643428,0.3064753,0.28625768,0.20905961,0.24330866,0.23107533,0.29150343,0.28763434,0.3092611
4234,1.02612,0.78986907,0.5323322,0.4159216,0.34019667,0.31692833,0.25557932,0.30494642,0.28843322,0.35367316,0.36620238,0.42080534
4235,1.5502875,1.1215433,0.7570894,0.71421987,0.48420817,0.43971327,0.5138421,0.5190127,0.52344346,0.61643434,0.625781,0.7937203
4236,0.9326342,0.7753065,0.57253003,0.61686844,0.43270773,0.44521034,0.59863716,0.59223545,0.7591549,0.7976718,0.8230169,0.9896219
4237,1.1749343,1.0514096,0.84768975,0.9153011,0.66888386,0.66030455,0.80566746,0.811921,0.9456781,1.0605903,1.0222876,1.2005897
4238,0.5617669,0.6560088,0.6746701,0.79433334,0.5848053,0.6948514,0.87834,0.9458407,1.1144489,1.2169929,1.1288899,1.2490559
4239,0.3953638,0.4467942,0.58073974,0.71438074,0.598328,0.83501494,0.9687056,1.0876117,1.1338369,1.2333155,1.1784397,1.2183893
4240,0.22750843,0.306944,0.48191085,0.6686467,0.71415454,0.9633482,1.0044227,1.1262294,1.0555639,1.1399779,1.1323866,1.1478527
4241,0.18482617,0.33659858,0.48513296,0.68094575,0.8160987,0.98524725,0.89027065,0.98442817,0.86138844,0.97088814,1.0134571,1.0093263
4242,0.14474882,0.3863936,0.49180126,0.6536242,0.7716407,0.86401093,0.689284,0.739094,0.67334235,0.78860974,0.8970431,0.91005296
4243,0.12867202,0.40636384,0.4767178,0.58912826,0.65215445,0.70952046,0.53811926,0.56688154,0.5886632,0.6593058,0.8317845,0.8730229
4244,0.13656221,0.3832049,0.44677037,0.5108496,0.5419634,0.6056119,0.4816357,0.513626,0.58514404,0.635276,0.83781064,0.8810641
4245,0.17829067,0.36512747,0.4275215,0.45539105,0.46132612,0.52906144,0.4884274,0.540421,0.62992895,0.6955225,0.88627994,0.92832565
4246,0.25692254,0.37626004,0.4370683,0.4486438,0.43539894,0.5020807,0.5555593,0.6366409,0.7288308,0.8297138,0.97001886,1.0096637
4247,0.3929987,0.4464962,0.51477206,0.5357516,0.52664524,0.61905646,0.7258179,0.8197197,0.90047276,1.0251338,1.0860224,1.0913131
4248,0.48597908,0.4969821,0.5933553,0.6209366,0.66322345,0.79020673,0.8991507,0.95828485,1.0204887,1.1512003,1.1443768,1.1277268
4249,0.4248094,0.465114,0.60685104,0.68484527,0.8379427,1.0057735,1.0758373,1.04321,1.0509592,1.1748735,1.1350218,1.1187967
4250,0.36198616,0.49657416,0.67279595,0.8125556,1.0193714,1.1411164,1.1583937,1.0145178,0.9701785,1.0875492,1.0295955,1.0198326
4251,0.8867849,0.83995295,0.9081073,0.9217173,1.0810773,1.1244417,1.1300441,0.9550036,0.9254627,1.0221748,0.94827735,0.937455
4252,1.116005,1.0009035,1.0108826,0.95555604,1.0769062,1.0342107,1.0548056,0.83633304,0.8395555,0.94623506,0.83231294,0.8611917
4253,0.6524276,0.7797832,0.8355575,0.8507556,0.96524656,0.9089842,0.8995001,0.71172696,0.7413169,0.8520702,0.70928866,0.7446501
4254,0.5713183,0.7935853,0.76222056,0.8083901,0.834006,0.73477006,0.7284539,0.6415276,0.6536195,0.7023238,0.628332,0.6738432
4255,0.9230913,0.9560716,0.75176334,0.75765496,0.7581129,0.64092743,0.69719535,0.6575511,0.68386817,0.6521287,0.6645727,0.7454202
4256,0.86067015,0.90615237,0.69812185,0.70422226,0.72854173,0.60905963,0.67430544,0.6237955,0.7111528,0.6637349,0.72528964,0.8263883
4257,0.860262,0.9063954,0.70329154,0.70323455,0.7483323,0.60876113,0.69289255,0.6266606,0.76291835,0.721928,0.80363655,0.92272013
4258,0.5641782,0.7011704,0.5324958,0.5798882,0.6503996,0.52670515,0.64075637,0.59089094,0.7711996,0.7433145,0.86886966,1.015769
4259,0.47843093,0.59891075,0.47450748,0.5143918,0.6202516,0.5160578,0.655861,0.61116594,0.8337116,0.8561646,1.0053449,1.1720524
4260,0.5147522,0.5833988,0.4977502,0.48198625,0.6111053,0.55121,0.70280683,0.6998155,0.9765055,1.0683264,1.2291361,1.3741014
4261,0.5381333,0.57143396,0.5106083,0.45116568,0.5936531,0.59892845,0.7677751,0.8468663,1.166413,1.3124527,1.4617121,1.5255555
4262,0.47950292,0.5159023,0.47199786,0.45459583,0.61166507,0.6656468,0.88062257,1.0268393,1.3399115,1.4792807,1.5890605,1.5420529
4263,0.46945846,0.4959917,0.46985525,0.5425327,0.7079212,0.7985842,1.0599164,1.2316182,1.4794537,1.561874,1.629138,1.465371
4264,1.3600564,1.0525116,0.8532759,0.95419776,1.065461,1.2615021,1.4813124,1.6217515,1.784928,1.7302818,1.720839,1.4213265
4265,1.0398195,0.9088854,0.9790731,1.1444924,1.2513695,1.5102619,1.7650001,1.8381276,1.8943763,1.8147569,1.7503631,1.5110065
4266,1.1182822,1.0100592,1.1857822,1.3241389,1.4717281,1.7266121,1.974896,2.0161488,1.9485055,1.8576226,1.7591645,1.5475541
4267,1.4974798,1.2650425,1.43485,1.4943693,1.6363155,1.8464447,2.0732646,2.07254,1.9258907,1.8208299,1.6945572,1.502139
4268,1.8867451,1.5371523,1.6492183,1.6852697,1.8029312,1.9301397,2.101452,2.023967,1.8573347,1.7071896,1.5643314,1.3880836
4269,1.1307989,1.324407,1.6355643,1.8442936,1.9280428,1.9385562,2.0543013,1.8592017,1.7062323,1.5166426,1.2827433,1.2113268
4270,1.6224599,1.7211369,1.9171643,2.0273151,2.0329707,1.9003192,1.934257,1.6500955,1.4902278,1.2586166,1.0339524,0.97012985
4271,1.4640331,1.7306088,1.9149115,2.0027494,1.9159228,1.7102944,1.6463574,1.3409591,1.2023282,1.0150648,0.7812327,0.7325734
4272,1.482192,1.7699999,1.8697608,1.8845471,1.7324984,1.4880378,1.3621758,1.0911968,0.9820521,0.83974683,0.61785865,0.5817543
4273,1.8516566,1.9375731,1.8594391,1.7352221,1.568104,1.2954044,1.1440603,0.9287217,0.84763813,0.7370477,0.5561658,0.51926863
4274,1.5424368,1.7059745,1.6087639,1.4814414,1.2985276,1.0835067,0.9082975,0.77295834,0.70182884,0.62252825,0.4629493,0.4116542
4275,1.3600461,1.5225407,1.4119463,1.2696633,1.0741773,0.91913325,0.7125442,0.63326895,0.5647832,0.49961227,0.36558846,0.30479127
4276,1.2108444,1.3387536,1.2364681,1.0841261,0.88887036,0.76782906,0.57334125,0.5142467,0.45948774,0.41212547,0.3049521,0.25156423
4277,1.3153373,1.2878724,1.1569071,0.95912135,0.7653907,0.64914834,0.47710586,0.4113564,0.3722337,0.34713835,0.27931583,0.23274447
4278,1.3941997,1.1954956,1.0347664,0.79313433,0.62256587,0.5151294,0.37296307,0.30529606,0.28266215,0.29154736,0.27338484,0.2305928
4279,1.397988,1.0815469,0.8918409,0.63500476,0.49885023,0.40641075,0.30043784,0.2456466,0.2350425,0.26955813,0.2767692,0.24317767
4280,1.0087949,0.7667037,0.6476118,0.43041736,0.35454044,0.28188586,0.236175,0.19809178,0.22224897,0.2683847,0.2594594,0.23963334
4281,1.2678492,0.8883642,0.68718237,0.45767483,0.37396455,0.2963964,0.25818914,0.22555016,0.21858656,0.28348523,0.26321188,0.26134157
4282,1.5234365,1.0114332,0.67139167,0.47293228,0.38955367,0.2881671,0.2981749,0.29643586,0.24717534,0.27671078,0.25005335,0.2550832
4283,0.7947933,0.55212224,0.38492823,0.27603793,0.24880892,0.18100514,0.2363277,0.25547838,0.29193038,0.28875652,0.24510606,0.26820314
4284,0.706732,0.53349215,0.39525577,0.30798835,0.291408,0.23518781,0.2802897,0.30907002,0.29552847,0.30381525,0.24227154,0.2758354
4285,0.6425731,0.5226851,0.3929108,0.32926956,0.31437296,0.26204267,0.29284585,0.33610058,0.2959143,0.30203754,0.24631616,0.28182426
4286,0.62397015,0.53209704,0.40347075,0.35016516,0.33758986,0.28607747,0.3006552,0.34653735,0.29435146,0.30822688,0.26308542,0.29669103
4287,1.0939692,0.8644099,0.61162007,0.5132206,0.43923497,0.34842536,0.3343268,0.3780213,0.2806019,0.3196612,0.2940646,0.3343877
4288,0.22797272,0.25309023,0.19029696,0.21093735,0.23743573,0.22155903,0.25159338,0.30242413,0.31081372,0.3099347,0.29599863,0.33802155
4289,0.8611736,0.73833406,0.5381027,0.47659165,0.4329614,0.36937597,0.3411386,0.38037434,0.3114276,0.3724767,0.38030303,0.43235725
4290,0.4363039,0.4343804,0.3225402,0.32929975,0.32975024,0.3001781,0.30550265,0.35268027,0.36369073,0.3891045,0.42280012,0.47540903
4291,0.11116554,0.19686624,0.15922444,0.22303367,0.26887375,0.27927086,0.31912476,0.36160213,0.3941294,0.4416936,0.5338161,0.6344499
4292,0.082338125,0.1666638,0.14892103,0.21519083,0.2493836,0.2604818,0.32642668,0.38636547,0.43446618,0.55259955,0.71423674,0.8538256
4293,0.15418012,0.2085402,0.20180115,0.23440701,0.23315173,0.2414108,0.32782942,0.42811114,0.52949196,0.7440175,0.93678856,1.0771313
4294,1.1603982,0.93743265,0.6812308,0.6442927,0.46127915,0.45541042,0.49150437,0.71383184,0.78982604,0.99992526,1.1338408,1.1484534
4295,0.53997195,0.45270002,0.36480093,0.4814047,0.4433868,0.48295254,0.67806107,0.8384506,1.0224088,1.1726431,1.16286,1.1971161
4296,0.28589734,0.27663156,0.25410575,0.37756437,0.4402408,0.47354615,0.6304489,0.71023357,0.7970942,0.9023434,0.92534924,0.97838974
4297,0.138414,0.17044953,0.1706405,0.23713914,0.2875214,0.275212,0.3730646,0.3983696,0.44329828,0.5029771,0.5392102,0.6656072
4298,0.06933885,0.13080116,0.1532908,0.22178738,0.26713347,0.2509451,0.3629821,0.3697394,0.42777976,0.48119766,0.50818396,0.6496196
4299,0.14583819,0.1941343,0.2077677,0.25198337,0.2810215,0.27560964,0.37495086,0.4088705,0.4631015,0.544515,0.58527905,0.70355606
4300,0.409621,0.38939607,0.36382693,0.36110407,0.34233344,0.35847062,0.42812407,0.5125452,0.56756806,0.67478216,0.7104373,0.77592236
4301,0.8579354,0.6825667,0.5452641,0.5282172,0.43543774,0.4687596,0.52749,0.64592457,0.6729206,0.7437179,0.736164,0.75204587
4302,0.7450132,0.5838769,0.45899597,0.49867833,0.4668283,0.49897426,0.58850014,0.69351554,0.70154893,0.7432473,0.7166178,0.7231345
4303,1.09129,0.7554285,0.5455059,0.62714386,0.4999957,0.59947443,0.7113359,0.8245812,0.78115463,0.72940063,0.7614399,0.75124836
4304,0.94275874,0.64655095,0.5331361,0.63705575,0.57260966,0.69346255,0.7992784,0.8522426,0.83316934,0.7275243,0.78476655,0.76872426
4305,0.72456294,0.5290679,0.5817349,0.679561,0.68018466,0.79210156,0.8350556,0.82762665,0.83015287,0.7085499,0.7872169,0.7509509
4306,0.7211364,0.5718791,0.70984244,0.7777691,0.77431047,0.847682,0.8191921,0.7753066,0.7844442,0.6699488,0.77417254,0.7368928
4307,0.8147199,0.69285923,0.8408698,0.87365085,0.854244,0.8675226,0.80809325,0.7305794,0.7679857,0.6708405,0.7986276,0.79953545
4308,0.505106,0.54671985,0.6915971,0.75839204,0.7334547,0.7014957,0.6764551,0.6180029,0.70223236,0.6344898,0.8264471,0.9123991
4309,0.39586467,0.52138376,0.6156682,0.6435478,0.6315316,0.5627976,0.5897363,0.55182356,0.70005906,0.72918844,0.96885884,1.1225994
4310,0.3470803,0.5096322,0.5864433,0.54968464,0.5476587,0.5343711,0.5950062,0.61653244,0.8459866,0.9767674,1.199994,1.3086032
4311,0.33031362,0.47154963,0.5805433,0.5253066,0.5336325,0.58151615,0.68264353,0.7673192,1.045259,1.2616928,1.3892056,1.4329789
4312,0.40204757,0.4602912,0.5386205,0.49816674,0.53259736,0.63060004,0.812448,0.9654317,1.2648042,1.5101016,1.5866139,1.5584534
4313,0.35829204,0.4051711,0.46939784,0.53754276,0.59756446,0.7678863,1.0356694,1.2268825,1.4849949,1.6667356,1.6762896,1.5444661
4314,1.2149035,0.90904146,0.813537,0.8827356,0.9231944,1.2126752,1.4674622,1.6013126,1.7700142,1.7993587,1.704004,1.4588666
4315,1.0826048,0.8869066,0.942267,1.0763366,1.1284366,1.4121805,1.6913947,1.7784562,1.859699,1.8769242,1.6993424,1.530698
4316,2.0935512,1.3194387,1.226021,1.2288455,1.1933469,1.4382946,1.7406709,1.8946881,1.9001533,1.9796902,1.7853981,1.5119493
4317,0.7656049,0.7669916,1.045727,1.23926,1.4081764,1.6738076,1.9654691,2.0780537,1.9989284,2.002741,1.7332946,1.6448754
4318,1.2996738,1.2194155,1.4326961,1.6119244,1.8431625,2.0297241,2.2764456,2.2255297,2.0319586,1.8048298,1.5049355,1.415075
4319,1.5251952,1.5672061,1.7988956,2.0095742,2.21115,2.2189682,2.3591018,2.0942953,1.8032237,1.4797338,1.1536523,1.1097865
4320,1.5809295,1.8132147,2.059426,2.2555819,2.316275,2.1525793,2.1329868,1.7304235,1.4472557,1.137692,0.8454051,0.82931525
4321,1.4490635,1.8671813,2.081277,2.2373462,2.1213787,1.8669666,1.7072301,1.3237393,1.0932761,0.8648876,0.65042865,0.6486267
4322,2.8125515,2.5460382,2.3961155,2.2157934,2.0263145,1.6812607,1.3742459,1.0726769,0.9238218,0.7929294,0.7180346,0.6643138
4323,1.6644368,1.8703512,1.8359671,1.743597,1.4750663,1.187078,0.9672014,0.8126773,0.6985519,0.6603546,0.60740006,0.5512476
4324,1.4987366,1.6737014,1.5931475,1.4379727,1.1695881,0.94287306,0.7496694,0.6553812,0.59278315,0.5428517,0.49372476,0.44721133
4325,1.6776798,1.6746932,1.5091877,1.275484,1.0058236,0.81216913,0.6158285,0.54963803,0.5091462,0.47400597,0.4509306,0.40624326
4326,1.4814565,1.4592334,1.3067291,1.0667114,0.815275,0.6663029,0.48146057,0.4428417,0.40936017,0.39417702,0.39720017,0.33920968
4327,2.3734732,1.8456991,1.3595369,1.1363618,0.9089367,0.7369984,0.5801818,0.5698207,0.46057892,0.41409504,0.38352227,0.24931812
4328,1.866945,1.4318639,1.10815,0.85008264,0.6736808,0.5960576,0.48474026,0.44742894,0.42865053,0.35083348,0.37874332,0.29560125
4329,1.3691038,1.0697718,0.8685757,0.6525955,0.5337753,0.4853142,0.4381658,0.38624662,0.41459212,0.3165326,0.3200003,0.2864667
4330,1.161453,0.8795701,0.72087944,0.52306527,0.45298517,0.39373446,0.3959806,0.34765184,0.3788659,0.29667565,0.26987478,0.27190104
4331,1.0544019,0.7878838,0.6474418,0.46938935,0.42313588,0.34465915,0.37491903,0.33919185,0.36045364,0.2980091,0.2526181,0.27579087
4332,0.9784962,0.73485494,0.5987796,0.4415411,0.40905958,0.31639028,0.35798395,0.33846223,0.34533733,0.3065091,0.2514636,0.28443527
4333,0.7772771,0.61243623,0.50544,0.3909061,0.37701946,0.2915929,0.3371498,0.3357364,0.33432406,0.31406102,0.25891688,0.2958746
4334,0.33039925,0.32342193,0.29821008,0.27384037,0.30015495,0.26074392,0.3137404,0.33009052,0.32373875,0.31720027,0.28253552,0.33347493
4335,0.09764613,0.18941268,0.18057555,0.21803018,0.26978534,0.2664711,0.31085217,0.34801206,0.31833947,0.33788413,0.3502015,0.42734116
4336,0.12241538,0.20654824,0.20145336,0.23432079,0.27337593,0.26825854,0.30667952,0.3439018,0.31586313,0.37022093,0.4128794,0.5066811
4337,0.1165919,0.21806133,0.18687177,0.2135655,0.23826449,0.23662254,0.2763477,0.34377027,0.3586052,0.46784335,0.570429,0.6899724
4338,0.2178557,0.29329246,0.24541691,0.23208758,0.21393082,0.21792203,0.25619623,0.3648102,0.45119405,0.6375871,0.7852969,0.8950016
4339,0.21273398,0.26585308,0.2551914,0.22672161,0.18768393,0.21413182,0.26086777,0.38095707,0.5351021,0.74617267,0.8929095,0.9692128
4340,1.2159629,0.9710734,0.6314003,0.5399072,0.32210493,0.35714048,0.3723148,0.6291506,0.71030813,0.8377733,0.9255173,0.81840914
4341,0.8411069,0.6527437,0.38712862,0.45763424,0.32868415,0.36976206,0.54648083,0.7233614,0.88608587,0.94620323,0.9081936,0.8658495
4342,0.4127369,0.34683,0.23419026,0.4110743,0.3826041,0.48366642,0.68751943,0.7799167,0.943851,0.9812628,0.97377014,0.98686653
4343,0.32097226,0.30138665,0.2636791,0.48465392,0.52308506,0.670643,0.85113484,0.8949549,0.99706113,0.9974693,1.0067539,1.0041993
4344,0.178907,0.2538291,0.32375628,0.58924544,0.7371933,0.90907806,1.0216836,0.97251445,0.98807955,0.9568758,0.9470893,0.94538194
4345,0.20179099,0.47518218,0.6105552,0.916487,1.0355439,1.0852923,1.0325115,0.8372363,0.7745296,0.78773034,0.7956916,0.81976455
4346,0.423014,0.73499715,0.74160045,0.8576788,0.8293887,0.6795232,0.6327103,0.5236268,0.51495385,0.61765677,0.6264553,0.67023075
4347,0.6329357,0.82941663,0.8053297,0.8196763,0.74102676,0.58187866,0.5574435,0.501395,0.5148754,0.6139413,0.61533594,0.66468215
4348,0.66570324,0.81171507,0.7598723,0.75509477,0.664098,0.51598746,0.51475173,0.4998534,0.5350244,0.6268724,0.64081573,0.7069176
4349,0.8392258,0.88312864,0.7614399,0.752968,0.62432736,0.51245004,0.53053874,0.552456,0.6083376,0.67094374,0.72069466,0.7991895
4350,0.79564625,0.8094525,0.67887074,0.6897703,0.57286716,0.5057998,0.5387272,0.5833465,0.6740463,0.71073174,0.800756,0.88147914
4351,0.9547794,0.8499689,0.71251005,0.7190342,0.6064984,0.5960093,0.62801313,0.65927994,0.7909386,0.79349136,0.9282601,0.9894858
4352,0.6509078,0.6186444,0.5810441,0.6257857,0.58935094,0.6077801,0.6513364,0.6766266,0.88500917,0.87507606,1.0544007,1.1152693
4353,0.529906,0.5031128,0.55020064,0.5959953,0.60606223,0.6478515,0.7024575,0.7256855,0.9727535,0.99703705,1.1931267,1.2523026
4354,0.47598547,0.44596338,0.5501833,0.57496417,0.6278171,0.6820164,0.7594022,0.79896593,1.0753164,1.1747202,1.3537403,1.404717
4355,0.596196,0.5345124,0.6470304,0.6365802,0.7176247,0.7910496,0.89906025,0.969369,1.2584096,1.4369388,1.5485214,1.5679646
4356,0.5492998,0.55543566,0.66127497,0.6922891,0.8209556,0.9158534,1.0636294,1.1724541,1.4266262,1.6214284,1.6481346,1.6194345
4357,0.5460891,0.6178115,0.7033396,0.8055021,0.98014283,1.1019619,1.2619672,1.3874288,1.5660783,1.720284,1.6747179,1.5873059
4358,0.5739063,0.7161868,0.8015405,0.98127764,1.170762,1.317998,1.4589461,1.5691526,1.6498595,1.7359551,1.6582717,1.5207771
4359,1.4552746,1.3110235,1.2397616,1.3585951,1.4693087,1.663027,1.7360537,1.7787836,1.7761745,1.7684743,1.6790088,1.4954902
4360,1.2515523,1.2509009,1.3096519,1.4283736,1.5031221,1.7013525,1.7861779,1.823447,1.7450461,1.7580262,1.6780391,1.5380391
4361,1.8793634,1.5516855,1.484545,1.5102675,1.5399611,1.7338953,1.8309679,1.9089231,1.78721,1.7934996,1.7387162,1.5580325
4362,0.9484852,1.1684344,1.344723,1.5413924,1.5854043,1.7084663,1.8318546,1.8743515,1.7401638,1.7291218,1.5759,1.4928118
4363,1.7856808,1.6805252,1.6861513,1.7475493,1.7854989,1.7928482,1.9069968,1.8464792,1.6875302,1.5741922,1.4149275,1.3231469
4364,1.4673117,1.587161,1.6727278,1.7807883,1.8024664,1.7482593,1.8141339,1.6706753,1.5095341,1.3818824,1.1775631,1.1176449
4365,1.7099087,1.7805905,1.8269749,1.8316267,1.7978103,1.6577582,1.640745,1.4283817,1.2979238,1.1571133,0.955868,0.8893852
4366,1.4054135,1.6479605,1.7243946,1.7296743,1.6337413,1.4790112,1.3943667,1.1839535,1.0786456,0.95464444,0.7468124,0.68572724
4367,1.3221132,1.5982108,1.6300983,1.5954902,1.4640595,1.3108615,1.1661389,0.9888664,0.9019706,0.79039264,0.5927353,0.5394198
4368,1.2689673,1.5349795,1.5132964,1.4410529,1.2838349,1.1453632,0.96082515,0.8280455,0.7543534,0.6567252,0.4808551,0.43492037
4369,1.3225682,1.506329,1.4245753,1.3056583,1.1318525,1.0032539,0.8013623,0.7034638,0.63939834,0.55542934,0.40444613,0.36032233
4370,1.2244319,1.35704,1.2757299,1.1396208,0.9618516,0.85223365,0.6590922,0.57767475,0.5339236,0.46395838,0.35564741,0.31059906
4371,1.1316924,1.195553,1.1225163,0.97212934,0.8036618,0.70530087,0.5441541,0.46368945,0.44420636,0.3884611,0.3156841,0.27974218
4372,1.2733995,1.177075,1.0678884,0.87235117,0.70724684,0.60501134,0.46754527,0.38263288,0.3758034,0.34843647,0.3079763,0.27246982
4373,1.0211903,0.92642385,0.85701865,0.675901,0.55328715,0.46651787,0.38301304,0.3072269,0.32792667,0.3144357,0.29470086,0.2706714
4374,1.0795733,0.898055,0.8104495,0.6141254,0.5027492,0.42181304,0.35822633,0.2823077,0.3043376,0.3157601,0.30186832,0.28678137
4375,1.1200161,0.86461014,0.74338627,0.5450609,0.44988757,0.37999773,0.32037425,0.26810086,0.26895398,0.30453488,0.29279053,0.26831663
4376,1.500887,1.0539092,0.7769389,0.57537913,0.46075678,0.39775586,0.31443143,0.30516496,0.25644842,0.30925685,0.3222295,0.28925523
4377,1.5742877,1.054092,0.67609376,0.51620364,0.41588825,0.3519653,0.33148578,0.35217673,0.2972648,0.30495083,0.3058402,0.28155956
4378,1.8810496,1.2179292,0.6915552,0.581025,0.49892426,0.36531353,0.5624612,0.5707387,0.4293696,0.34695065,0.19196527,0.1624983
4379,1.0063176,0.69402784,0.44759935,0.39004958,0.33322078,0.27098653,0.48277742,0.4650889,0.5569161,0.45248923,0.3482268,0.4146297
4380,0.91245013,0.7181156,0.50922036,0.5253445,0.413935,0.39365616,0.60518354,0.5951054,0.6926178,0.6053848,0.5445695,0.6702692
4381,0.85105294,0.76643854,0.6292816,0.7103589,0.5414144,0.5583217,0.77457494,0.7483942,0.9097372,0.84823143,0.8315387,0.9932949
4382,0.90176624,0.8602632,0.76143485,0.86391056,0.65383923,0.69616693,0.8865615,0.8732901,1.0208023,0.977913,0.9688997,1.1152321
4383,0.78287876,0.7698209,0.6237951,0.7053887,0.60447806,0.6289314,0.7264732,0.7500725,0.8030915,0.68030596,0.7457888,0.84436595
4384,0.69499385,0.6254922,0.47947496,0.42882353,0.4527644,0.39199668,0.40992,0.4316487,0.3985855,0.33837354,0.31275985,0.3530534
4385,0.6625812,0.56172407,0.4735944,0.3748544,0.39610714,0.31239325,0.32912296,0.32410192,0.3053283,0.30577186,0.2521587,0.2863761
4386,0.2950557,0.295906,0.29505652,0.25567174,0.29695663,0.24523896,0.2824338,0.2803885,0.27428722,0.29541326,0.258065,0.3164564
4387,0.16900836,0.20118725,0.23886588,0.2259261,0.26058856,0.23062417,0.26985407,0.26313612,0.25648174,0.30144536,0.28424397,0.37235048
4388,0.11069699,0.18292546,0.19330633,0.22230935,0.27323866,0.26666695,0.30595297,0.32558435,0.3232987,0.394382,0.46057135,0.5782769
4389,0.19784236,0.27135158,0.24349587,0.24708942,0.25844198,0.25035858,0.30285773,0.39998424,0.48229167,0.67069113,0.83000207,0.9467156
4390,0.21365194,0.2586702,0.27026266,0.244299,0.22547634,0.24319136,0.2885505,0.39949125,0.54720557,0.7693049,0.9284389,1.0068178
4391,0.20003837,0.23208606,0.27280623,0.24191685,0.19735825,0.24529742,0.3035789,0.43219703,0.6276866,0.8496926,0.9929857,1.0338817
4392,0.2038149,0.23231955,0.2767907,0.24840626,0.18757759,0.25754043,0.32755068,0.46322966,0.6627214,0.84728813,0.9712405,0.99464536
4393,0.24258474,0.2626043,0.2919317,0.26944155,0.20531942,0.2889612,0.37455672,0.51931,0.7030615,0.8438138,0.938871,0.9483641
4394,0.24211772,0.26449764,0.28853154,0.27924854,0.23723164,0.32558745,0.42891902,0.57144374,0.7312535,0.83801615,0.8992411,0.9032914
4395,0.34913248,0.35397798,0.33515024,0.33786047,0.30823827,0.41418797,0.5367685,0.6946335,0.82632875,0.8809997,0.8918283,0.8671121
4396,0.36806548,0.38213274,0.35491094,0.3775214,0.39886966,0.51402974,0.6464652,0.78241134,0.87388504,0.89522433,0.8517959,0.82110995
4397,0.605318,0.5493763,0.44891492,0.47149998,0.5076096,0.6318841,0.74433476,0.8613692,0.88382804,0.8672296,0.7867944,0.7470838
4398,0.5097385,0.4848132,0.4320496,0.5012069,0.6338805,0.7259027,0.80549383,0.8253568,0.7925732,0.7911997,0.70201236,0.7066293
4399,0.5789419,0.53881115,0.4989428,0.58368266,0.7315728,0.7957293,0.8312,0.7940028,0.7132431,0.7000723,0.64578545,0.658938
4400,0.57035154,0.5555913,0.56049085,0.65324014,0.79242164,0.8499567,0.831981,0.7408215,0.6407528,0.6172685,0.5972442,0.61147285
4401,0.7334134,0.681028,0.69522744,0.7534131,0.79371643,0.84990084,0.7838483,0.6800817,0.59289813,0.5612299,0.5953123,0.61126065
4402,0.77208817,0.7627983,0.76448005,0.7984552,0.76326597,0.8020519,0.70272774,0.5848501,0.5710443,0.5428234,0.6459706,0.7083373
4403,0.6527538,0.77291614,0.71334827,0.76561373,0.69774777,0.68463826,0.6146758,0.5097095,0.5915364,0.5632417,0.73256916,0.8648329
4404,0.8584602,1.0232182,0.81086105,0.7923555,0.7695507,0.653503,0.6368089,0.5538143,0.72931194,0.72666115,0.879578,1.0175779
4405,0.9484577,1.0761741,0.83411646,0.78127915,0.78607285,0.691252,0.7176181,0.6644193,0.91001534,0.9416323,1.0994353,1.2134314
4406,1.6994344,1.4038379,1.0913345,0.9501438,0.9234928,0.89583045,0.9143185,0.9476966,1.1864783,1.3477541,1.4231775,1.4560437
4407,0.78363645,0.8900946,0.7482542,0.7443701,0.74249166,0.8250692,0.9460991,1.1172581,1.3810062,1.5494523,1.6738973,1.6787275
4408,0.594993,0.73023653,0.72176695,0.74097675,0.77308184,0.9563161,1.1593114,1.4173093,1.6574414,1.7778494,1.8861203,1.8054997
4409,0.4694032,0.6420409,0.68272823,0.7852768,0.86744887,1.1288744,1.3764127,1.6438668,1.8121839,1.8505987,1.9098711,1.7395785
4410,0.44602418,0.6775181,0.75471747,0.96405,1.0965056,1.4056269,1.6427041,1.8449852,1.8856672,1.8275412,1.8370711,1.6105431
4411,0.52946043,0.7822883,0.8893257,1.1211574,1.3030441,1.5727597,1.7617319,1.8671532,1.8362082,1.7502784,1.7157792,1.5127485
4412,0.5718897,0.89140105,1.0638318,1.2941337,1.4922988,1.7012374,1.8165259,1.8222609,1.7449828,1.6556449,1.602912,1.4491434
4413,0.57970744,0.94933844,1.1654477,1.3699764,1.5696524,1.7136728,1.7710862,1.7182474,1.6341766,1.562073,1.4931853,1.3806685
4414,1.6826658,1.6779335,1.7135952,1.7309306,1.8333899,1.8796675,1.8655784,1.7406425,1.6262087,1.48399,1.404159,1.3151497
4415,2.6209984,2.0835323,1.8888595,1.781269,1.7733493,1.7699373,1.717367,1.6822977,1.5347778,1.4776326,1.4454027,1.291741
4416,2.569538,1.9875427,1.7790525,1.7505109,1.7842727,1.7396024,1.6837187,1.6807752,1.5239737,1.4510542,1.3739328,1.1056976
4417,2.3635926,1.9726264,1.7908111,1.7962432,1.9315203,1.8540034,1.7777052,1.6121728,1.4446576,1.2528827,1.0665457,0.8573783
4418,1.7656925,1.7299769,1.7352092,1.7876234,1.8550301,1.7903802,1.6838088,1.4412198,1.2569269,0.998855,0.7622341,0.6433446
4419,1.7581617,1.7574263,1.796356,1.7912701,1.7559687,1.6654103,1.5028552,1.2389616,1.0644569,0.7668468,0.56662357,0.48035228
4420,1.7281451,1.7636002,1.7888618,1.7237227,1.5979764,1.474797,1.2491902,0.99840426,0.8527037,0.5707944,0.4298839,0.35918456
4421,1.7441674,1.751518,1.7346513,1.5966591,1.4002901,1.2555747,0.9967034,0.7831521,0.67236125,0.43805426,0.3564534,0.28750739
4422,1.8691579,1.7546138,1.6689365,1.4528034,1.2096827,1.0601608,0.77498055,0.60667706,0.51592386,0.35330597,0.3316241,0.2541625
4423,2.3746212,1.9512328,1.6124182,1.3752695,1.1188788,0.950584,0.65739524,0.5580803,0.448931,0.35427624,0.37970155,0.2725604
4424,1.8006241,1.4976538,1.2464387,1.0109636,0.7982319,0.6935258,0.49053317,0.41285104,0.36059558,0.26976812,0.33380505,0.26948297
4425,1.6776204,1.3296934,1.0756596,0.8334766,0.6731198,0.5725044,0.449592,0.37242147,0.33682075,0.25213188,0.28657618,0.25907913
4426,1.3858763,1.0757109,0.875631,0.6541184,0.5489043,0.4468171,0.3907538,0.32546335,0.31778133,0.24482244,0.25799423,0.2545445
4427,1.5068694,1.0947489,0.8461799,0.6163654,0.53355896,0.40186423,0.39139286,0.33332208,0.3121146,0.2645819,0.253641,0.26540077
4428,1.2566829,0.8954193,0.70232123,0.49756175,0.4434976,0.30966246,0.34985858,0.30228063,0.31675273,0.2743142,0.24673885,0.27084598
4429,1.371701,0.95911884,0.724417,0.517202,0.46226335,0.3084923,0.37219834,0.32813463,0.3162136,0.28974992,0.24708354,0.2822131
4430,1.3631796,0.94298023,0.696925,0.5002123,0.4421085,0.28183898,0.37434858,0.3322518,0.32309037,0.28797036,0.24269217,0.28263897
4431,1.0009203,0.7100227,0.5674382,0.3997002,0.36065388,0.23840825,0.3302315,0.2900728,0.33526698,0.30113086,0.23956443,0.27982086
4432,1.0205112,0.7482671,0.5970937,0.42900613,0.388902,0.2790503,0.34602618,0.31260368,0.3229821,0.30844158,0.2449197,0.2889429
4433,0.45229703,0.37686753,0.34380835,0.26825416,0.2852503,0.24691734,0.2970547,0.28244886,0.3189376,0.30017266,0.25363716,0.3004871
4434,0.2752604,0.27747393,0.26832473,0.23897512,0.28938895,0.28391144,0.3117129,0.30649692,0.30329147,0.3101384,0.299064,0.36344817
4435,0.21684602,0.25792354,0.24046345,0.2370005,0.3028081,0.29528147,0.3109699,0.32275704,0.30038482,0.32778096,0.35825837,0.43958688
4436,0.2679343,0.3204189,0.26513207,0.26572293,0.3285023,0.30151036,0.30636418,0.3425008,0.31545305,0.366791,0.4398527,0.53832054
4437,0.29932275,0.3625096,0.27516565,0.276582,0.33135414,0.28820795,0.29352102,0.36104542,0.35329974,0.4346166,0.55261874,0.669243
4438,0.3410574,0.40582892,0.2988392,0.29116666,0.327384,0.27484968,0.28585845,0.3914048,0.41757816,0.5425019,0.7015663,0.823687
4439,0.36830747,0.429533,0.3284831,0.31317538,0.32442367,0.27418733,0.30073524,0.4474918,0.51828194,0.6904367,0.86949015,0.9737699
4440,0.44391096,0.48768014,0.38835323,0.37933415,0.35928196,0.32257348,0.37190518,0.5611535,0.6621506,0.8508189,1.007768,1.0632696
4441,0.3671385,0.42284006,0.3602724,0.39690113,0.39865807,0.4027621,0.49454892,0.67647064,0.7974603,0.95389354,1.0493767,1.0626762
4442,0.36204672,0.42147714,0.37209648,0.4468486,0.5064168,0.56895745,0.6545597,0.7601368,0.84758306,0.90760887,0.95074606,0.91883093
4443,0.41726285,0.46335638,0.4427804,0.5272063,0.6474234,0.714,0.760787,0.7507109,0.7773348,0.7703928,0.81656206,0.77861756
4444,0.5014253,0.5378095,0.54074967,0.6229255,0.7629001,0.7587225,0.7772735,0.67234385,0.6460285,0.6416415,0.71741533,0.72290003
4445,0.44839555,0.50858337,0.53335214,0.6545019,0.78098994,0.7666034,0.75907,0.6262581,0.61875355,0.6304845,0.73972833,0.80667204
4446,0.46271873,0.5552567,0.567234,0.7185075,0.8013814,0.75515723,0.73245937,0.5983097,0.6148765,0.6374876,0.762717,0.87649125
4447,0.48098367,0.59473205,0.59740245,0.75284576,0.79590964,0.7335352,0.6944936,0.589339,0.6461536,0.68390155,0.8072252,0.9482172
4448,0.5460559,0.66126996,0.6459921,0.77864015,0.77178127,0.68895465,0.6443218,0.5848965,0.6896427,0.7514282,0.85914755,1.0090711
4449,0.59585005,0.68942535,0.6668813,0.7616862,0.723199,0.6459612,0.599947,0.5936314,0.75039995,0.8371507,0.9343759,1.080006
4450,0.6106008,0.6794849,0.65924644,0.7176082,0.6581917,0.5946106,0.5683294,0.608809,0.8205873,0.93477774,1.0291867,1.1652346
4451,0.90606284,0.8636437,0.8064281,0.80140257,0.69929767,0.65878886,0.66232246,0.7133998,0.9742249,1.0945388,1.1727655,1.2629099
4452,1.5172496,1.1794204,1.0134571,0.92414427,0.8042,0.91136646,0.9219999,0.9600351,1.2333573,1.3385298,1.4180845,1.3859677
4453,2.1583083,1.4298915,1.1708438,1.0940387,0.92898375,1.1626995,1.2588907,1.3122272,1.5077188,1.5450666,1.5829705,1.4024724
4454,1.28051,0.975064,0.8894131,0.9046413,0.94148594,1.1904055,1.2610376,1.3571553,1.4515423,1.4338007,1.5082062,1.428231
4455,1.1059858,0.952755,0.99728274,1.0467243,1.0862026,1.2689885,1.3771406,1.4775715,1.4869108,1.4522209,1.4792473,1.4015927
4456,1.1660713,1.090461,1.1586676,1.181203,1.2490091,1.3733951,1.5005414,1.6085639,1.5204654,1.4803963,1.4916383,1.4104124
4457,1.0907646,1.1489007,1.2653127,1.2941855,1.343457,1.4142565,1.5236447,1.6294425,1.498762,1.4722109,1.4920487,1.4103863
4458,2.3753238,1.8908463,1.6859396,1.5892859,1.4600486,1.4459432,1.5332361,1.6025429,1.544809,1.5373676,1.542001,1.4005859
4459,1.4118211,1.4786872,1.3328116,1.369619,1.3614796,1.4001007,1.413105,1.4998574,1.4415424,1.3754693,1.4366431,1.3613286
4460,0.9686758,1.2032665,1.1742387,1.3364785,1.3133745,1.3311888,1.3591866,1.4512832,1.4099392,1.2963003,1.3791219,1.3168463
4461,0.66794807,0.93948495,1.0252225,1.2584378,1.1847075,1.2230042,1.259477,1.3438945,1.3259177,1.2573463,1.3639357,1.2897137
4462,0.6211452,0.8178115,0.97950757,1.1736305,1.0879725,1.1634855,1.1976036,1.252507,1.2912632,1.2818165,1.3880512,1.2971466
4463,0.67466885,0.7909951,0.9973917,1.1113303,1.0458591,1.1496178,1.1750214,1.1896938,1.2892963,1.3128759,1.4060426,1.3145093
4464,0.7087625,0.80340517,1.0273652,1.0927835,1.0507864,1.1421546,1.1560088,1.1409122,1.2687215,1.2881446,1.3654467,1.2947488
4465,0.75440663,0.86112934,1.0653992,1.1264195,1.1037197,1.1564049,1.1602255,1.1276507,1.2458899,1.2185935,1.2719502,1.221344
4466,0.7937001,0.9380099,1.1217939,1.1958847,1.1817102,1.1856562,1.1731832,1.1160998,1.2046599,1.130807,1.1535836,1.1153185
4467,0.8541021,1.0248622,1.1811535,1.2463262,1.2307726,1.1796613,1.141876,1.0704173,1.1241509,1.0373188,1.0277356,0.9975803
4468,0.81140476,1.0222301,1.1799104,1.2259444,1.2074021,1.1185875,1.0575448,0.9855662,1.007796,0.94727004,0.9061785,0.88526285
4469,0.8109825,1.0142843,1.1617374,1.165623,1.1441203,1.0442026,0.9622005,0.9032759,0.9017929,0.86556387,0.80013573,0.77850294
4470,0.782096,0.9671893,1.1109804,1.0752765,1.056605,0.9671044,0.8737179,0.82851875,0.8102515,0.7911103,0.7070863,0.6788658
4471,1.1433377,1.1527555,1.1848729,1.0721798,1.0271049,0.93885964,0.84431624,0.8318636,0.7933389,0.7530315,0.6575172,0.59461695
4472,1.31626,1.2047826,1.147074,1.0133839,0.95624286,0.88011354,0.76824814,0.79647106,0.72209644,0.6741686,0.5956657,0.46455246
4473,1.251961,1.136763,1.0651028,0.9577206,0.88844764,0.81497043,0.7055925,0.7246213,0.63552564,0.5663757,0.5049048,0.3370131
4474,1.2260658,1.1040242,1.031495,0.9308742,0.8312578,0.75487596,0.65942997,0.6356094,0.5504162,0.45175117,0.40989184,0.25313467
4475,1.2075421,1.075429,1.0055858,0.88073987,0.7575376,0.67560756,0.5953147,0.5336591,0.4618423,0.35909945,0.33110932,0.21326725
4476,1.1528331,1.0212018,0.95353526,0.79647213,0.66575164,0.578788,0.5123025,0.43138278,0.37970358,0.2949227,0.27284637,0.19918343
4477,1.1492981,0.98636144,0.9005444,0.71107644,0.5802345,0.49389404,0.43345392,0.34685245,0.31161115,0.25323343,0.23426281,0.19597259
4478,0.9999569,0.8502925,0.7579769,0.5674322,0.46287715,0.38996857,0.3411627,0.27242127,0.25370473,0.22926494,0.21070486,0.19792756
4479,0.7272976,0.6524905,0.5713245,0.42609152,0.35240227,0.30622828,0.2668924,0.23548196,0.21986397,0.22023813,0.20316473,0.208579
4480,0.6133029,0.56664544,0.46890932,0.38466376,0.32244697,0.30548075,0.25466865,0.26587301,0.22769701,0.24772519,0.25060886,0.27132314
4481,0.5328319,0.5068077,0.41593257,0.35227787,0.29466704,0.27708507,0.23277703,0.25868767,0.22757362,0.26201266,0.27740553,0.31233808
4482,0.91395754,0.73496443,0.5675961,0.45528933,0.35307506,0.3290059,0.24911179,0.26434812,0.21827526,0.30188894,0.31913218,0.36323082
4483,0.5384064,0.47412544,0.3584786,0.29841554,0.2463641,0.23410346,0.18946235,0.24282326,0.23441127,0.29841843,0.32486907,0.35420686
4484,0.5829084,0.505606,0.3928115,0.33402675,0.28267604,0.26500723,0.218683,0.26611587,0.2543882,0.34401137,0.37277102,0.4158697
4485,0.14822817,0.20093176,0.17517988,0.19818465,0.19426194,0.18760736,0.19200948,0.26445222,0.28483543,0.34629402,0.39995795,0.46518198
4486,0.0711566,0.1415816,0.1513064,0.20062062,0.20103791,0.18398169,0.21216713,0.27806035,0.30320796,0.38195488,0.4595102,0.56227374
4487,0.05852437,0.121778235,0.15285008,0.21484043,0.2010139,0.17396405,0.23025171,0.29369724,0.34772477,0.44367975,0.5449996,0.6788248
4488,0.16688982,0.19709848,0.22032315,0.2644004,0.22276413,0.19324046,0.26812148,0.3411591,0.43282458,0.56903315,0.6890843,0.8363667
4489,0.17938066,0.20530406,0.22304386,0.25095487,0.21230957,0.20357499,0.30991423,0.41298926,0.5417225,0.7219931,0.8355838,0.97948253
4490,0.20919701,0.22641349,0.21508063,0.2216942,0.2185258,0.25653005,0.38856953,0.54863524,0.68933535,0.91699064,0.9860301,1.0926403
4491,0.29885277,0.2708171,0.1885702,0.21098992,0.26474643,0.37898147,0.5404608,0.7868206,0.89757526,1.1065925,1.0820261,1.1083554
4492,0.25934452,0.20961447,0.1179572,0.22786377,0.3326474,0.5397986,0.7656909,1.0570228,1.0942442,1.2162869,1.0851709,1.0281613
4493,0.16059817,0.15509012,0.18691583,0.37296575,0.49623454,0.7736704,0.9792301,1.19712,1.1705948,1.256668,1.0868604,0.98868537
4494,0.22604176,0.28407222,0.39948002,0.6020038,0.73015165,1.0157483,1.1087121,1.2363672,1.1741705,1.2560222,1.1064161,0.9957734
4495,0.31622678,0.43369955,0.6000184,0.7703644,0.91934913,1.1441069,1.1454784,1.2021558,1.1166466,1.2361467,1.1071224,1.0366156
4496,0.40340453,0.5653045,0.7523174,0.8569548,1.0082948,1.1404678,1.0852283,1.1232734,1.036647,1.2254885,1.1146679,1.0977184
4497,0.6550854,0.7531592,0.8977681,0.89392114,1.0328858,1.1052377,1.0214825,1.079798,1.0190561,1.2404809,1.1449459,1.1429386
4498,0.74859035,0.8036465,0.9243813,0.8565783,1.0271646,1.0787354,1.00022,1.0533845,1.0250868,1.2592268,1.1788645,1.1979729
4499,1.3005805,1.0574952,1.0620205,0.89027566,1.0609132,1.14565,1.0866109,1.0821857,1.0731792,1.2229403,1.1817325,1.1731102
4500,1.4744077,1.1306517,1.1394646,1.0037841,1.1146649,1.1929513,1.1646718,1.0734078,1.0802163,1.1557419,1.0681908,1.0330541
4501,1.897742,1.3495494,1.3467574,1.2076089,1.1503224,1.2253522,1.1985191,1.0780883,1.1156346,1.0980256,0.96083486,0.8561555
4502,1.5762305,1.2942263,1.3669646,1.1463361,1.1629425,1.1910603,1.0938504,0.9752844,1.0269477,1.0142612,0.9125097,0.8696236
4503,0.86891913,0.99236053,1.148752,1.0287609,1.0309736,1.0354651,0.8772584,0.82268214,0.8653848,0.8286692,0.78117573,0.7719848
4504,0.4953211,0.7867837,0.91786855,0.8459164,0.86997837,0.831849,0.689129,0.66571605,0.6950494,0.6604911,0.67207795,0.6894127
4505,0.52303225,0.7815302,0.84555525,0.7484887,0.80398875,0.7107899,0.6213268,0.55632025,0.60570866,0.58929044,0.62273157,0.68954444
4506,0.8271253,0.94633424,0.9353511,0.7938876,0.858289,0.72980994,0.6889288,0.5575182,0.6326295,0.64138985,0.6647502,0.79155374
4507,1.7588269,1.4573566,1.2684972,1.059011,1.0552189,0.9211234,0.90067285,0.79758686,0.9104949,0.98182607,0.9712496,1.0716904
4508,1.8393414,1.4778231,1.2842543,1.1042598,1.0256897,0.9185857,0.9503737,0.92455196,1.0608286,1.1662476,1.1459618,1.1702629
4509,1.5622551,1.3351638,1.1784861,1.065475,1.0228564,0.95649856,1.0421544,1.0379059,1.1718835,1.2209531,1.1925197,1.192889
4510,2.131816,1.5908387,1.3151069,1.2147437,1.1037256,0.9930078,1.2299197,1.2516668,1.3358767,1.3929958,1.2511377,1.1782627
4511,1.8215091,1.4675007,1.2639482,1.1992995,1.1790777,1.124539,1.3652297,1.3513596,1.3972172,1.3762054,1.198007,1.1112456
4512,1.0704889,1.0922792,1.1080453,1.1853,1.2479063,1.27753,1.433472,1.3996816,1.4118794,1.2885343,1.1157423,1.0265967
4513,1.0237269,1.096903,1.1502795,1.2892182,1.347771,1.3693547,1.4582523,1.4168143,1.3872539,1.2072815,1.080524,1.0082848
4514,1.103227,1.166393,1.1985765,1.344744,1.3973906,1.3861167,1.4262596,1.3632605,1.3117908,1.1074218,1.0347279,0.9865981
4515,1.1283591,1.1880833,1.2167456,1.3506681,1.392223,1.3721945,1.3706927,1.2895684,1.2345431,1.0400466,0.9997426,0.9454111
4516,1.4381725,1.3568513,1.3265655,1.3887078,1.415555,1.3692926,1.3538215,1.2597053,1.1896644,1.0087854,0.9662368,0.871413
4517,1.987005,1.6412945,1.5087509,1.5073243,1.4735675,1.3719478,1.3710966,1.2731645,1.1448538,1.0002776,0.91279685,0.75570345
4518,2.2800841,1.8360646,1.5568192,1.5927054,1.534676,1.3559042,1.3696363,1.2768867,1.0649078,0.9509938,0.81180227,0.61906326
4519,2.0459769,1.7805802,1.5565622,1.596175,1.5002915,1.3377174,1.3078792,1.2307625,0.9533589,0.8310976,0.6616373,0.53959167
4520,1.6024827,1.6031142,1.5065994,1.5679406,1.3896435,1.2847915,1.1468136,1.0885575,0.80479157,0.65672547,0.4827596,0.43000153
4521,2.351891,2.0741873,1.7271314,1.6918952,1.4627445,1.2780559,1.069888,1.0192442,0.66411245,0.5699548,0.41870213,0.33120376
4522,2.425607,2.0991476,1.6071823,1.5664121,1.3241066,1.0940759,0.969485,0.94750226,0.567232,0.48665082,0.3668633,0.29274073
4523,1.5179571,1.3782076,1.1970177,1.1240761,0.9251164,0.80314106,0.7119557,0.6387954,0.4918868,0.35510066,0.32332605,0.31741086
4524,1.459562,1.2133464,1.0481423,0.9227648,0.7611577,0.6530708,0.5916868,0.50302285,0.41383177,0.30505294,0.28275782,0.28915542
4525,1.249559,0.98719573,0.8543019,0.7200021,0.60296655,0.5125277,0.4678774,0.38994896,0.3541763,0.29670006,0.2818025,0.2847272
4526,0.6397505,0.519865,0.5180683,0.46410215,0.408712,0.365974,0.3631317,0.305466,0.3117987,0.30147016,0.29459488,0.31623715
4527,0.55085385,0.44689304,0.4597284,0.41782248,0.38079745,0.33606088,0.35345703,0.30270544,0.2991297,0.32338586,0.32570133,0.3764864
4528,0.4482975,0.3753878,0.39996567,0.37712166,0.35968405,0.30769968,0.34473208,0.30709517,0.30347645,0.33364516,0.35277608,0.4263342
4529,0.42018944,0.36578512,0.37728453,0.36248708,0.35657144,0.2952019,0.34411007,0.32195762,0.31696275,0.35093704,0.38790596,0.4801019
4530,0.54660535,0.47340333,0.4324006,0.40284878,0.3950851,0.31385416,0.36028504,0.35806835,0.3484695,0.38425982,0.429039,0.52410984
4531,0.46779758,0.42187995,0.37653,0.36386427,0.37692675,0.2986829,0.36165085,0.37232804,0.3771965,0.41284716,0.4631275,0.56950045
4532,0.42632258,0.40776563,0.3486728,0.34327024,0.36971095,0.30040923,0.36559898,0.39824978,0.4075244,0.45412305,0.52605104,0.633829
4533,0.4482059,0.4351982,0.36505497,0.3534596,0.37615532,0.31646574,0.36880496,0.42139614,0.44015086,0.49990058,0.59163284,0.68252736
4534,0.4999436,0.48488188,0.40200922,0.3842408,0.39706898,0.3521126,0.38110626,0.45583332,0.48398346,0.5500357,0.65805745,0.7145926
4535,0.45582366,0.45770228,0.39448863,0.38823235,0.40922624,0.38965982,0.40050966,0.48167306,0.52721155,0.59791327,0.7181467,0.7460841
4536,0.8683997,0.7367637,0.53524435,0.51344764,0.46168298,0.44922304,0.4450171,0.5772253,0.58423805,0.6261837,0.7719879,0.7458042
4537,1.1836914,0.88009256,0.54500365,0.5684968,0.43363637,0.45713377,0.5450102,0.6729186,0.653367,0.62686014,0.78813756,0.78411263
4538,0.6098532,0.45379663,0.31473947,0.44729218,0.41918522,0.51285714,0.6417493,0.65015996,0.7199323,0.67422175,0.84460163,0.9230287
4539,1.9714954,1.3633883,0.84598327,0.9536777,0.62471277,0.77495277,1.0842329,1.099522,0.9541954,0.7489097,0.9296422,0.96548146
4540,1.2998214,0.85888964,0.6014669,0.72399974,0.5875543,0.8215086,1.0784116,1.0508012,1.0242339,0.7772058,0.960973,1.0427881
4541,1.1204644,0.7856849,0.6998743,0.8328451,0.75788593,0.99202347,1.1648672,1.1435566,1.0669048,0.77096474,0.9703382,1.0166677
4542,0.8789882,0.681919,0.7960991,0.9089524,0.899725,1.1101508,1.1630797,1.154609,1.0398312,0.77092135,0.9905932,1.0267899
4543,1.0896347,0.90283376,1.1276493,1.1776642,1.130402,1.2476481,1.2239279,1.1781788,1.0699484,0.88071513,1.0774698,1.1226015
4544,1.1969696,1.0817814,1.3533468,1.3742458,1.2294527,1.2680819,1.2021769,1.1131854,1.0895107,0.9906846,1.1793306,1.2128433
4545,1.0549375,1.0799248,1.2820055,1.3120807,1.0882604,1.0884143,1.0273983,0.92816234,1.0217338,0.98196924,1.1986067,1.2189264
4546,1.1124707,1.1660827,1.2654943,1.2435182,0.9959682,0.98266304,0.9191225,0.84298277,1.0155971,1.0440602,1.271933,1.2933273
4547,1.0812869,1.1164098,1.2285063,1.14729,0.88403434,0.9036596,0.9043807,0.90253437,1.125933,1.2545626,1.4661968,1.4695504
4548,0.8149476,0.8852398,1.0317435,0.9282142,0.67792684,0.7490131,0.86981225,0.98389626,1.2269796,1.4540955,1.6253073,1.6082221
4549,0.7299543,0.76638335,0.86103,0.81431335,0.5649896,0.6920209,0.95595855,1.2148352,1.4271421,1.7218986,1.8062506,1.8012863
4550,0.58986247,0.6561596,0.6969083,0.7477339,0.5634359,0.72970146,1.085286,1.3575726,1.5142423,1.7677372,1.7560929,1.7060204
4551,0.6480741,0.68989944,0.7032841,0.8541335,0.75811267,0.9695281,1.3628492,1.561672,1.6414824,1.7747792,1.6565194,1.5255827
4552,1.654761,1.2570566,1.17482,1.3538625,1.2003536,1.5081334,1.7755573,1.9031024,1.872914,1.8009844,1.6486745,1.33308
4553,1.2893264,1.0954593,1.2564528,1.4558233,1.4448186,1.7383516,2.016549,2.0568564,1.9614744,1.8739486,1.6205301,1.3821428
4554,1.1573318,1.1327759,1.4274921,1.6385462,1.7370422,1.9850113,2.1961577,2.1104066,1.9167585,1.7731527,1.4789788,1.2957175
4555,1.220661,1.3253247,1.6440907,1.8807247,2.0141375,2.1557143,2.2626126,2.0358553,1.7668236,1.5728604,1.2809068,1.1363406
4556,2.3230722,2.0185435,2.1865568,2.2838998,2.2645876,2.3085296,2.2596395,1.9168694,1.6388267,1.4252195,1.1915799,1.019022
4557,2.0227208,1.9991851,2.2708805,2.376994,2.2732065,2.2250667,2.0711367,1.6956682,1.4437863,1.2772456,1.0430927,0.9302732
4558,1.8661641,1.9836694,2.2591367,2.33852,2.1718328,2.0692494,1.8439046,1.4866338,1.2489164,1.094812,0.87626386,0.7818398
4559,1.9412054,2.0736072,2.2757459,2.2723475,2.0655293,1.9029797,1.5885615,1.2662973,1.0185996,0.90442085,0.7090527,0.61190116
4560,1.649958,1.9182298,2.0237155,1.9732922,1.6773969,1.4703654,1.1236666,0.92687696,0.7185272,0.66603625,0.5375676,0.45243984
4561,2.99183,2.543034,2.2545707,1.9727062,1.6480064,1.4047883,0.916858,0.8608292,0.6724725,0.70440173,0.6041718,0.41102475
4562,1.8975291,1.798106,1.639173,1.3974427,1.0992805,0.9804175,0.6011892,0.5798372,0.47292784,0.4838891,0.47907826,0.3421873
4563,1.7013817,1.5521058,1.3730342,1.0971289,0.8522092,0.76113725,0.48346674,0.4409896,0.38256878,0.35113668,0.3587079,0.27960324
4564,1.4495716,1.273977,1.1003518,0.8174477,0.6439532,0.5635929,0.37568408,0.33329058,0.31065816,0.2748519,0.29300383,0.2466496
4565,1.8174727,1.3821188,1.0852816,0.76184684,0.6230433,0.52057356,0.36558914,0.3130477,0.29415467,0.2853303,0.29800913,0.2721158
4566,1.937567,1.3531647,0.9466245,0.6659273,0.5750038,0.44185615,0.41359007,0.37194735,0.3439688,0.2860348,0.26543263,0.23164351
4567,1.3179901,0.91584927,0.6618666,0.43914607,0.39878187,0.2901733,0.35211048,0.308515,0.38370427,0.3071637,0.2727878,0.29136127
4568,1.1425143,0.8184179,0.60859025,0.41696987,0.39465883,0.287808,0.37030333,0.3376522,0.3903245,0.32729247,0.2613955,0.30512664
4569,1.8409348,1.2684318,0.766984,0.61601645,0.61090106,0.3712269,0.6472218,0.6228846,0.45431107,0.32116798,0.13631427,0.16098386
4570,1.3704245,0.90681046,0.64907914,0.47491944,0.43327612,0.24300857,0.5375784,0.45883518,0.5165289,0.37030482,0.22509599,0.29334247
4571,1.2613155,0.8730232,0.65366495,0.48270458,0.42868,0.2783541,0.52441674,0.45299035,0.50893754,0.38194248,0.23836859,0.31877047
4572,1.149452,0.8381232,0.64445317,0.48339802,0.41824007,0.30666322,0.4932344,0.4359557,0.50113684,0.38248754,0.2692616,0.35917908
4573,1.0671917,0.827839,0.6421086,0.5107189,0.42037523,0.35472524,0.4856804,0.43645686,0.5148487,0.41061252,0.3488782,0.4442848
4574,0.6248576,0.57468027,0.4594031,0.4070279,0.34654468,0.35029408,0.42731714,0.40637422,0.525489,0.42446327,0.41801983,0.4942032
4575,0.30609828,0.39820093,0.31277168,0.34362867,0.3031105,0.354259,0.41179854,0.42204612,0.5347781,0.4724871,0.52903163,0.6274487
4576,0.30315912,0.43154305,0.30708942,0.37357974,0.30322784,0.3524534,0.41362387,0.46764624,0.5627364,0.5688364,0.6776451,0.8112821
4577,0.429942,0.5457712,0.36050498,0.42230266,0.29780653,0.33939713,0.4220805,0.5506619,0.6596452,0.75379884,0.8731191,1.0189288
4578,0.53526473,0.61792874,0.3888616,0.4522912,0.32885265,0.3904153,0.49996328,0.71704185,0.8431822,0.9906899,1.0472422,1.1544013
4579,0.44504678,0.506319,0.30285016,0.46234524,0.5400949,0.64365363,0.73569196,0.9660217,1.0000981,1.0581002,1.0191035,1.0526963
4580,0.3737781,0.4328832,0.29629707,0.5069341,0.70439607,0.8311238,0.82775164,0.95517117,0.9066522,0.924536,0.9570538,0.9440941
4581,0.38237286,0.4334852,0.32730207,0.52196383,0.682899,0.8295848,0.841628,0.9023641,0.89429855,0.88506305,0.9675269,0.9187139
4582,0.41538632,0.46840078,0.37148383,0.5748056,0.72783023,0.9039049,0.938613,0.9456459,0.94614196,0.87398887,0.9548979,0.861894
4583,0.3930418,0.4684261,0.3984982,0.62260723,0.80292666,0.97241414,1.0362883,0.97039104,0.9583068,0.84020925,0.9004121,0.79683834
4584,0.32500467,0.43458593,0.4481806,0.6792418,0.90402985,1.0166061,1.090656,0.93984514,0.90532684,0.7847667,0.8376664,0.7527978
4585,0.31901902,0.4483692,0.564098,0.767352,0.9957499,1.0290012,1.0800784,0.8738536,0.82278824,0.7300866,0.8103869,0.7527982
4586,0.4496678,0.5695876,0.7288416,0.87398523,1.0427631,0.9911768,1.0178047,0.7996724,0.7423494,0.6955837,0.8135961,0.79996324
4587,0.64678985,0.7025367,0.77623117,0.86804354,0.96815556,0.8774149,0.90194416,0.7103524,0.67133343,0.6580708,0.7829647,0.8466417
4588,0.9482228,0.881459,0.82940525,0.8876947,0.9031093,0.8303717,0.84186316,0.68879247,0.6720712,0.6751423,0.8067596,0.90439236
4589,1.1486341,0.963912,0.8334706,0.86529803,0.7985343,0.7866742,0.7855409,0.67613095,0.6801338,0.6821921,0.8179474,0.90903276
4590,0.9757661,0.8232119,0.74603784,0.7929697,0.7077117,0.7616702,0.71491814,0.6057919,0.6721754,0.6636667,0.82257664,0.90823406
4591,1.005108,0.83480227,0.79484105,0.83513546,0.71521413,0.80397415,0.7209548,0.617207,0.7146605,0.6961377,0.89450383,0.9729426
4592,1.2199999,0.9753825,0.9651747,0.97213465,0.82490206,0.90434587,0.8193838,0.6986202,0.82260525,0.8351468,1.0491397,1.1247749
4593,1.3103809,1.0519441,1.083358,1.0808272,0.9110693,0.97662896,0.91188854,0.78865975,0.95763004,1.015814,1.241666,1.3203503
4594,1.0111268,0.8924471,1.0002701,1.046631,0.87208825,0.9588645,0.935235,0.8731657,1.0732794,1.1389982,1.3972855,1.4987668
4595,0.7542693,0.75500214,0.91803765,0.9589241,0.79040504,0.8994893,0.9324634,0.96671546,1.1972063,1.3122693,1.5835286,1.7086943
4596,0.60425514,0.69682115,0.85994816,0.8075419,0.6907051,0.847965,0.9248039,1.0772384,1.3736298,1.5812142,1.8370204,1.9287833
4597,0.5275855,0.7207126,0.8061096,0.7274456,0.6930808,0.8821983,1.0075287,1.2333255,1.5693507,1.7966524,1.994774,2.0008402
4598,0.518193,0.77946633,0.7597954,0.7647129,0.79901576,1.0024923,1.2034652,1.4250147,1.7470882,1.9052844,2.014654,1.9141854
4599,0.551794,0.8200351,0.7504926,0.87774247,0.94770473,1.1812373,1.4547799,1.637562,1.8960298,1.9419314,1.9768541,1.7688131
4600,0.81285506,0.97083086,0.9338102,1.1806511,1.2581661,1.5531483,1.8515142,1.9464347,2.047129,1.9320669,1.9016504,1.5975282
4601,0.6285982,0.89916867,1.0306373,1.3432046,1.4562255,1.7376716,2.011939,2.0027373,1.9781355,1.8522812,1.7912381,1.5555733
4602,0.78258663,1.0731186,1.2896814,1.5713162,1.6817441,1.8965544,2.0669127,1.9676619,1.8488141,1.7351402,1.6690323,1.4864862
4603,2.5222676,1.9236974,1.8411839,1.8676171,1.8141505,2.0123196,2.0865698,1.9966977,1.8127272,1.7256091,1.69755,1.4596413
4604,2.281389,1.7988883,1.8441002,1.8781323,1.8163364,1.9815826,2.0602043,1.9917243,1.8482516,1.8007528,1.7041436,1.5141797
4605,1.6873811,1.6167969,1.8219116,1.9933817,2.0289862,2.0917616,2.199877,2.0002491,1.8374873,1.6511717,1.4238764,1.3371707
4606,2.8114347,2.2544906,2.2513645,2.2941306,2.298723,2.3012347,2.290468,1.930011,1.7779273,1.4629797,1.2574857,1.0765013
4607,2.5316944,2.2086055,2.3186347,2.2944708,2.2744107,2.2438462,2.121021,1.728548,1.5465698,1.2977145,1.056382,0.91395754
4608,2.8276083,2.39419,2.4660478,2.3044143,2.202576,2.1304066,1.9068565,1.5363152,1.3675483,1.1696626,0.96476793,0.80235016
4609,2.1046486,2.0439446,2.2230685,2.1178746,1.9457822,1.8740883,1.6205301,1.3201196,1.135563,0.9626658,0.7787771,0.66489184
4610,1.9400502,1.9703373,2.1196826,2.0012245,1.7811165,1.6662998,1.38305,1.109733,0.94463265,0.7490548,0.61642927,0.5386642
4611,1.8884587,1.9306035,2.005693,1.8507166,1.5948306,1.4357396,1.1358163,0.8919392,0.75267375,0.5591439,0.48883748,0.4439142
4612,1.8096266,1.8389854,1.8294716,1.636914,1.3516309,1.1700522,0.8784567,0.6932374,0.5729971,0.41091436,0.39541638,0.3646909
4613,1.7111034,1.6966633,1.5826952,1.3489877,1.0674816,0.88155323,0.6247454,0.5178505,0.40046066,0.2980306,0.32230836,0.29779077
4614,1.5665148,1.4638052,1.2676513,1.0013723,0.78528607,0.6141292,0.42212898,0.3745355,0.27638265,0.2409749,0.28465414,0.2669786
4615,1.3287877,1.1708354,0.97031075,0.70737547,0.5746142,0.4235203,0.304372,0.28582346,0.22621721,0.2399528,0.27680808,0.27010462
4616,1.7622496,1.3418508,1.0001719,0.7101169,0.5963494,0.42166072,0.31279197,0.3003261,0.22738804,0.28888196,0.31947076,0.32918754
4617,1.9328803,1.3468962,0.8754591,0.6657992,0.59293854,0.3818071,0.45482135,0.43994248,0.31916595,0.2698234,0.24042168,0.22055158
4618,1.6979415,1.1262276,0.7480582,0.5628389,0.49716783,0.29382744,0.50092155,0.4466596,0.4060244,0.3087672,0.23839276,0.2518381
4619,1.1138643,0.7555633,0.58644724,0.4191536,0.37201965,0.23137154,0.4144833,0.34538218,0.44060123,0.34877753,0.2578368,0.2953855
4620,1.0266119,0.72505957,0.5814997,0.41599825,0.37817633,0.26414734,0.41172972,0.36349362,0.41616648,0.33880568,0.23728706,0.28777108
4621,0.9580183,0.71562517,0.56768155,0.41734552,0.38383913,0.28774098,0.3935773,0.36743793,0.39427394,0.3221471,0.23591867,0.29335943
4622,0.8828598,0.7049183,0.5470773,0.42264053,0.3909893,0.3174527,0.376104,0.3665521,0.37803808,0.31770846,0.2624146,0.31797612
4623,0.55906415,0.5039486,0.40326944,0.3379888,0.34480593,0.31026322,0.3409515,0.345038,0.36617562,0.3171628,0.29112908,0.34387243
4624,0.22186826,0.2820335,0.23847327,0.24375936,0.2995729,0.3056548,0.3280629,0.34174764,0.35383034,0.32933164,0.34881264,0.42269552
4625,0.1532788,0.2538362,0.20239317,0.23508382,0.30370656,0.3073635,0.32577816,0.35770887,0.35004696,0.36789095,0.44219404,0.54454994
4626,0.23780613,0.34097037,0.243522,0.27165377,0.32146206,0.29752126,0.31462824,0.38280672,0.3800211,0.44803506,0.57364464,0.69945705
4627,0.2703497,0.37452355,0.25584835,0.27450484,0.30338383,0.26125664,0.299226,0.41031638,0.4435007,0.5702361,0.7311715,0.8720967
4628,0.3121814,0.40683293,0.2860493,0.2903035,0.29354456,0.2426976,0.30858013,0.4700365,0.54571486,0.7345232,0.9069387,1.0333941
4629,0.3151031,0.39755654,0.29926446,0.3118403,0.30213696,0.2596355,0.36746174,0.57253945,0.6890236,0.9068699,1.0530072,1.1348779
4630,0.32870853,0.38998443,0.3051436,0.35098082,0.34414148,0.33966452,0.4907428,0.71934247,0.8619802,1.0464591,1.1392727,1.1604757
4631,0.3370763,0.38232177,0.3058298,0.39683703,0.42643127,0.48986298,0.6665351,0.86459297,1.0083247,1.096858,1.1283344,1.1020195
4632,0.32028002,0.37799913,0.34782064,0.4522148,0.55630314,0.66803324,0.8043193,0.8835913,0.9780117,0.9563062,0.9720272,0.92831725
4633,0.3546192,0.4198552,0.45627815,0.54842806,0.70407337,0.7911006,0.8836471,0.8430292,0.8691274,0.79471004,0.83174634,0.79498494
4634,0.3792379,0.45708418,0.56625223,0.65163547,0.81680596,0.8486624,0.91058505,0.7919058,0.7743616,0.71230525,0.7775725,0.77426314
4635,0.5028788,0.56890845,0.6793036,0.75598234,0.88073874,0.8582248,0.8917937,0.746152,0.70617145,0.67186165,0.7681565,0.80587196
4636,0.65432227,0.6839538,0.7300567,0.8083907,0.88910365,0.842685,0.8564615,0.714273,0.6842209,0.673198,0.7820208,0.8629628
4637,0.5041006,0.5906374,0.63469493,0.7649908,0.8555259,0.8310163,0.8097885,0.6741744,0.6870791,0.6904327,0.79564476,0.9164407
4638,0.6570643,0.7157534,0.7051589,0.8195471,0.8521532,0.81665397,0.777581,0.68417287,0.7188573,0.7334614,0.8293488,0.94764286
4639,0.98524064,0.9104643,0.82693845,0.86986774,0.82710725,0.8123667,0.7665726,0.7109158,0.7704493,0.7885214,0.885092,0.9788333
4640,0.85203743,0.8007884,0.73874325,0.79545754,0.7348256,0.7882807,0.7316012,0.6723641,0.7923528,0.7854707,0.91401494,1.0184805
4641,0.7895155,0.75778174,0.7235933,0.7942063,0.7069332,0.79791653,0.7452167,0.6739546,0.83687055,0.81654716,0.987416,1.1110833
4642,0.80707294,0.7872821,0.7808276,0.836503,0.7366285,0.8382179,0.8022759,0.712075,0.9213872,0.9218786,1.119974,1.2686789
4643,0.86458796,0.8610417,0.8772543,0.8843916,0.7921209,0.90458804,0.8817245,0.7978165,1.0521158,1.1009184,1.3105233,1.4648021
4644,0.8058288,0.87630624,0.91119844,0.8663101,0.8007041,0.9484976,0.932298,0.9132211,1.1992545,1.2917714,1.5124216,1.6470958
4645,0.8066636,0.94365084,0.9724837,0.87245095,0.84633595,1.0261555,1.0092382,1.0743554,1.3684717,1.4839326,1.7048057,1.7753559
4646,0.8802145,1.0575292,1.047007,0.93757063,0.944276,1.1549898,1.1567507,1.2856951,1.567577,1.6562303,1.8593857,1.8250892
4647,0.84002656,1.0721029,1.0421481,1.0012329,1.0270046,1.2847983,1.3414232,1.503794,1.746001,1.7572705,1.9305164,1.8011094
4648,2.1524882,1.4925443,1.3046844,1.2541952,1.0810678,1.4458886,1.5869682,1.7459993,1.9128441,1.9822993,2.13186,1.8584715
4649,0.5766825,0.8014571,0.8582026,1.0798798,1.1802027,1.6123217,1.7873886,1.9895754,2.0373728,2.0029583,2.0260355,1.89541
4650,1.424674,1.2124258,1.2409651,1.4261314,1.5195082,1.8971008,2.187866,2.2792718,2.1595979,1.9145302,1.870106,1.6566393
4651,1.6964804,1.4540116,1.5529635,1.7915027,1.8661011,2.1143322,2.3879328,2.267128,2.0360317,1.715998,1.5910059,1.446813
4652,2.3372688,1.9187038,1.9459281,2.1447706,2.1121066,2.2131958,2.3666716,2.0874708,1.8694042,1.5408976,1.4300022,1.3129069
4653,2.7047002,2.1904056,2.159862,2.2541902,2.1378212,2.1486635,2.1785877,1.8530855,1.6940765,1.4622393,1.3777244,1.2588809
4654,2.3801997,2.0790524,2.1554077,2.1672795,2.007081,1.9858558,1.9718925,1.6524086,1.5184686,1.3503956,1.2554926,1.2252629
4655,2.028409,1.9184531,2.0515015,2.0634234,1.8741254,1.8244758,1.77929,1.4906251,1.3723593,1.2001368,1.1076051,1.1089678
4656,2.6223478,2.2051656,2.1722567,2.050065,1.8808935,1.7328389,1.6695291,1.4033797,1.2925197,1.1577878,1.0611008,1.008177
4657,2.056527,1.9171697,1.9558442,1.8834667,1.7171223,1.5761296,1.5031627,1.2776158,1.1299362,0.9914777,0.8876184,0.86644435
4658,1.7279025,1.7445276,1.7971294,1.7762239,1.600354,1.45722,1.3486689,1.1621089,0.9986224,0.8253777,0.7226088,0.7197989
4659,1.8102199,1.8028535,1.7857196,1.7406944,1.5376295,1.3689586,1.207708,1.0452502,0.86473787,0.68965364,0.5957006,0.60849804
4660,2.3519626,2.11456,1.9116948,1.7854867,1.5322672,1.3031428,1.0659978,0.95027065,0.71491194,0.64061517,0.5476242,0.5391576
4661,2.282596,2.0469682,1.7546113,1.6365296,1.3462602,1.1156565,0.899868,0.8246096,0.5660721,0.5267092,0.47166145,0.47294894
4662,1.5853575,1.4882371,1.3290365,1.2209334,0.96890366,0.8151791,0.6705476,0.599036,0.4536965,0.36648697,0.3666177,0.386824
4663,1.465211,1.2866946,1.1141355,0.9589164,0.7650624,0.63059884,0.5200749,0.45882094,0.37025052,0.3169856,0.325362,0.34405372
4664,1.3986017,1.1406559,0.9568751,0.7760666,0.6275498,0.50651443,0.42081153,0.3649947,0.32240924,0.31874752,0.3291018,0.33253127
4665,1.4992932,1.1497018,0.92994964,0.7287569,0.59628975,0.46330297,0.39321983,0.3306865,0.29540858,0.3253839,0.3370944,0.32906
4666,1.1321387,0.84914577,0.72557706,0.55783343,0.46896797,0.36148977,0.34496748,0.2785541,0.2969959,0.32471177,0.3177274,0.3134007
4667,0.7472112,0.563556,0.54138327,0.42524976,0.38904628,0.31504348,0.33875275,0.2706259,0.30217797,0.33291155,0.31288224,0.33616346
4668,0.57520103,0.4428388,0.45729628,0.37582952,0.3736472,0.31129867,0.35204634,0.2909425,0.3008606,0.33450112,0.31881332,0.36708516
4669,0.49009395,0.3956638,0.40718845,0.3513328,0.37545347,0.31428212,0.3539909,0.31184775,0.29566944,0.32693118,0.32490852,0.38908178
4670,0.42853552,0.3811046,0.35952893,0.32757318,0.38079903,0.32337874,0.3409933,0.3303213,0.2886765,0.3181726,0.34679303,0.42467856
4671,0.4383313,0.42664742,0.35103634,0.33300012,0.40028036,0.33423525,0.32623994,0.35165834,0.30059743,0.3398467,0.41701862,0.51197106
4672,0.3555081,0.36872408,0.29800966,0.30002177,0.37991196,0.31070775,0.3196578,0.36059135,0.32378486,0.3729872,0.48028272,0.59917635
4673,0.3762768,0.39295954,0.3118252,0.3118512,0.38738385,0.3060181,0.32147324,0.3849365,0.35432082,0.42692173,0.56728554,0.6975373
4674,0.4433788,0.45665932,0.35918874,0.34734535,0.40787446,0.31627658,0.32298487,0.42152417,0.40972662,0.51095295,0.68706864,0.8084617
4675,0.42717755,0.44676584,0.3717189,0.36104798,0.41494182,0.33211416,0.34060723,0.4620673,0.48268163,0.60563916,0.7982688,0.89671504
4676,0.38829166,0.41346702,0.38351303,0.37907472,0.4269987,0.37035432,0.37579238,0.5075709,0.56067324,0.7003476,0.90324974,0.9660906
4677,0.39439476,0.41070026,0.4191576,0.4203346,0.4588309,0.4383857,0.43119994,0.5576179,0.6375873,0.77604043,0.97715724,1.0013065
4678,0.41545355,0.41967583,0.45369944,0.46862516,0.5036163,0.51722205,0.5007161,0.60307777,0.7041656,0.82610345,1.0182836,1.0254492
4679,0.41875225,0.42618507,0.47319296,0.5154705,0.5599139,0.5846335,0.56963146,0.631369,0.73845196,0.83983374,1.0201364,1.0417268
4680,0.50154024,0.5015048,0.52119017,0.58651876,0.63107276,0.63475263,0.6284699,0.65556604,0.7507279,0.82979524,0.9934968,1.0426089
4681,0.46015966,0.4990341,0.520194,0.6154834,0.6806501,0.6605141,0.6589053,0.65851176,0.76230717,0.829281,0.96600235,1.0548131
4682,0.5015261,0.56219774,0.56649196,0.6679908,0.71686196,0.6647119,0.65742713,0.66066533,0.7794806,0.8442106,0.9545131,1.0640869
4683,0.61584836,0.65870947,0.64119375,0.7184502,0.7368647,0.6724897,0.6599571,0.6899973,0.8356341,0.9041524,0.9880775,1.0927005
4684,0.8980724,0.83446765,0.778817,0.80213964,0.7716785,0.7341604,0.721699,0.7729259,0.9388815,0.9955431,1.0638437,1.1304042
4685,0.93817043,0.84666914,0.7975104,0.80901986,0.7636249,0.7831555,0.77729744,0.81476784,1.0198687,1.0523633,1.1312873,1.1776488
4686,0.6725487,0.68479776,0.68077886,0.73290396,0.7056294,0.77781034,0.77806455,0.8093392,1.0459985,1.0577723,1.1693981,1.244247
4687,0.68659353,0.69715637,0.710593,0.74339306,0.7120387,0.81088364,0.8185693,0.83424026,1.0797981,1.115803,1.2554817,1.3382735
4688,0.44008106,0.53128016,0.58887535,0.618163,0.6176342,0.7488178,0.77726424,0.8185774,1.0761304,1.1657618,1.3438991,1.4554057
4689,0.4681012,0.5505711,0.62147015,0.5963699,0.6261847,0.76092684,0.8009565,0.8691277,1.1244043,1.2862067,1.473534,1.5678792
4690,1.7538028,1.3567991,1.1660473,0.9948327,0.97130144,1.2266533,1.213553,1.3136358,1.5782214,1.7454808,1.8598411,1.7374192
4691,1.5481272,1.2562027,1.1121881,1.0051373,0.99827605,1.4267944,1.4624623,1.630168,1.8513066,1.9582467,2.0539014,1.8936783
4692,0.5354751,0.7742744,0.84565264,0.9410211,1.129092,1.566651,1.6846123,1.8857598,1.9688014,1.946111,1.974867,1.8688937
4693,0.4334268,0.7482686,0.907105,1.1198976,1.3522415,1.7517962,1.9128317,2.1003542,2.0234702,1.8820541,1.878366,1.6790456
4694,0.8062241,1.0211935,1.1864831,1.4342701,1.6300163,1.9680556,2.1091847,2.1904156,1.9875492,1.7433408,1.7348562,1.4872298
4695,1.0797229,1.2661648,1.4685414,1.7258325,1.8404045,2.0706403,2.1545358,2.101102,1.8711596,1.5767108,1.5744107,1.37209
4696,1.6312387,1.6912441,1.8669701,2.0386083,2.062245,2.103692,2.128422,1.9165514,1.7206552,1.4449301,1.4313035,1.3240113
4697,2.5020237,2.1552584,2.1603718,2.2087562,2.0784085,2.0347826,1.9989467,1.7382221,1.6205833,1.4406803,1.4864887,1.3582449
4698,1.0689712,1.4741162,1.7692921,2.0305734,1.82148,1.7707654,1.7225901,1.4922385,1.4580388,1.3495026,1.3291131,1.3080236
4699,1.1620024,1.5432357,1.7566545,1.9105418,1.7269121,1.618357,1.51251,1.2945678,1.2825111,1.2010571,1.1689211,1.1429572
4700,1.2904385,1.6061249,1.736203,1.7630144,1.5892649,1.4344518,1.3074911,1.1060108,1.1278344,1.081492,1.0280945,1.0095923
4701,1.555454,1.6950865,1.7300246,1.6188828,1.4586422,1.2831974,1.1775112,0.99764884,1.0577691,1.0223624,0.9522681,0.9374759
4702,1.3986696,1.5262253,1.5636415,1.4206746,1.2728349,1.1351981,1.050973,0.9119373,0.9910269,0.9648614,0.8813822,0.85446453
4703,2.2533212,1.8591872,1.6363056,1.4094906,1.2675179,1.1396909,0.99439865,0.97596425,0.99833703,1.0012206,0.960966,0.79605275
4704,2.3021543,1.825987,1.4667685,1.3671016,1.2794002,1.1690896,1.0312315,1.0574043,0.9891331,0.9449173,0.85138,0.58342874
4705,2.1789804,1.8342948,1.4596658,1.3976487,1.3045897,1.2362229,1.0799047,1.0802941,0.92163134,0.8393463,0.6637366,0.44891697
4706,1.8839072,1.7080216,1.4578364,1.3911756,1.2365954,1.2089115,1.0467253,1.0132236,0.8184687,0.67529464,0.48730883,0.36227778
4707,1.510741,1.4735256,1.3486807,1.2953906,1.1060342,1.0810851,0.91369015,0.8502885,0.68050015,0.48537683,0.3517784,0.2911174
4708,1.7990551,1.608903,1.431217,1.292774,1.0854208,1.00498,0.8281168,0.72550714,0.56539804,0.37468112,0.29256004,0.2599844
4709,1.5305113,1.3947312,1.2551942,1.1120025,0.9212817,0.8196231,0.6641039,0.5688619,0.44463715,0.28316393,0.25378576,0.2392909
4710,1.4552071,1.2657889,1.1107476,0.93287575,0.7784992,0.6523376,0.538373,0.45329458,0.35853544,0.24989428,0.23400337,0.23049024
4711,1.3165025,1.0960245,0.9451466,0.75170517,0.6431689,0.5053377,0.4370218,0.36946595,0.30385566,0.246973,0.23044567,0.23065208
4712,1.4707289,1.1216308,0.9077309,0.6797142,0.5973667,0.43777475,0.39164376,0.33683345,0.27663025,0.26634887,0.25166374,0.2569529
4713,1.1090902,0.8263521,0.67770654,0.48730138,0.45380026,0.30714202,0.32676196,0.2894845,0.2809957,0.2812764,0.24764314,0.26670977
4714,1.5229555,1.0976875,0.79367185,0.5978495,0.53346175,0.35706702,0.40204945,0.3679623,0.2878699,0.29250136,0.26886648,0.30875063
4715,0.76087373,0.5718481,0.46677363,0.34537485,0.33267218,0.22720397,0.29155505,0.26480705,0.31662804,0.29504612,0.2507014,0.28647283
4716,0.87042505,0.67382187,0.54767144,0.40984786,0.39567137,0.3029912,0.33808422,0.31071967,0.30567086,0.31687725,0.27032864,0.31267762
4717,0.91593415,0.7164504,0.56874764,0.43348718,0.41146713,0.3130837,0.33397853,0.3190024,0.2973733,0.30939946,0.27406013,0.31316954
4718,0.30496347,0.29118565,0.27292916,0.23598388,0.28828824,0.26075807,0.28690162,0.28250787,0.29842848,0.2969999,0.2810471,0.33069527
4719,0.19120668,0.23019192,0.2248811,0.220518,0.30016482,0.29395282,0.305281,0.30691856,0.289531,0.3157512,0.34612852,0.4203511
4720,0.19170076,0.24134356,0.22646365,0.2308667,0.310976,0.29190135,0.29999113,0.318154,0.2935766,0.34300846,0.41150886,0.50788444
4721,0.18839969,0.2464959,0.21909891,0.22735378,0.3007019,0.27245548,0.2829714,0.3229477,0.31477743,0.3900001,0.50464356,0.6263649
4722,0.23735797,0.29099643,0.24616946,0.23917922,0.29103142,0.2536485,0.26166293,0.33511406,0.3638844,0.48445743,0.65592915,0.7921176
4723,0.23382084,0.2836494,0.25850284,0.23087475,0.25688383,0.22590443,0.2403025,0.3517718,0.44549072,0.6275226,0.84202874,0.9688145
4724,0.2038302,0.24557036,0.26713735,0.22376665,0.21699579,0.20657797,0.24061427,0.39474875,0.56137854,0.8057288,1.0331757,1.121729
4725,0.24721196,0.26082978,0.29479152,0.2536937,0.2059482,0.225739,0.3002233,0.51145697,0.73802364,0.99629116,1.190128,1.2200596
4726,0.33869863,0.31937104,0.30667263,0.3086754,0.2366777,0.3033046,0.4527201,0.71411026,0.9748794,1.1533911,1.2619597,1.2367728
4727,0.3635772,0.33863133,0.2950636,0.36621866,0.31601328,0.4440581,0.6661747,0.91499394,1.1690717,1.2185067,1.2340788,1.1839616
4728,0.3485865,0.3321749,0.31841698,0.42963916,0.44503742,0.6338954,0.8612503,1.0380414,1.236818,1.178816,1.1496726,1.1020674
4729,0.28268856,0.30138236,0.42189342,0.5167723,0.63582927,0.824052,0.9504465,0.9857237,1.074024,0.9800141,0.9822172,0.95926166
4730,0.3595283,0.40848625,0.6173098,0.6758106,0.80728394,0.89597565,0.9219272,0.8803843,0.8672426,0.8156934,0.8742497,0.8780116
4731,0.48410326,0.54509157,0.7396978,0.8065413,0.91860235,0.9263042,0.9304474,0.8754828,0.83154905,0.80952024,0.86673796,0.89920217
4732,0.41166425,0.52461636,0.7353391,0.8568388,0.99806565,1.0182375,0.9966204,0.9278589,0.8779566,0.84769094,0.89245117,0.93183213
4733,0.38959396,0.56932026,0.78968716,0.9592719,1.1007435,1.13334,1.0780172,0.98949003,0.9343302,0.88718617,0.9337913,0.96795857
4734,0.5518636,0.77560157,0.9690116,1.1303492,1.1959972,1.1364988,1.0844306,0.99942917,0.9918921,0.9870218,1.0124197,1.0685914
4735,0.7940338,1.0331771,1.1605864,1.2670755,1.2446293,1.0936732,1.0685264,1.0000935,1.0562369,1.1051109,1.1144495,1.1778002
4736,1.1816227,1.3500757,1.3559341,1.3537545,1.2877806,1.1006296,1.1277506,1.091512,1.2038622,1.2719702,1.2357115,1.2491536
4737,1.1939622,1.3541696,1.3221829,1.3081505,1.2445838,1.0899872,1.1865655,1.1566515,1.2697483,1.3138835,1.2698215,1.2797
4738,1.9797205,1.6276658,1.4057784,1.2669222,1.1884321,1.2435571,1.304537,1.3512664,1.4610493,1.4826132,1.4672847,1.3625305
4739,2.218411,1.6407533,1.3615549,1.2163455,1.1869754,1.3332567,1.354886,1.4096067,1.4918901,1.5191033,1.4614751,1.3265637
4740,0.79411083,0.9813628,0.924,1.0169266,1.1103891,1.3162868,1.2723452,1.4000216,1.3232206,1.3781544,1.3971415,1.4093416
4741,0.6072412,0.87386316,0.93149674,1.0901644,1.1279558,1.2493138,1.2964509,1.4791772,1.3279285,1.4158592,1.4363374,1.4101413
4742,0.6232654,0.88226366,1.0008563,1.1082788,1.1536105,1.2222986,1.3187342,1.5319052,1.376548,1.5055549,1.5219384,1.4553328
4743,0.5717171,0.8184856,0.99671733,1.0765257,1.110625,1.1598628,1.2823942,1.5168006,1.4114559,1.5617981,1.5754541,1.4582729
4744,0.67599887,0.83598864,0.98908716,1.0680172,1.0992275,1.1670023,1.2900618,1.5011055,1.4612086,1.5431987,1.5658476,1.3862963
4745,0.65622383,0.77180046,0.9209118,1.0366864,1.1171917,1.2106812,1.3141967,1.451853,1.4541194,1.428647,1.4455711,1.2691648
4746,1.1327784,1.0817237,1.160044,1.2268456,1.319347,1.4151137,1.5006723,1.5141721,1.5398364,1.3688339,1.3981981,1.2268707
4747,1.773844,1.427297,1.4345288,1.4093885,1.4638517,1.5517942,1.6197996,1.5614679,1.5678827,1.3689795,1.4121609,1.2456458
4748,1.4033239,1.3105122,1.5171332,1.489389,1.5132627,1.5583559,1.5978668,1.4734244,1.4920197,1.3244718,1.3224418,1.2272618
4749,1.4477159,1.4044793,1.6275175,1.5718324,1.5573326,1.5444102,1.5583109,1.4022844,1.4054414,1.2472235,1.2195239,1.1242454
4750,2.191056,1.8060188,1.7884467,1.6627386,1.6104512,1.5243462,1.4808732,1.3363972,1.2959414,1.1803777,1.1522673,0.97626215
4751,1.6549824,1.5669339,1.6668098,1.5962255,1.52758,1.4046865,1.368638,1.1647346,1.1166716,1.0175238,0.9078436,0.79276294
4752,1.7731543,1.6266739,1.6640217,1.5747961,1.4745742,1.3234278,1.3087219,1.1012464,1.047362,0.9414662,0.80237544,0.70868134
4753,2.2680917,1.8260493,1.6169474,1.5210025,1.4398875,1.2519834,1.221641,1.0591118,0.988904,0.8970238,0.80353224,0.6847204
4754,2.0550635,1.6921793,1.4456582,1.4020531,1.323866,1.1348307,1.1587212,1.0428846,0.9238018,0.8392302,0.7546435,0.6812563
4755,1.769503,1.5266119,1.3386714,1.3125428,1.2246523,1.070213,1.1273454,1.0319314,0.892918,0.77071726,0.67570484,0.651293
4756,2.218607,1.7943074,1.3344667,1.3309417,1.2497956,1.0061622,1.0904554,1.05495,0.84508276,0.76937747,0.6634886,0.5901833
4757,2.0324168,1.7555044,1.3131285,1.3126209,1.167126,0.9634229,1.0009204,1.0323591,0.7515212,0.7135078,0.5908276,0.54658085
4758,1.5275272,1.4640188,1.254595,1.2431508,1.041933,0.9376915,0.8867353,0.89230394,0.66412413,0.5611182,0.4429365,0.43615484
4759,1.5564655,1.4193752,1.25207,1.1869248,0.97556597,0.86994225,0.7885661,0.73198485,0.554986,0.41858032,0.33773276,0.3472829
4760,1.5654429,1.3283491,1.1546063,1.0351241,0.85104066,0.72925556,0.6481737,0.56257856,0.44370726,0.322869,0.29415768,0.31006113
4761,1.6728569,1.3070883,1.0738677,0.91117793,0.7580739,0.61613876,0.5505331,0.46543956,0.36960325,0.29302785,0.29269296,0.296678
4762,1.5267378,1.1281986,0.9077349,0.73097163,0.6135126,0.47862905,0.45263785,0.3730721,0.33265632,0.2873893,0.29111776,0.28634906
4763,1.509911,1.0813655,0.8543708,0.6657998,0.55977875,0.42378092,0.42011553,0.339194,0.31479305,0.29579735,0.29500777,0.28870016
4764,1.3214651,0.9306894,0.7583785,0.57155603,0.48325354,0.35878262,0.38030672,0.29840815,0.31252578,0.30376548,0.28857905,0.28622213
4765,1.2447679,0.8714779,0.72008306,0.52806544,0.4540035,0.33132052,0.36886925,0.2897936,0.30730942,0.30939093,0.28050116,0.28854778
4766,1.2213757,0.856665,0.7082111,0.5132504,0.44603068,0.31885302,0.36022818,0.28572276,0.29671896,0.3034947,0.27284604,0.2852983
4767,1.2370257,0.8698751,0.70714587,0.5096305,0.4441154,0.31087744,0.35493076,0.2856822,0.28539094,0.29181692,0.2641142,0.27913147
4768,1.167723,0.82584184,0.6702676,0.47932985,0.42194533,0.29442924,0.34001392,0.2769345,0.27983955,0.28079504,0.25303978,0.27027795
4769,1.1202489,0.8015527,0.6468011,0.46264172,0.4111805,0.29258606,0.33221853,0.27538255,0.27374992,0.2730697,0.24658057,0.26550558
4770,1.1299641,0.82082456,0.64439553,0.46673077,0.4118538,0.2998468,0.3299803,0.28212214,0.26575,0.2619081,0.24325095,0.26342848
4771,1.4325345,1.0377097,0.7316131,0.56706643,0.466195,0.3376798,0.3986705,0.3501221,0.26167998,0.23427416,0.24630336,0.27006322
4772,1.3583412,0.9695001,0.6745966,0.52501434,0.4121831,0.30305552,0.39387769,0.33210883,0.2930064,0.22432142,0.23840222,0.2580029
4773,1.1215657,0.81880677,0.5987488,0.45414147,0.35976297,0.29362676,0.3567751,0.29252678,0.3179265,0.24446598,0.24656434,0.26632938
4774,0.96464854,0.7392369,0.55907226,0.4285694,0.34906182,0.32499468,0.3453502,0.29001638,0.3299572,0.26590163,0.2754535,0.29996282
4775,0.69284534,0.5766242,0.4574541,0.36724937,0.31981146,0.34459043,0.32675585,0.28100532,0.35514468,0.2985688,0.3348415,0.368752
4776,0.41256005,0.40196717,0.33768848,0.30587602,0.29747787,0.36949462,0.3327937,0.2909415,0.40046608,0.35883296,0.45578837,0.51239645
4777,0.32313764,0.36905736,0.30885237,0.32293835,0.3182246,0.39902794,0.36191168,0.33499348,0.46898928,0.46312588,0.6392423,0.7293976
4778,0.41866517,0.4794078,0.37690324,0.411373,0.36408177,0.4134832,0.38611615,0.41059148,0.5609741,0.61360955,0.8470639,0.96869045
4779,0.5256403,0.5898173,0.45243433,0.48973715,0.37467113,0.4015417,0.40648383,0.52055067,0.6971216,0.8305131,1.0776047,1.2202808
4780,0.5858182,0.6612398,0.50833046,0.5549278,0.3713599,0.41320318,0.49142534,0.7222466,0.913362,1.1405399,1.3269871,1.4675827
4781,0.67928743,0.75483555,0.5607984,0.67898935,0.47677594,0.53982705,0.7266109,1.0627121,1.1976556,1.4396944,1.4828464,1.5855728
4782,0.7368752,0.7878948,0.5645317,0.786536,0.66012514,0.7251137,1.0053935,1.3933227,1.4135695,1.5773373,1.4954833,1.5595729
4783,0.7127944,0.7513781,0.55656385,0.84607613,0.8382108,0.9054838,1.2270198,1.6054485,1.5152768,1.6072844,1.4659238,1.5220587
4784,0.5984426,0.6705318,0.5739528,0.92115873,1.0930964,1.1796801,1.4896884,1.7710996,1.5650425,1.5765465,1.3733795,1.4399602
4785,0.65653545,0.71767586,0.703489,1.0488509,1.317548,1.389759,1.6061918,1.7637825,1.4978374,1.4558066,1.2685958,1.3229532
4786,0.7027142,0.70837224,0.70350885,0.9742614,1.1629906,1.2604822,1.4981074,1.7519276,1.5487164,1.5644072,1.46321,1.4883662
4787,0.8060723,0.68918216,0.5614735,0.6454661,0.54767746,0.51017356,0.64242417,0.83150643,0.92819,1.029878,1.3777256,1.4790224
4788,0.76987094,0.6580877,0.5977541,0.6988652,0.6068406,0.5963131,0.77456725,1.0025681,1.0965632,1.2049142,1.5270791,1.5968212
4789,0.7548183,0.6525146,0.6655991,0.7737174,0.71734536,0.73979235,0.955282,1.2249789,1.2875354,1.3961349,1.6572418,1.6902978
4790,1.2851573,0.9828995,0.94775754,1.068861,0.9698519,1.0166401,1.3074217,1.6103151,1.5330126,1.5684961,1.7509819,1.7704297
4791,1.7447133,1.325639,1.3576975,1.5261513,1.3981591,1.4870898,1.7902846,1.9801531,1.784374,1.6791276,1.7264272,1.8020517
4792,1.3541067,1.2571739,1.5580161,1.7781632,1.7107927,1.7838424,1.9258965,1.9229898,1.7020724,1.5265679,1.5398214,1.6557573
4793,1.0970466,1.2183176,1.5014067,1.7477142,1.5756863,1.5735006,1.5757025,1.556694,1.3689709,1.2986121,1.3907142,1.5037035
4794,1.3384236,1.4147546,1.5857844,1.7557232,1.5421541,1.4792955,1.4447882,1.415077,1.2786936,1.281962,1.4011236,1.5109951
4795,1.2097677,1.3159938,1.5128975,1.6616325,1.4587548,1.3969716,1.4243584,1.4201007,1.2983022,1.3358585,1.4371853,1.537778
4796,1.5968776,1.5780911,1.6803939,1.7201655,1.4836285,1.4371608,1.3967556,1.393472,1.3338572,1.4403635,1.532183,1.5705767
4797,2.3232386,2.0015585,1.9698346,1.9413139,1.5718275,1.6275554,1.4772174,1.513257,1.4768773,1.5944074,1.7041963,1.6168244
4798,2.0926387,1.8544835,1.91083,1.9682279,1.5922861,1.739114,1.6623602,1.6947982,1.616355,1.6440318,1.688272,1.5758213
4799,2.26787,1.9827955,2.076196,2.1531582,1.7613845,1.9554976,1.8486431,1.7717304,1.6705542,1.5967457,1.6019948,1.4880589
4800,3.311756,2.5865877,2.6505375,2.6377332,2.0445747,2.2930744,2.0979865,1.8705854,1.7732025,1.6192638,1.4994642,1.2205783
4801,3.0552511,2.5177329,2.593768,2.4638524,2.085585,2.332723,2.0240133,1.7972648,1.6736401,1.5280464,1.3596963,1.1606886
4802,3.1358056,2.6016648,2.6181123,2.4266324,2.1020858,2.262795,1.9145381,1.7226319,1.5666426,1.4545029,1.2609563,1.1076283
4803,2.307128,2.1326394,2.2171667,2.1063635,1.9342613,2.091536,1.7307148,1.563932,1.43969,1.266525,1.1557151,1.1138713
4804,2.4911213,2.2569933,2.261838,2.1374223,1.962784,2.0493555,1.6937653,1.5317688,1.3987983,1.2335383,1.1484245,1.1445427
4805,3.001539,2.5616095,2.4341123,2.2692058,1.9893354,1.9765238,1.6391599,1.5313017,1.3587757,1.2945548,1.1580727,1.1774964
4806,2.7485416,2.3751917,2.279928,2.0902076,1.857376,1.9012781,1.5584644,1.4259796,1.3140469,1.2179345,1.1241136,1.1689383
4807,2.3417478,2.1080563,2.0537412,1.897882,1.7391996,1.841342,1.4867276,1.3314681,1.2686839,1.1311264,1.0672067,1.0953077
4808,2.107874,1.9515733,1.9041812,1.788628,1.6750563,1.77696,1.4280598,1.2706923,1.1969447,1.0415572,0.9689547,0.96547717
4809,2.1564906,1.9719722,1.8746343,1.7658108,1.6529483,1.7015474,1.3599689,1.2026305,1.0871539,0.9454,0.8494245,0.8251654
4810,1.9467089,1.7998779,1.6945832,1.6403587,1.5065526,1.5231982,1.2297614,1.0765545,0.9534813,0.8050258,0.72929853,0.7019149
4811,1.84796,1.6953965,1.5182788,1.5018381,1.3359724,1.3112162,1.053235,0.93158007,0.80029774,0.67750335,0.66272604,0.6472527
4812,1.6000984,1.4822705,1.2570441,1.2566574,1.0911559,1.0751158,0.830396,0.7606086,0.65657806,0.55660045,0.6202418,0.5840463
4813,1.2761616,1.209676,0.9858232,0.98609895,0.8641494,0.86777467,0.64134365,0.6161181,0.5501534,0.4775756,0.5839051,0.52537787
4814,1.1311795,1.0643437,0.84187716,0.82272565,0.7446504,0.7254113,0.5412477,0.534233,0.48716304,0.45399255,0.56390357,0.51453185
4815,1.0353905,0.96191907,0.7525988,0.71932375,0.6768685,0.6149844,0.49458295,0.49863645,0.45991653,0.45039055,0.54194343,0.52054596
4816,1.0214044,0.9337495,0.7183851,0.6723803,0.6568009,0.54446137,0.4799919,0.49845138,0.45027733,0.4519363,0.5206905,0.52815497
4817,0.9223469,0.8542305,0.6527588,0.61702955,0.6384981,0.49174583,0.48318416,0.5134529,0.45773625,0.45616955,0.50126445,0.5379212
4818,0.6764897,0.6734394,0.5229839,0.5253048,0.5988659,0.44359004,0.49562156,0.52694714,0.47237465,0.4668541,0.49126446,0.5693698
4819,0.5251413,0.554463,0.43516687,0.45207942,0.55323195,0.39219382,0.48878068,0.5200272,0.46752283,0.47933027,0.49711567,0.6160656
4820,0.43903357,0.47244412,0.3716815,0.3828522,0.4876616,0.33622214,0.4476124,0.4865502,0.44417,0.485836,0.5125456,0.6528893
4821,0.38849992,0.43422163,0.32747638,0.3379345,0.43827403,0.3134094,0.39050657,0.45906478,0.41447365,0.48664826,0.56048805,0.70003855
4822,0.40338027,0.46177047,0.3341199,0.34068343,0.41418222,0.31231415,0.3401593,0.4577865,0.44450974,0.56641746,0.73732734,0.8726657
4823,0.41148245,0.46296936,0.3626094,0.36760807,0.40438008,0.31931287,0.3513795,0.5086074,0.5626968,0.7441535,0.9780443,1.1058649
4824,0.39690495,0.44217646,0.38844168,0.40110123,0.4332018,0.35290325,0.40784413,0.59578013,0.6679548,0.87928486,1.1070606,1.2032127
4825,0.38438642,0.42323756,0.4141009,0.43422234,0.48986626,0.41867626,0.47203124,0.6621029,0.72151506,0.9181757,1.1242176,1.1805578
4826,0.44156998,0.45278436,0.46918264,0.48907784,0.5509144,0.5083485,0.53783053,0.71466947,0.7742106,0.9419372,1.1423385,1.1662964
4827,0.42587626,0.4288997,0.48577738,0.517655,0.59065825,0.5873663,0.5904567,0.7158325,0.7968248,0.93721044,1.1339484,1.155246
4828,0.4388193,0.44149715,0.5094291,0.5601781,0.6301114,0.6445395,0.62858176,0.700483,0.80021226,0.9170716,1.1096889,1.143356
4829,0.44743675,0.46019512,0.5328226,0.59771436,0.6783883,0.697288,0.6811446,0.74155056,0.8576739,0.96457636,1.1330397,1.1800654
4830,0.53844535,0.54069805,0.5950899,0.646842,0.7546145,0.7827446,0.75694185,0.84314066,0.95691717,1.051604,1.172758,1.2024298
4831,0.5425999,0.5689868,0.63096595,0.68205357,0.85199,0.908546,0.85642064,0.9476857,1.0554274,1.1242218,1.18866,1.1994331
4832,0.54762715,0.62550473,0.6936112,0.758334,0.96445537,1.0323601,0.9398976,0.99678904,1.1083534,1.144023,1.1747006,1.191832
4833,0.59204763,0.7373408,0.7971207,0.8711865,1.0775945,1.140528,1.0152384,1.0281558,1.1471701,1.1599374,1.1801674,1.2238629
4834,0.6460887,0.8551731,0.88945836,0.96032226,1.1271288,1.1677806,1.0312377,1.0068872,1.1440283,1.1565608,1.1915253,1.2819805
4835,0.761876,0.9703915,0.9674517,1.0101583,1.1044065,1.1178908,0.9996488,0.9674085,1.1342119,1.1669973,1.2218202,1.3505002
4836,2.2894092,1.7791542,1.5203993,1.3845791,1.2613198,1.3124368,1.260938,1.3700259,1.4679829,1.4746251,1.4925326,1.4598749
4837,0.80345666,0.95979774,1.0034273,1.0667251,1.0956866,1.302711,1.2381092,1.2566028,1.3744792,1.298784,1.3474443,1.4270748
4838,1.020231,1.0789566,1.2315979,1.271404,1.2468667,1.399261,1.3823866,1.3371964,1.3885454,1.2779366,1.3630352,1.4166855
4839,0.8779807,0.9886572,1.2265198,1.2524765,1.2286577,1.3925278,1.3980563,1.3550291,1.3934323,1.3182013,1.4542587,1.476518
4840,1.6285119,1.4929693,1.6007497,1.4719393,1.4136355,1.5470543,1.5256783,1.4958456,1.5586965,1.5333436,1.6979976,1.6244408
4841,1.1635633,1.2856826,1.4479971,1.4032722,1.3148398,1.4853399,1.4960257,1.5628979,1.6170905,1.6118568,1.813745,1.7256504
4842,1.0486999,1.2009275,1.3733552,1.385381,1.2680236,1.4650284,1.533543,1.6692581,1.7165232,1.6726767,1.8875108,1.7367992
4843,1.036866,1.1687042,1.3192663,1.3953384,1.2658317,1.5166237,1.6179023,1.7502952,1.794011,1.681316,1.8784357,1.65316
4844,1.0715466,1.1788222,1.322334,1.4524499,1.3463852,1.6209615,1.736429,1.7955067,1.8270825,1.641469,1.7862391,1.5413696
4845,1.3733532,1.3519182,1.491667,1.5743431,1.4970486,1.7338921,1.8394059,1.7807114,1.8004577,1.6062171,1.6988729,1.4694533
4846,1.3785186,1.4048176,1.6097031,1.6411896,1.565255,1.7366652,1.8223948,1.6891811,1.7515231,1.600946,1.6361955,1.4775406
4847,1.7869824,1.6265088,1.7871397,1.713088,1.6204683,1.7068185,1.7723937,1.6172469,1.6803371,1.5908091,1.6012512,1.4392871
4848,1.7978206,1.6331385,1.804368,1.7114944,1.61051,1.6401292,1.7009977,1.5548139,1.6103572,1.5521765,1.5117344,1.3561298
4849,2.3584492,1.8662498,1.8553362,1.7814045,1.7145996,1.7016964,1.7043105,1.5652871,1.5716255,1.451663,1.4106624,1.180717
4850,1.7593071,1.6161112,1.736634,1.7605892,1.761226,1.71674,1.7171875,1.4820297,1.4266592,1.2385653,1.0759895,0.939046
4851,1.8578569,1.7326739,1.8321218,1.8236662,1.7947482,1.7073622,1.6353921,1.3587673,1.2521434,1.0150735,0.8019633,0.6734288
4852,1.9717752,1.8448251,1.8890522,1.8300565,1.7406777,1.6210876,1.4444361,1.1836948,1.0423046,0.8238952,0.6096718,0.4787236
4853,2.3695722,2.071798,1.9543593,1.8341762,1.7045108,1.5655113,1.2675219,1.0679624,0.8983264,0.7265912,0.5581094,0.40097147
4854,1.9275498,1.8453808,1.7766712,1.6825305,1.4734027,1.3629975,1.0599864,0.92341536,0.73323405,0.590971,0.44527072,0.33778822
4855,1.8383558,1.767577,1.6752787,1.5364164,1.2853707,1.1640075,0.8682547,0.75655526,0.5772005,0.450445,0.34784797,0.27413118
4856,2.4416876,2.0596156,1.6864166,1.494809,1.2431971,1.0522529,0.767361,0.6921836,0.48826143,0.41497526,0.36944434,0.28351393
4857,1.7189915,1.5057261,1.269793,1.0952826,0.8857972,0.7446899,0.577739,0.5214386,0.40331274,0.30295286,0.32434705,0.30113927
4858,1.6370859,1.3517123,1.1137104,0.9096845,0.75331193,0.6072859,0.5110319,0.44977772,0.3600896,0.2737754,0.28566957,0.2890594
4859,1.5184584,1.1870829,0.95774245,0.7435662,0.6301445,0.48218387,0.43612826,0.38146076,0.32817763,0.2655661,0.27438104,0.28512132
4860,1.7989568,1.308495,0.9498294,0.73863417,0.63664675,0.45169848,0.46605092,0.41302395,0.32122967,0.26831084,0.27599877,0.28268903
4861,1.2328455,0.88066155,0.70291173,0.51168,0.43814158,0.2991407,0.3606797,0.29828787,0.3424443,0.2833893,0.2662728,0.28228623
4862,1.2271816,0.87339824,0.710168,0.5037417,0.44011933,0.31030867,0.3739283,0.30800796,0.33100677,0.3032793,0.26083562,0.28851932
4863,1.301292,0.9232625,0.72842246,0.5176681,0.44926488,0.30955276,0.37739784,0.31738192,0.3165228,0.29165238,0.25211236,0.28410697
4864,0.6498832,0.4844234,0.4451935,0.31894273,0.3129621,0.24400742,0.3049715,0.2597963,0.3198761,0.28904998,0.24084793,0.27897856
4865,0.5719839,0.46915907,0.42245233,0.3280233,0.34613332,0.31130034,0.3306738,0.3000819,0.30603835,0.2966676,0.26921535,0.31877965
4866,0.5534558,0.48902953,0.41615674,0.34758365,0.377205,0.34120962,0.33197165,0.32251787,0.30394617,0.30184078,0.30356574,0.35715443
4867,0.35503358,0.36353996,0.31115007,0.28900784,0.3530069,0.33163378,0.31799015,0.3230586,0.30680478,0.30834833,0.34651583,0.41378087
4868,0.3437607,0.37520468,0.30595338,0.29905546,0.37307346,0.341132,0.32120502,0.3419419,0.31397635,0.33722702,0.41502833,0.5016058
4869,0.3890671,0.4270376,0.32620168,0.3253863,0.394269,0.34168923,0.31938058,0.36497957,0.33983845,0.38546836,0.50482845,0.61125314
4870,0.42370188,0.46641344,0.34098145,0.3451315,0.4020092,0.33558673,0.31769124,0.3928972,0.38916528,0.46257842,0.6295956,0.75479907
4871,0.47405446,0.5108288,0.37348628,0.3767748,0.4124794,0.3384074,0.32879892,0.43701875,0.46440527,0.575256,0.78590894,0.9180447
4872,0.5200165,0.54319596,0.41462356,0.41962233,0.42978454,0.35741612,0.36358702,0.5063993,0.57093453,0.72217983,0.96104085,1.0827456
4873,0.4682516,0.48900396,0.4156587,0.43672764,0.43638736,0.38326088,0.42356557,0.5922998,0.70026565,0.8914908,1.1358408,1.2374444
4874,0.47708827,0.47798288,0.45340914,0.48673075,0.47364074,0.44455236,0.5175508,0.7247393,0.85511756,1.0797449,1.3028187,1.3644961
4875,0.5706447,0.5290831,0.5117285,0.55955887,0.54941183,0.55083644,0.6554425,0.91341394,1.0374109,1.2568743,1.4196028,1.4287933
4876,0.5107125,0.4714195,0.49661693,0.5775244,0.63863796,0.6954999,0.82739615,1.0991659,1.2060022,1.3981773,1.473753,1.4519974
4877,0.59495264,0.5216047,0.5544666,0.655783,0.8038301,0.9202816,1.031972,1.2915564,1.3212965,1.450663,1.4559246,1.389585
4878,0.83955306,0.6773276,0.72225285,0.84388787,1.0455894,1.2121177,1.2742968,1.4533026,1.3760122,1.4032196,1.3813615,1.2906435
4879,0.62719476,0.6689157,0.86315507,1.0601897,1.2821605,1.4374583,1.3503813,1.3023839,1.2601205,1.2558944,1.2568004,1.2817398
4880,0.8069712,0.94178873,1.0508705,1.2167214,1.2802358,1.3412088,1.1807618,1.0959896,1.1374272,1.1884696,1.2647947,1.3695476
4881,1.19386,1.2330813,1.2442374,1.2877514,1.2206734,1.2493993,1.0983827,1.0339639,1.1544863,1.2598048,1.3649858,1.4748869
4882,1.6294607,1.4706784,1.4448321,1.37265,1.2064089,1.2659411,1.1306248,1.0753455,1.2541187,1.4111037,1.511024,1.5772381
4883,1.4291928,1.3618999,1.3728478,1.340619,1.1553042,1.2606293,1.1980932,1.1504352,1.3828543,1.5143805,1.5998932,1.6556969
4884,1.3585491,1.1299747,1.3015616,1.3031237,1.1574526,1.2799249,1.3076514,1.219307,1.4771276,1.4995731,1.6266698,1.628521
4885,1.1346132,1.0957855,1.2997246,1.3164631,1.1835029,1.3299721,1.3904594,1.3279912,1.5997362,1.6182002,1.7148782,1.71568
4886,1.1790732,1.2146232,1.4052618,1.3782827,1.2631793,1.4092556,1.4808539,1.4417999,1.6940335,1.7322468,1.7999141,1.7775592
4887,1.1293354,1.2663107,1.4197226,1.3819017,1.2881182,1.4505413,1.5373992,1.5392659,1.7574571,1.8045423,1.8492836,1.7955307
4888,1.2041165,1.2237022,1.3803649,1.3396003,1.2681799,1.4486244,1.6074623,1.6892416,1.8588016,1.9364187,1.9599894,1.8276867
4889,1.0630347,1.1973677,1.3270965,1.3759164,1.3227221,1.5313809,1.7154838,1.8090143,1.887618,1.921079,1.9013053,1.7470531
4890,1.1512284,1.3181572,1.396523,1.497223,1.4440969,1.6567318,1.8043896,1.8542507,1.8324736,1.8193965,1.781427,1.6132307
4891,1.5078042,1.5390499,1.581995,1.6689967,1.5725867,1.7814858,1.8749168,1.863863,1.7509912,1.7180893,1.6716304,1.4881328
4892,1.5735033,1.6058098,1.6789699,1.7783056,1.6454748,1.8353534,1.8938192,1.8392081,1.6848068,1.6441158,1.5773416,1.419747
4893,1.7559364,1.7442971,1.832067,1.9263692,1.7617768,1.8900038,1.9067038,1.7807181,1.606753,1.5403547,1.4624976,1.3359195
4894,2.4853034,2.1329355,2.1313844,2.1811674,1.9086758,1.9883081,1.9205208,1.7327857,1.5821214,1.4972814,1.4747622,1.320106
4895,2.4991543,2.16039,2.2140524,2.2515714,1.9598159,2.0175996,1.88742,1.6371429,1.5435004,1.4476858,1.4287596,1.3158766
4896,2.1466968,2.0032258,2.1556354,2.1610327,1.9004952,1.9582528,1.7827992,1.4932096,1.4352677,1.351818,1.2898364,1.2254587
4897,1.6966528,1.7851127,1.9989102,2.0224376,1.7689106,1.8127644,1.5924523,1.3373449,1.2722421,1.1987076,1.1129928,1.050204
4898,1.9644413,1.9680882,2.093771,2.0162742,1.7525443,1.7194674,1.4440647,1.2066953,1.1358675,1.0826304,0.9975363,0.93993694
4899,1.8614194,1.9248891,1.9988372,1.8971252,1.6149845,1.527031,1.2211047,1.0473454,0.9668894,0.95510423,0.8889936,0.82438403
4900,1.7667972,1.8564918,1.8586204,1.7261449,1.441672,1.3115314,0.9911851,0.889812,0.803856,0.83023465,0.7804347,0.7073616
4901,1.7693939,1.8123446,1.7281368,1.5496202,1.2717687,1.1140742,0.7945897,0.7501655,0.6627401,0.71791685,0.6843977,0.6067531
4902,1.6919942,1.6869642,1.5397604,1.3277597,1.066752,0.9096424,0.6146529,0.6116494,0.5316042,0.598045,0.59235775,0.51358664
4903,2.2621927,1.9020969,1.574271,1.2760094,0.9945957,0.8241853,0.52872646,0.5471026,0.4566893,0.5669837,0.56837213,0.48921382
4904,1.8356494,1.5234483,1.2197247,0.9539369,0.7366671,0.6125199,0.42931813,0.44947782,0.39878404,0.42977417,0.46630105,0.41531712
4905,1.4994687,1.2175348,0.9540842,0.70177203,0.5622592,0.46097785,0.36117476,0.3695551,0.3598724,0.35838184,0.39297807,0.37576824
4906,1.4561006,1.1167313,0.854297,0.6015572,0.49940795,0.39090586,0.34497726,0.33899105,0.34169626,0.34060618,0.3536628,0.3575884
4907,1.324684,0.98823816,0.7503817,0.52087075,0.44413215,0.32993227,0.3327234,0.32287222,0.3394008,0.33223695,0.3263796,0.34409866
4908,0.9293409,0.71215636,0.5668476,0.40425816,0.36388236,0.27064788,0.31379697,0.30791068,0.34275216,0.3311813,0.29826397,0.3278703
4909,0.5711058,0.48283738,0.4130167,0.32521892,0.31866574,0.26573104,0.3140601,0.31807745,0.3394651,0.3386849,0.30110717,0.3433959
4910,0.4761284,0.4435891,0.37636146,0.33202064,0.33863667,0.30234936,0.3313798,0.34682062,0.33235994,0.3459899,0.3239388,0.37480778
4911,0.40811348,0.43650126,0.34659645,0.34102136,0.36001533,0.3367583,0.33281374,0.36470133,0.34395292,0.36540067,0.3983029,0.46058524
4912,0.34472805,0.40543044,0.31501192,0.33472735,0.36092657,0.33632374,0.3364445,0.38185263,0.3733052,0.41405344,0.48944566,0.572051
4913,0.34088057,0.41217023,0.31357345,0.34452087,0.3624394,0.33224744,0.343332,0.40898526,0.42310834,0.50046235,0.6258057,0.7345268
4914,0.39062524,0.4531594,0.34758282,0.37688082,0.36413977,0.33154246,0.36132702,0.4609457,0.52143264,0.6590733,0.835305,0.96277744
4915,0.43740875,0.48105168,0.3857795,0.40785623,0.37327552,0.34322488,0.39688742,0.5316262,0.63102806,0.8254639,1.0017998,1.1180909
4916,0.48257428,0.50133294,0.42535684,0.45379424,0.4033052,0.3878274,0.47323322,0.64382595,0.7765373,1.0096389,1.1469928,1.2252219
4917,0.50474584,0.49850476,0.44145477,0.50105685,0.45669258,0.4743392,0.6034083,0.8034055,0.9526154,1.1835344,1.243708,1.266984
4918,0.505099,0.48007625,0.43591568,0.5448854,0.545009,0.6146562,0.782451,0.9848127,1.1172997,1.2947489,1.2626415,1.230146
4919,0.46093702,0.4341576,0.4274021,0.5914942,0.67605454,0.8041975,0.9869747,1.1475451,1.222927,1.3235451,1.2235229,1.1549761
4920,0.3937831,0.38042465,0.46047166,0.6676805,0.85833114,1.0294274,1.1787281,1.256254,1.2429802,1.2768142,1.15509,1.0726032
4921,0.39371586,0.4148674,0.6150838,0.8300391,1.0718504,1.2067837,1.2454063,1.2026818,1.1113251,1.1220607,1.0573952,1.0017335
4922,0.49573803,0.57541317,0.790122,0.9751106,1.1493201,1.1825794,1.13235,1.0399718,0.9677917,1.0141909,1.0209899,1.039178
4923,0.59019864,0.7572061,0.9244286,1.091183,1.1870768,1.1444591,1.0658087,0.9737212,0.95617497,1.0372016,1.0550184,1.1287452
4924,0.723783,0.9280711,1.0180674,1.1328298,1.1466253,1.0416794,0.9915235,0.9232285,0.9894136,1.0991209,1.1245716,1.2267148
4925,0.97819275,1.1412575,1.1763237,1.2146456,1.1730918,1.0658829,1.0321658,0.99209,1.1179105,1.2439245,1.2574898,1.3390512
4926,1.3519945,1.3953546,1.3400521,1.299555,1.2113206,1.1500115,1.114454,1.0944865,1.273525,1.3967841,1.387524,1.4346012
4927,1.5277874,1.442733,1.3349562,1.248332,1.1290042,1.2094328,1.2053856,1.2378924,1.4188758,1.5149564,1.5397462,1.5182887
4928,1.0779215,1.1823574,1.1264668,1.1074073,1.053965,1.2167476,1.2221397,1.2719371,1.4503965,1.4975188,1.5443115,1.528763
4929,0.9945839,1.1435916,1.1153913,1.1106434,1.0753816,1.2531664,1.2430341,1.2609372,1.4267491,1.4311703,1.5063621,1.5173596
4930,1.2639308,1.2823734,1.2579138,1.1920958,1.164625,1.3157986,1.2697651,1.2021581,1.3891094,1.3922958,1.4951407,1.5143535
4931,0.9199462,1.0945766,1.108191,1.0882416,1.0898999,1.2696172,1.2201213,1.1881328,1.3984058,1.4090585,1.5745709,1.6346116
4932,1.1695989,1.2463248,1.241333,1.1459025,1.1577986,1.3584968,1.317226,1.3559778,1.5719016,1.6404692,1.8145547,1.8021803
4933,0.9053452,1.1273185,1.131829,1.0992129,1.1092821,1.3807442,1.390003,1.5393755,1.7341712,1.7865214,1.9612422,1.8929567
4934,0.99061304,1.175209,1.1548874,1.1868052,1.1934301,1.5097034,1.5838838,1.7742381,1.8981563,1.8969517,2.0355296,1.8657681
4935,0.91293967,1.142202,1.1387196,1.2942785,1.2999392,1.6547997,1.7796818,1.9459169,1.9814006,1.898355,1.9921027,1.775558
4936,0.9487657,1.1851243,1.2219899,1.4323672,1.458829,1.7929046,1.9235829,2.01082,1.9681845,1.8397179,1.8821582,1.6786741
4937,1.0206052,1.2818606,1.373874,1.5720412,1.6100562,1.884286,1.9771945,1.9671445,1.8887786,1.7511294,1.7539746,1.59606
4938,1.1169188,1.4003952,1.5436873,1.6915532,1.7234763,1.9145273,1.9554616,1.8587437,1.7794672,1.65028,1.6195816,1.5177231
4939,1.5676438,1.6944529,1.8070643,1.8223219,1.8187943,1.9056259,1.9081779,1.7402239,1.6661065,1.5525802,1.4906449,1.4300177
4940,2.208904,1.9991037,2.0159109,1.8863001,1.8308425,1.8474929,1.8070179,1.6352475,1.5667807,1.5079825,1.4528674,1.3640237
4941,2.0496478,1.9009664,1.9436946,1.8484838,1.7767096,1.7443832,1.7011228,1.5639908,1.5055782,1.459221,1.3811795,1.270302
4942,2.1099668,1.9298706,1.9170065,1.8560367,1.795381,1.7093536,1.6417874,1.5057614,1.4222513,1.333747,1.2381196,1.0991464
4943,2.652736,2.1369374,1.9019737,1.8633558,1.8811516,1.7744141,1.6321653,1.4784131,1.3714427,1.1874952,1.074472,0.82283956
4944,1.9266341,1.8318288,1.7737489,1.7471448,1.7576585,1.7170633,1.5120053,1.3098941,1.1754043,0.9984399,0.80845284,0.66531706
4945,1.9907715,1.8866653,1.8542528,1.7598978,1.6881074,1.6502305,1.3860296,1.179452,1.0144248,0.79203606,0.58600104,0.46074587
4946,2.3692584,2.1013486,1.9674046,1.7827468,1.6355768,1.5632192,1.2054875,1.035192,0.84133637,0.66861147,0.49959046,0.3689819
4947,1.8529526,1.8055215,1.7389638,1.5876446,1.365765,1.3049158,0.9616176,0.8440486,0.65340793,0.49400395,0.38014823,0.2966355
4948,1.9764645,1.8134398,1.6692312,1.4499493,1.2110366,1.1052408,0.78916335,0.67851895,0.5106908,0.3751545,0.314996,0.26380572
4949,2.065001,1.7677157,1.5183911,1.2676796,1.0480819,0.9058572,0.6402535,0.55187595,0.4038539,0.30782583,0.30805632,0.2755234
4950,1.9952728,1.6177859,1.294164,1.0532901,0.87763035,0.7154375,0.54172844,0.47865194,0.35561562,0.27062097,0.30351627,0.2910809
4951,1.5103194,1.2173333,0.9846027,0.7746321,0.6544261,0.51465744,0.43622446,0.38648665,0.335404,0.25247285,0.2805806,0.2912947
4952,1.5450788,1.1770724,0.92581993,0.7001036,0.6007291,0.44925684,0.41198972,0.36074942,0.31790775,0.2737385,0.28043953,0.30256575
4953,1.2974626,0.96696156,0.77871513,0.5693121,0.49117523,0.35366237,0.3578995,0.3088195,0.31219482,0.28238365,0.27263355,0.29618132
4954,1.2363268,0.9053174,0.73248434,0.52448803,0.45654422,0.32233936,0.34738535,0.2964112,0.30412072,0.29727978,0.268747,0.29978648
4955,1.3032153,0.94629073,0.73494095,0.52897894,0.45557338,0.31600526,0.35393205,0.3067348,0.29452425,0.29140976,0.26316446,0.30134866
4956,1.7143277,1.2228318,0.8107704,0.6539397,0.5528407,0.36974794,0.5329918,0.46989632,0.32847905,0.25426587,0.22260843,0.25847363
4957,1.2037594,0.84291583,0.62813,0.46474934,0.37650323,0.24903174,0.39621395,0.31735644,0.37915462,0.2842462,0.24228677,0.283056
4958,1.0368534,0.7616882,0.593688,0.4363507,0.367612,0.29212695,0.385234,0.31976867,0.37067175,0.2979592,0.25242215,0.2918062
4959,1.0893259,0.82352936,0.6306152,0.47890073,0.39876366,0.3366359,0.3952232,0.34378827,0.36093903,0.30006966,0.27394947,0.31859964
4960,0.49944192,0.43038464,0.3655383,0.29624116,0.2885003,0.29283142,0.31766647,0.28807357,0.36002523,0.298315,0.29266858,0.33626565
4961,0.36595583,0.36354634,0.31286567,0.28116944,0.31059155,0.33778775,0.33172262,0.31435066,0.3460548,0.31843698,0.35217452,0.41374117
4962,0.31239325,0.34981668,0.28804594,0.2871836,0.33191067,0.35058185,0.3330995,0.3359015,0.3537193,0.3509419,0.4311288,0.5127064
4963,0.31155783,0.37431404,0.28538233,0.30445075,0.34917796,0.3488674,0.33102527,0.3609989,0.37956077,0.4077941,0.5385137,0.6449355
4964,0.3479036,0.4201671,0.30070925,0.3271317,0.35648242,0.3338501,0.32786068,0.39534205,0.4291106,0.50128734,0.68109405,0.81248593
4965,0.37325263,0.44703,0.3148932,0.33859295,0.3481841,0.3097282,0.329306,0.44300383,0.50460327,0.63501763,0.8494669,0.994441
4966,0.3958922,0.46469176,0.34083375,0.3596209,0.34935692,0.3010258,0.3563801,0.5226712,0.6117326,0.80351317,1.0228722,1.1571605
4967,0.3514744,0.4214409,0.33827087,0.37015682,0.36165595,0.31270155,0.41788742,0.62643564,0.7338034,0.96319246,1.1511445,1.254129
4968,0.3316717,0.39461344,0.3489641,0.39660668,0.4161681,0.3783345,0.5059871,0.7286571,0.82738996,1.0372869,1.1811283,1.2330334
4969,0.3307132,0.37997854,0.37842876,0.4215375,0.49154603,0.48956954,0.5781458,0.75360966,0.8394053,0.9815302,1.1023741,1.1037552
4970,0.35882944,0.3945362,0.43717512,0.46496585,0.5643591,0.6014678,0.62490785,0.71637154,0.79480517,0.8664808,0.9872484,0.95771575
4971,0.38336653,0.42452472,0.49654326,0.5289118,0.6391028,0.6754254,0.6690884,0.68915,0.74950624,0.7804785,0.90768397,0.8858438
4972,0.4105764,0.46522164,0.5501411,0.6003916,0.7073353,0.7160378,0.70330775,0.67751753,0.7208209,0.7405175,0.8770602,0.8895506
4973,0.43455964,0.5019686,0.587004,0.6600804,0.75360787,0.73938406,0.7263391,0.68385816,0.73085773,0.7547922,0.89527285,0.94923365
4974,0.9191403,0.80880386,0.7262177,0.7519955,0.7701225,0.7541752,0.7611721,0.7825515,0.80503094,0.8136951,0.94909537,0.99308705
4975,1.3322883,0.9962906,0.72646606,0.7532422,0.6758229,0.7576221,0.82844317,0.927547,0.8996482,0.8175657,0.9602802,0.99578553
4976,2.2767503,1.6295608,1.109725,1.108294,0.8570657,1.0220218,1.1534373,1.2467048,1.0819558,0.91948056,1.0006213,0.97232854
4977,2.1563408,1.4683855,1.1267544,1.0632868,0.922594,1.1120533,1.1933066,1.2400889,1.1139537,0.98338175,1.0345691,0.99834585
4978,2.2240887,1.5757234,1.2765017,1.1724772,1.0851864,1.2025989,1.2493175,1.3366883,1.1890618,1.0512234,1.033147,1.01992
4979,1.8154193,1.396977,1.1365945,1.0705516,1.1401657,1.2389314,1.1967914,1.3635283,1.2209365,1.0393051,1.0529009,1.0797265
4980,2.2782881,1.8285375,1.403882,1.2985666,1.3586699,1.2603571,1.2778856,1.5792818,1.3301919,1.2251536,1.0683708,1.1280532
4981,2.022115,1.8159167,1.333451,1.2294525,1.4135098,1.3242682,1.2835063,1.6431062,1.3875844,1.2836322,1.1259757,1.2204311
4982,2.2666502,2.0261812,1.5007575,1.3964087,1.4921846,1.3523084,1.3432494,1.7519221,1.4572798,1.4582256,1.1610237,1.254446
4983,2.1860754,2.0502458,1.5434527,1.411685,1.534294,1.4926429,1.3922372,1.7653656,1.5470879,1.551012,1.2399652,1.313992
4984,2.3237612,2.1560912,1.6812501,1.5536326,1.6125363,1.621273,1.4796218,1.8189204,1.6448841,1.6865851,1.3322095,1.376523
4985,2.1606598,2.1322193,1.6967998,1.5953503,1.715239,1.8178064,1.5478513,1.82056,1.7491544,1.7442377,1.4423805,1.4767551
4986,2.1750114,2.1811059,1.7829652,1.7095263,1.8374053,1.9759196,1.6138414,1.8193722,1.7942098,1.7629653,1.4962066,1.5180668
4987,2.0398886,2.106771,1.8095977,1.7607503,1.9056748,2.0883145,1.6632497,1.77475,1.7776136,1.6734692,1.4307758,1.4426025
4988,2.1434364,2.1329226,1.9077101,1.851266,1.9561126,2.1384025,1.6882089,1.7221088,1.6704317,1.5235306,1.2685199,1.2425736
4989,1.8699853,1.9253346,1.8782856,1.8390799,1.913495,2.1107087,1.6552148,1.5968237,1.517884,1.301803,1.0255667,0.971439
4990,2.0246642,1.9897549,1.9512839,1.8990667,1.9301177,2.0595367,1.6061631,1.4914958,1.3495263,1.1130445,0.8393768,0.7653365
4991,2.5933719,2.389616,2.1385067,2.0496774,1.997279,1.9479457,1.4904498,1.4137633,1.1409917,1.0253727,0.73468226,0.6647539
4992,1.7888167,1.7993792,1.770973,1.7965373,1.6796339,1.691379,1.3484371,1.2016824,1.031965,0.83519995,0.62220794,0.6089456
4993,1.7450815,1.7152989,1.6162913,1.6799263,1.5321058,1.4769804,1.1982945,1.0778096,0.8913435,0.72557044,0.59961694,0.6408622
4994,1.5821365,1.5732114,1.4117551,1.49389,1.3285418,1.2544485,0.99750143,0.92664355,0.7534803,0.6268754,0.5914649,0.6276543
4995,1.6244714,1.5667644,1.3021908,1.3349255,1.17685,1.0972613,0.82054734,0.7979417,0.63235205,0.5693822,0.6041877,0.59428966
4996,1.6574304,1.5405529,1.2211292,1.1983691,1.0394468,0.9653108,0.68537945,0.67981637,0.540957,0.532009,0.6101126,0.5576155
4997,1.5997345,1.4348595,1.1225723,1.0539442,0.8945593,0.8307369,0.5840307,0.5715836,0.47955796,0.49823916,0.5890845,0.51710576
4998,1.7118262,1.4415803,1.1120241,0.98387,0.80874956,0.7323061,0.52929896,0.49571377,0.42848557,0.47516632,0.5633481,0.49303198
4999,1.5653958,1.2703243,0.9928713,0.8433607,0.6860328,0.61159915,0.4780156,0.4263971,0.4068401,0.4423231,0.5083498,0.4513358
5000,1.5258678,1.1963294,0.9366531,0.76441,0.6247517,0.5321068,0.45639533,0.39318258,0.38407922,0.4169715,0.45971435,0.42774636
5001,1.4708273,1.1232193,0.8826886,0.697025,0.57872134,0.46354014,0.44079,0.3700296,0.36691278,0.38766807,0.4083646,0.40224254
5002,1.3894157,1.0421216,0.8247747,0.63183045,0.53867596,0.4064963,0.42489183,0.34993297,0.35189432,0.35970503,0.36039737,0.37735456
5003,1.441858,1.0620483,0.82554656,0.6180566,0.53143674,0.38089523,0.42575788,0.34690318,0.33368447,0.32923976,0.3250097,0.35546225
5004,1.2214037,0.88697696,0.70578855,0.5069841,0.4438901,0.31390333,0.37299985,0.2942146,0.32126814,0.31084055,0.29120857,0.32480112
5005,1.2535218,0.9128018,0.70641184,0.5088421,0.44447494,0.32043305,0.37630323,0.304001,0.30566975,0.2921509,0.2766241,0.31336287
5006,0.8997853,0.6733588,0.54536307,0.3893376,0.36560285,0.28377986,0.32170025,0.2641102,0.30380002,0.28265885,0.25879002,0.2961625
5007,0.82131684,0.65048724,0.5165048,0.38712186,0.37388438,0.32330143,0.3207443,0.28202224,0.29245192,0.28073257,0.27453873,0.31346285
5008,0.7765962,0.6407081,0.49825382,0.3884058,0.3826751,0.3393939,0.31617266,0.29282886,0.2910581,0.2833147,0.29604614,0.3397547
5009,1.299774,1.0263982,0.7147943,0.59674,0.48419923,0.40739745,0.3958624,0.37549967,0.29360437,0.29618385,0.36014417,0.4345228
5010,0.82681817,0.6808131,0.491716,0.41453466,0.33968377,0.33156648,0.3123173,0.2828915,0.3554711,0.31981105,0.39335528,0.4512768
5011,0.45632637,0.43874085,0.3414808,0.30667546,0.2990779,0.34975964,0.31154037,0.2763271,0.39648068,0.37417108,0.4817888,0.55074847
5012,0.5081706,0.5072043,0.39274094,0.3762251,0.36037618,0.4040694,0.35741955,0.33293283,0.44466716,0.452681,0.61931026,0.7119246
5013,0.794476,0.75222373,0.5543855,0.54659784,0.458416,0.467947,0.41907394,0.42127547,0.53364646,0.5684443,0.79535794,0.9138599
5014,0.2781105,0.36638266,0.28991318,0.3391024,0.29546076,0.34564656,0.3469165,0.3908645,0.6218914,0.6732004,0.9271978,1.067102
5015,0.24049714,0.3355075,0.27035773,0.31487405,0.25374293,0.29608756,0.32490608,0.45011085,0.6505254,0.8161521,1.116774,1.2810503
5016,0.22879374,0.31951305,0.26744574,0.28273493,0.18705794,0.2355506,0.32360652,0.5616792,0.7767539,1.0904917,1.3657656,1.5303648
5017,0.11267553,0.24243939,0.17933708,0.22722185,0.13550615,0.21309641,0.42985564,0.7840469,1.005686,1.4454596,1.577748,1.7189387
5018,0.13995318,0.250806,0.08594303,0.2371951,0.20593157,0.30489305,0.67245054,1.1407812,1.303126,1.7054607,1.611306,1.6831032
5019,0.12436709,0.18409863,-0.025348723,0.24510258,0.32059395,0.46726656,0.95495516,1.4630606,1.5483692,1.7970083,1.5203357,1.5252694
5020,0.35900277,0.33705115,0.11550256,0.43838778,0.5721238,0.7995541,1.3005648,1.7819011,1.7558033,1.8040671,1.4173355,1.3527607
5021,0.4972911,0.4387796,0.30236846,0.64456666,0.88828635,1.228482,1.6676989,2.012216,1.8732415,1.7669675,1.3339399,1.2682949
5022,0.50011206,0.4223606,0.38206643,0.75193113,1.1131,1.5283535,1.881725,2.0601728,1.8651595,1.670491,1.2588754,1.2036443
5023,1.3313597,0.9190279,0.7025306,1.029205,1.3360857,1.7116854,1.9618101,2.051105,1.756839,1.4739022,1.097645,0.89774066
5024,1.4662929,1.0486434,1.034889,1.3299973,1.5068781,1.8424076,2.0218294,1.9165425,1.6671917,1.387524,0.9582819,0.83609617
5025,1.1704794,0.9630732,1.1638052,1.445669,1.4756938,1.8210944,1.8406229,1.6935093,1.4866753,1.234481,0.9260652,0.8428923
5026,1.1412311,1.0401825,1.3447433,1.5400119,1.4416901,1.7608747,1.6295303,1.4995222,1.2712501,1.0574291,0.9281931,0.8548945
5027,1.0444922,1.071923,1.436554,1.5398271,1.4035331,1.6636465,1.417299,1.2850492,1.0531993,0.88430154,0.8965204,0.8375807
5028,1.1655537,1.2150714,1.5653267,1.5644164,1.410691,1.5786529,1.2873931,1.1172967,0.90764534,0.7691287,0.8648331,0.8224249
5029,1.1059729,1.2106668,1.5339565,1.4969403,1.3235422,1.4075739,1.1282241,0.950235,0.79473567,0.6897129,0.8459531,0.8336753
5030,1.1449301,1.2611216,1.4826169,1.4288205,1.217581,1.2270672,0.9828616,0.8041054,0.7473335,0.682198,0.8879037,0.90791893
5031,1.0725677,1.2100546,1.3289373,1.2828861,1.0520738,1.0183607,0.8472807,0.7077892,0.74737024,0.734982,0.9933319,1.0615393
5032,0.8836287,1.0444883,1.0787182,1.040165,0.8162653,0.77893716,0.71361566,0.6482906,0.78270376,0.84237504,1.1521574,1.2717245
5033,0.89361566,0.99162924,0.9945166,0.89607614,0.6787124,0.67121327,0.6949615,0.7286271,0.952101,1.1364611,1.4573151,1.581123
5034,1.1020092,1.0953424,1.0635128,0.92347324,0.67112386,0.74511737,0.83396006,0.9868441,1.2888613,1.5618984,1.8449302,1.8711123
5035,1.0080962,0.99459565,0.95496625,0.92899674,0.64808273,0.8384352,1.0763453,1.3084106,1.6213213,1.8239609,2.0207965,1.916039
5036,1.084689,0.9703268,0.9133046,1.03191,0.8002707,1.1049181,1.4466325,1.6617372,1.8905884,1.9172076,2.0208528,1.7809665
5037,0.8281339,0.831801,0.91809815,1.1165326,1.0362037,1.369296,1.7681057,1.8878663,2.0232303,1.9429055,1.8951255,1.6694467
5038,0.8812995,0.91161436,1.1038156,1.2936058,1.3563387,1.6600373,2.0072134,2.013871,2.0218258,1.8787109,1.7485061,1.5416436
5039,1.1396965,1.1343279,1.3866293,1.5082339,1.6501462,1.8738663,2.1150508,2.0174236,1.9278052,1.7555834,1.594529,1.3980936
5040,1.4177637,1.3953832,1.6693504,1.7310055,1.8696072,1.9938519,2.127911,1.9518886,1.8047222,1.6339729,1.4474237,1.2608825
5041,1.8521514,1.7300024,1.9627392,1.9719174,2.020976,2.02354,2.0520597,1.813478,1.6346002,1.4748403,1.2712696,1.0832202
5042,1.6956291,1.7791487,2.022619,2.0809507,2.0386388,1.9312527,1.8706553,1.5930898,1.4142184,1.2485534,1.0173935,0.8928279
5043,1.9755089,1.9963944,2.1391115,2.1242127,1.9974301,1.811011,1.633382,1.3549151,1.1703268,1.0235173,0.8079703,0.681551
5044,1.7545565,1.9033875,2.0001287,1.9666412,1.7685183,1.5770098,1.3288802,1.1050875,0.9356557,0.82085526,0.61077523,0.49549562
5045,2.0372539,2.0225916,1.9887877,1.8314967,1.6020197,1.4107704,1.0618573,0.8989923,0.7400125,0.67998314,0.5114143,0.36616585
5046,2.2576141,2.0665228,1.9031923,1.6706321,1.4213368,1.2584437,0.8220162,0.73593116,0.58572936,0.58046436,0.48509824,0.31444585
5047,1.6635991,1.6236507,1.5155625,1.2966621,1.051804,0.9366996,0.596544,0.5459672,0.43634826,0.42459774,0.36563855,0.2247269
5048,1.9617918,1.6762123,1.4561722,1.1543663,0.9276708,0.807749,0.5013357,0.43598235,0.35374352,0.34755614,0.33689135,0.24049695
5049,2.2144616,1.7010502,1.3129632,1.0150435,0.82763135,0.69528013,0.4775049,0.42453077,0.34870565,0.30405918,0.32096928,0.24059245
5050,2.0231345,1.4618245,1.0724821,0.789422,0.6549696,0.5429549,0.4572484,0.3998953,0.3730332,0.28072423,0.29117343,0.23237813
5051,1.3014168,0.9559653,0.7469387,0.51757777,0.4515338,0.38096106,0.3675661,0.31119645,0.38101164,0.28411222,0.2789318,0.26983157
5052,1.172207,0.85472137,0.6838903,0.47297224,0.43235308,0.34868872,0.3765821,0.32642952,0.37142307,0.29419935,0.25086856,0.2698469
5053,1.0569079,0.7732963,0.62960726,0.43982592,0.41555643,0.3144748,0.3657232,0.3269819,0.35888273,0.2965367,0.2384647,0.27532154
5054,0.97482514,0.7273641,0.59423006,0.425964,0.4079436,0.29907814,0.3547997,0.32885945,0.3440063,0.30338413,0.23987861,0.2846946
5055,1.3027766,0.9555714,0.71603554,0.5283615,0.47895837,0.3328558,0.3804437,0.36252326,0.32245177,0.30463272,0.251025,0.2996689
5056,0.50085104,0.41485965,0.35517836,0.28172415,0.29620296,0.22796874,0.29067436,0.28786403,0.32970485,0.29891324,0.2486227,0.29531524
5057,0.22331236,0.24835736,0.23534542,0.22704718,0.28057292,0.27301818,0.3115389,0.31547323,0.31312227,0.31298068,0.30416787,0.37359506
5058,0.070990495,0.15645087,0.15399896,0.18714021,0.26354027,0.27100173,0.3028992,0.3234979,0.30615202,0.33389324,0.38476032,0.48241872
5059,0.050692882,0.15506157,0.13561773,0.17364922,0.24658497,0.24251887,0.27756172,0.32279795,0.31372428,0.38626987,0.49701476,0.6264974
5060,0.10473737,0.20521545,0.16085634,0.17432055,0.2214308,0.1996506,0.23738863,0.32364696,0.35841617,0.49785715,0.6726367,0.82066214
5061,0.18149285,0.26241863,0.2124569,0.18473248,0.18969835,0.15986212,0.20419717,0.35577348,0.46665856,0.6936786,0.9224514,1.0515983
5062,0.21847454,0.26584697,0.2399987,0.20330478,0.1602133,0.14793962,0.24308221,0.4634866,0.6648898,0.9509009,1.1655518,1.2434957
5063,0.2699503,0.2675706,0.22240889,0.23251326,0.16505232,0.19937968,0.39198947,0.6761706,0.9441794,1.1902585,1.3184096,1.3265586
5064,0.3216824,0.27323255,0.16374664,0.2800439,0.23170844,0.35302708,0.67517245,0.9860794,1.2739769,1.3653575,1.3574392,1.2967993
5065,0.32339197,0.26919782,0.16640106,0.42488152,0.47422308,0.754058,1.1482788,1.3654757,1.5580041,1.4418861,1.2896924,1.203732
5066,0.09960498,0.20769367,0.39006013,0.80261964,1.0863783,1.4652929,1.6010506,1.4702299,1.4213431,1.2668792,1.1691641,1.0379844
5067,0.13940594,0.37752843,0.6441928,1.0310282,1.2452536,1.4996195,1.4522988,1.2189953,1.1216602,1.1413219,1.182024,0.9946054
5068,0.25263637,0.52420294,0.8519307,1.1742802,1.3166958,1.4418944,1.3776109,1.112093,1.0207434,1.1204041,1.1631142,1.017137
5069,0.40220755,0.7097274,1.092869,1.3135961,1.3524592,1.3389033,1.2547085,0.9964353,0.93526924,1.1077193,1.1596732,1.0583613
5070,0.57695615,0.9088764,1.2828121,1.3965954,1.354063,1.225755,1.1340573,0.9221922,0.9139186,1.120704,1.1755608,1.1066599
5071,0.99692637,1.2014161,1.4131815,1.402442,1.3246841,1.1138812,1.082001,0.9320247,0.9732336,1.1360004,1.1595573,1.120574
5072,1.3923867,1.3791373,1.4080591,1.3337624,1.27159,1.0284617,1.1339252,1.0231149,1.0747778,1.1253754,1.1107373,1.1251543
5073,2.0772886,1.5642499,1.3217218,1.1787901,1.1049644,1.0106254,1.167162,1.1687961,1.1509557,1.0828766,1.1128997,1.130778
5074,1.0598543,0.8759351,0.86670566,0.854665,0.8781273,0.89427966,1.0016798,0.99575436,0.9668337,0.911409,0.93343997,0.9867495
5075,0.66821057,0.64268404,0.74739605,0.8342938,0.8029513,0.86410666,0.93795687,0.9657512,0.89654815,0.87607884,0.912572,0.95538217
5076,0.7826981,0.7838834,0.88973594,0.9367068,0.90283495,0.92616117,0.9803355,0.96874875,0.9107437,0.9066551,0.9698936,1.0315704
5077,0.5921099,0.74091655,0.873488,0.9255988,0.89349014,0.8815781,0.92538416,0.91129863,0.88289523,0.9126301,1.0246795,1.1370333
5078,1.4648718,1.373409,1.3170111,1.1634703,1.1875398,1.112136,1.090474,1.0708673,1.1341147,1.1946195,1.3005664,1.3658915
5079,1.9007077,1.6483661,1.4403818,1.218887,1.1985954,1.12418,1.127576,1.2468982,1.3509588,1.4712088,1.5676084,1.5707183
5080,1.9967308,1.7042236,1.3614979,1.1962053,1.158561,1.0796481,1.1630603,1.3811347,1.4420997,1.540821,1.5915903,1.5643796
5081,2.1655874,1.7413863,1.344496,1.2292808,1.1738752,1.0429825,1.2285756,1.4416792,1.427314,1.5265774,1.452833,1.3961483
5082,0.8639682,1.173457,0.88843316,1.0175194,1.1518291,1.1354463,1.1960915,1.4111221,1.4080794,1.3920811,1.3793327,1.3663228
5083,1.1471434,1.2478597,1.0279083,1.1884662,1.2855849,1.2927233,1.4040713,1.5797153,1.5387048,1.3805847,1.3873527,1.3216267
5084,0.9899954,1.1098464,1.0466152,1.2460458,1.3094672,1.3601829,1.4432113,1.5388365,1.4896497,1.3215201,1.3467854,1.305785
5085,0.9854596,1.0707166,1.104078,1.3087527,1.328962,1.4228128,1.4875935,1.517153,1.4754596,1.3225663,1.3730619,1.3310914
