,0,1,2,3,4,5,6,7,8,9,10,11
0,0.44245264,0.467443,0.6021813,0.5772375,0.6259522,0.5812796,0.5512336,0.6394145,0.643592,0.6420499,0.6293451,0.6249665
1,0.43830162,0.46396005,0.5980212,0.5718185,0.6228286,0.58081764,0.5489296,0.6402878,0.64399964,0.6404028,0.6327922,0.62925047
2,0.44623664,0.4726157,0.598632,0.57272583,0.6251454,0.58177954,0.5530174,0.6422976,0.64803195,0.6392935,0.63774997,0.63657486
3,0.44149584,0.46889928,0.5958762,0.56961584,0.62110597,0.58332616,0.5487431,0.64398074,0.64557004,0.6362105,0.6388869,0.6377139
4,0.4356698,0.46343064,0.5920601,0.56429183,0.6166007,0.5836048,0.5447332,0.644388,0.6433374,0.63426167,0.6399073,0.6385464
5,0.44026735,0.46817163,0.59202814,0.56359607,0.6174758,0.5844033,0.5470834,0.64564574,0.6453865,0.6337573,0.64321864,0.6431379
6,0.44481686,0.47319436,0.59251845,0.56409246,0.617659,0.58582884,0.5483979,0.64687777,0.6459262,0.63210124,0.64508605,0.6459529
7,0.4369208,0.46582723,0.5885994,0.5589653,0.6115862,0.58600783,0.542471,0.6463673,0.6410354,0.6291099,0.6435095,0.64330125
8,0.43273813,0.46167803,0.5852177,0.553919,0.60764533,0.58491504,0.5397655,0.64510983,0.63860327,0.62754864,0.6432112,0.64260435
9,0.4429458,0.47190726,0.58732444,0.5560486,0.6108254,0.5853693,0.5450816,0.64556944,0.64179903,0.6272912,0.64592546,0.64700854
10,0.44105715,0.47065708,0.58615524,0.55474436,0.60787636,0.58616453,0.5423822,0.6455497,0.63878053,0.6246765,0.6447603,0.64545363
11,0.43518427,0.4648997,0.58277357,0.55009556,0.6029672,0.58531445,0.53816456,0.64391834,0.63481086,0.6225572,0.64277536,0.64253885
12,0.436862,0.46640855,0.58261913,0.5490632,0.6031984,0.58552814,0.5392314,0.64417225,0.6353751,0.62270594,0.6440221,0.64414775
13,0.44623753,0.47573093,0.5860113,0.55278283,0.60740846,0.58758384,0.5442185,0.6461591,0.63883656,0.62349594,0.64689463,0.6484716
14,0.4893804,0.5177026,0.6024185,0.5729268,0.62673223,0.5948358,0.5669944,0.6524518,0.6542333,0.62760174,0.6557737,0.6634279
15,0.49552178,0.5238989,0.608402,0.5812226,0.6283021,0.60325545,0.56601936,0.65759873,0.6518323,0.6265345,0.6544622,0.6612762
16,0.510161,0.53631246,0.61553574,0.5885338,0.63425267,0.6095148,0.57242256,0.66109544,0.6552229,0.6300385,0.6561314,0.663455
17,0.4932314,0.5185364,0.61164945,0.582576,0.6264642,0.6118134,0.56161755,0.6612403,0.6465016,0.6299222,0.6512026,0.65445006
18,0.4778458,0.50195,0.6060957,0.57319576,0.62031716,0.6096265,0.5548244,0.6588601,0.64159983,0.6316498,0.6485311,0.6491353
19,0.46958578,0.49346447,0.602717,0.5672426,0.6181782,0.6065277,0.55279565,0.6569902,0.64024764,0.6331242,0.6481753,0.64784056
20,0.47244555,0.4967507,0.60349035,0.56754863,0.6209512,0.6048871,0.55621934,0.6566097,0.64292777,0.63427484,0.6498492,0.65053535
21,0.46135402,0.48688868,0.59977525,0.5632174,0.61649907,0.60305816,0.5504981,0.65536517,0.6390978,0.6325237,0.6475987,0.6473147
22,0.4526708,0.47881436,0.5959204,0.55818176,0.6131599,0.60038435,0.5469162,0.6536089,0.637333,0.63198227,0.64670956,0.6460187
23,0.45333013,0.4800271,0.59532213,0.55750304,0.6142196,0.5986612,0.54847836,0.65309715,0.63920254,0.6321406,0.64812946,0.6483251
24,0.45710737,0.48450372,0.59639895,0.55945945,0.61627996,0.59850925,0.5507711,0.6536471,0.64135677,0.63178205,0.6496131,0.6509381
25,0.46857402,0.4962235,0.6003433,0.56512684,0.6211148,0.5998778,0.55652106,0.65496933,0.6455288,0.6318636,0.651859,0.6550516
26,0.77185816,0.7740992,0.706481,0.6964587,0.7418473,0.624401,0.7312768,0.683914,0.73931134,0.6613431,0.6942669,0.74920595
27,0.6960028,0.7091395,0.70095915,0.70952344,0.70308375,0.66247344,0.65072256,0.69676274,0.67814326,0.63858664,0.6559839,0.6797011
28,0.65917206,0.6646955,0.6887256,0.68482786,0.68507093,0.6642467,0.62775844,0.6873176,0.6655496,0.64814913,0.6429911,0.6552448
29,0.62632954,0.6286491,0.67784345,0.66413033,0.6739615,0.6570622,0.61491245,0.6790678,0.6551395,0.6544399,0.63589376,0.6387897
30,0.580971,0.5838595,0.66282,0.6405744,0.65964866,0.64691776,0.59629035,0.6711099,0.643632,0.65643394,0.62910306,0.6246102
31,0.6434401,0.64410555,0.6848453,0.6639583,0.6926444,0.6434669,0.64144015,0.6721786,0.6719983,0.6686599,0.64322495,0.64854014
32,0.62621,0.6313108,0.684287,0.66797084,0.6872699,0.64499134,0.6283072,0.6727557,0.6609871,0.6621864,0.63465905,0.6355549
33,0.5825503,0.5892046,0.66901344,0.6488497,0.66902214,0.6387913,0.6040378,0.6653411,0.6474496,0.6588277,0.62467295,0.61953413
34,0.5586818,0.5671516,0.65298367,0.62872773,0.6530512,0.6220392,0.59274656,0.6480401,0.6388402,0.6531648,0.6144476,0.6070052
35,0.53390425,0.5452531,0.63973075,0.61340505,0.64038056,0.6098218,0.58082896,0.6377346,0.6312699,0.64742416,0.60801095,0.5987344
36,0.51487064,0.5287064,0.6303314,0.60247266,0.63326406,0.6014961,0.57313925,0.63269687,0.62883556,0.64453435,0.60680145,0.5971859
37,0.4924077,0.50878996,0.61987746,0.59048253,0.62463033,0.59403306,0.56303537,0.6288444,0.62516826,0.6410451,0.6058497,0.5955529
38,0.48498425,0.5035537,0.6145432,0.5848855,0.6228808,0.5883844,0.5616607,0.62680894,0.6277265,0.6394385,0.60868096,0.60000575
39,0.47010154,0.49107954,0.6072398,0.57749766,0.61695874,0.5840085,0.55442667,0.62554675,0.6257068,0.6357815,0.609355,0.600807
40,0.49075547,0.5130406,0.61245286,0.5855273,0.6270294,0.5834563,0.56758255,0.6272082,0.637525,0.63662225,0.61700016,0.61371356
41,0.52893317,0.55188185,0.6272147,0.60662335,0.6444007,0.59008664,0.5877652,0.6342263,0.6518886,0.63787895,0.6256917,0.6288957
42,0.52361125,0.54696,0.6278869,0.6098972,0.6407871,0.59687084,0.58001953,0.638978,0.64662814,0.63468874,0.6240432,0.6252182
43,0.49529117,0.5175243,0.6173559,0.5957882,0.6270061,0.59660566,0.5628847,0.6378628,0.636133,0.6330227,0.6198796,0.61631286
44,0.47652176,0.4978033,0.6085991,0.58246726,0.6194015,0.59246725,0.5550883,0.6357102,0.6324191,0.6339716,0.6202541,0.6144737
45,0.48214102,0.50373673,0.6087357,0.5816426,0.6232541,0.5898968,0.56100184,0.6356459,0.6378077,0.6354555,0.6250706,0.6212662
46,0.4892053,0.5120411,0.6110539,0.58522433,0.6268492,0.59050107,0.5651051,0.637423,0.6412712,0.6345691,0.6281273,0.626302
47,0.52751476,0.5500085,0.6254316,0.6037548,0.64409876,0.5961282,0.58614963,0.6428857,0.65556353,0.6375005,0.6362642,0.64062595
48,0.5341611,0.5567571,0.6310661,0.6122835,0.6464469,0.60378224,0.585968,0.6483924,0.65435064,0.6363085,0.6362492,0.64021206
49,0.5281822,0.54944086,0.63041896,0.6106056,0.64339423,0.60764086,0.5808852,0.6503427,0.6508592,0.6371019,0.63500065,0.6368395
50,0.52741355,0.5472093,0.6304589,0.6089584,0.64338374,0.60877085,0.5809156,0.651024,0.6507101,0.63929063,0.6356897,0.6365778
51,0.5236139,0.5428218,0.62980545,0.60694855,0.64267254,0.6093185,0.579478,0.6517771,0.64967257,0.64053285,0.6359888,0.6358742
52,0.52025104,0.53921497,0.6291214,0.60502577,0.6423705,0.6093337,0.57860404,0.6522907,0.64941067,0.64165366,0.63659513,0.6360086
53,0.55766374,0.57521397,0.64310545,0.62164605,0.66019756,0.6129433,0.6010833,0.6564455,0.66382134,0.64676,0.644433,0.6494054
54,0.58731407,0.6040157,0.65728337,0.6406503,0.67322993,0.6211006,0.6150379,0.6629264,0.67032045,0.6484197,0.6473147,0.65502906
55,0.60500467,0.6197198,0.66743106,0.6537308,0.6807228,0.62947243,0.6216836,0.6682398,0.67222416,0.6507438,0.64741015,0.6551467
56,0.6398943,0.65057397,0.68333167,0.6725031,0.6961237,0.6377456,0.63994676,0.6741452,0.68055254,0.65686566,0.6507497,0.6605969
57,0.67745733,0.6837971,0.7013436,0.6947362,0.7121614,0.6472094,0.6585921,0.6807051,0.6868754,0.6623731,0.65224457,0.6634138
58,0.65139246,0.6567159,0.69680136,0.6903258,0.7010454,0.6523302,0.63894624,0.6809428,0.6719181,0.66126,0.64181846,0.64473903
59,0.6705298,0.67123485,0.70486724,0.69649,0.7114378,0.6527559,0.6532957,0.68084276,0.6793876,0.6697812,0.6441218,0.64766514
60,0.7047664,0.702044,0.7206808,0.71561795,0.7281113,0.6563801,0.67417526,0.6845668,0.6873337,0.6756318,0.6462913,0.6519316
61,0.6458231,0.64537215,0.70363885,0.6973887,0.70352966,0.65582234,0.6362823,0.68022496,0.6631139,0.6693845,0.6302777,0.6247188
62,0.5893914,0.5888422,0.6811922,0.6654056,0.68095773,0.6440225,0.60943836,0.6693262,0.6499186,0.6696585,0.62195754,0.6097262
63,0.5572114,0.55822307,0.66635984,0.6436532,0.67103624,0.6304535,0.5995965,0.66099375,0.64727646,0.67084503,0.6215795,0.6076694
64,0.53017604,0.5350051,0.65384406,0.62774587,0.6624737,0.6188326,0.5902244,0.65477985,0.6448072,0.6681843,0.6212409,0.60737
65,0.49900535,0.5081024,0.6398426,0.6109558,0.651033,0.60881317,0.57672334,0.64967316,0.64038444,0.6636579,0.62027174,0.60637534
66,0.47940254,0.49224263,0.62910813,0.5984521,0.6441724,0.60016406,0.56952876,0.64579254,0.6404742,0.6602896,0.62217444,0.60998607
67,0.47482988,0.4911668,0.62401897,0.59401304,0.6433638,0.59459233,0.569505,0.6443531,0.64473623,0.6573266,0.6263891,0.6176003
68,0.4590361,0.47876814,0.61576104,0.586054,0.63591886,0.59075814,0.5608122,0.64337045,0.64230204,0.65198606,0.6271343,0.61928195
69,0.44705325,0.46899945,0.6082358,0.5779712,0.62996256,0.5873111,0.55474323,0.6424459,0.6417147,0.64851135,0.62923753,0.6225292
70,0.44803047,0.47170013,0.60554194,0.57590556,0.6299671,0.58559406,0.5558808,0.64309025,0.64543325,0.6464577,0.633813,0.6296634
71,0.44807255,0.4734041,0.60354215,0.57493937,0.6288693,0.58573717,0.5551392,0.6446571,0.64692616,0.6435261,0.6370331,0.6346358
72,0.4390471,0.4656006,0.59850067,0.5695176,0.6231061,0.58567196,0.5489798,0.64534503,0.6442561,0.64017814,0.6379216,0.6354903
73,0.4554989,0.48214462,0.6020896,0.5742641,0.6294275,0.5872055,0.55798006,0.6476845,0.6518213,0.6405299,0.6441784,0.6452484
74,0.7689953,0.7700496,0.71100134,0.7098695,0.75457007,0.61185974,0.740962,0.67803574,0.7484003,0.669425,0.68839765,0.74559146
75,0.67534864,0.68852836,0.69843704,0.71535116,0.7055881,0.6514825,0.64677614,0.6908181,0.6790288,0.64195234,0.64754117,0.66975564
76,0.6522097,0.6564441,0.6898945,0.69290465,0.693427,0.65487176,0.6327816,0.6839681,0.6730843,0.6541575,0.6409899,0.65392196
77,0.6655749,0.66460884,0.6965594,0.6933598,0.7025916,0.65471894,0.6457704,0.6836302,0.67726547,0.66498816,0.6441433,0.6532336
78,0.6873032,0.6839672,0.70854807,0.70497453,0.7151335,0.6572896,0.66049093,0.68580437,0.68177044,0.6710814,0.6454839,0.6534778
79,0.64546126,0.6443288,0.6969984,0.6906815,0.6976273,0.65512717,0.63452977,0.6800732,0.6636115,0.66687626,0.6323853,0.63122183
80,0.60216886,0.60172045,0.68107206,0.6669901,0.68132484,0.6458804,0.6143827,0.6711353,0.6529683,0.6671801,0.62514293,0.6179183
81,0.5571108,0.5588197,0.6634735,0.6418029,0.66564375,0.6336251,0.5955379,0.66272706,0.64402187,0.6663983,0.62087184,0.6092236
82,0.52242714,0.52743244,0.6481639,0.62068844,0.6541358,0.62062156,0.5828581,0.6549645,0.6397365,0.6646926,0.61967516,0.6065944
83,0.5108605,0.5197361,0.6408642,0.61161786,0.6524204,0.61064696,0.5820892,0.6502982,0.6433874,0.6631555,0.62279904,0.61212474
84,0.49396774,0.5072158,0.6326878,0.6033063,0.646661,0.60378665,0.57501054,0.64750147,0.64236873,0.65847504,0.6234456,0.6140441
85,0.47169542,0.48838204,0.62204826,0.59148514,0.63741,0.5975912,0.5641405,0.6446672,0.6391071,0.6538186,0.62337047,0.61420983
86,0.45796895,0.4773056,0.61361635,0.58209026,0.6316187,0.59184355,0.5583757,0.64231575,0.6390828,0.65058684,0.6254458,0.6174951
87,0.460016,0.48164928,0.61130387,0.5808545,0.63286483,0.58891857,0.56082153,0.6423934,0.64406204,0.64850324,0.63033205,0.6254537
88,0.5005344,0.5231495,0.6239436,0.5991043,0.65055037,0.59217626,0.58336693,0.64709806,0.6608936,0.6493194,0.6405847,0.6437005
89,0.61741525,0.6354844,0.6677606,0.6565413,0.699257,0.6081608,0.64688534,0.6623984,0.6974068,0.6567865,0.65893877,0.68012726
90,0.64706963,0.6634497,0.6868176,0.68605715,0.70691955,0.63032335,0.64954823,0.67595464,0.6913558,0.65303564,0.6549601,0.6733931
91,0.6203762,0.6331871,0.68134075,0.6788018,0.692314,0.64085853,0.62629604,0.67793566,0.67500114,0.65326834,0.6451368,0.65360373
92,0.5826553,0.591937,0.66820484,0.65757304,0.67646194,0.6392798,0.6061387,0.6740108,0.6627245,0.65688694,0.63905424,0.63917
93,0.55637944,0.5643192,0.65758985,0.6395353,0.66748935,0.632412,0.5965095,0.6690048,0.6574253,0.6602219,0.63746405,0.6333767
94,0.54770756,0.5563873,0.65329504,0.6315814,0.6665718,0.6260654,0.59661216,0.66571647,0.65846235,0.6620045,0.63893366,0.6346803
95,0.5698061,0.5794125,0.6606256,0.64039755,0.67810166,0.6240162,0.6121818,0.6659481,0.66851526,0.6639333,0.6440177,0.6443636
96,0.5931338,0.60356295,0.6707454,0.65474373,0.6886709,0.62726307,0.62450147,0.6692656,0.6749084,0.66374177,0.6465086,0.6503939
97,0.5668231,0.5788006,0.6633965,0.647335,0.6763738,0.62881887,0.6062023,0.6687451,0.6630284,0.65920997,0.639483,0.6387775
98,0.54681456,0.5583954,0.65495896,0.6350394,0.6680056,0.6251583,0.5965781,0.66532487,0.65864617,0.6597152,0.63743246,0.6343345
99,0.5304382,0.54266787,0.6475821,0.62465894,0.66208476,0.6201797,0.5900667,0.66240704,0.65597945,0.65956,0.6370715,0.63265634
100,0.5364546,0.5494505,0.64820266,0.62508035,0.66620314,0.61714756,0.59618795,0.6617273,0.66141105,0.66057247,0.64080006,0.6387697
101,0.5666262,0.5799484,0.65871835,0.6394318,0.67967516,0.618759,0.61373967,0.66443455,0.6723475,0.6617397,0.64640784,0.64967936
102,0.5960492,0.60904074,0.67101353,0.65702325,0.6911509,0.62478524,0.62746984,0.6691222,0.6788275,0.6615756,0.64888626,0.6556626
103,0.6215071,0.63264793,0.68246037,0.6727596,0.70024776,0.63224834,0.6380037,0.6736809,0.6824681,0.6625419,0.6494932,0.6577448
104,0.6550164,0.6625979,0.6968269,0.69106233,0.71261615,0.63992584,0.653713,0.6781682,0.68795407,0.66581243,0.65056473,0.66047007
105,0.64799917,0.65407157,0.6971845,0.6927887,0.70735836,0.6451007,0.6445989,0.6786948,0.67867994,0.6647175,0.64338124,0.6481029
106,0.6495866,0.6526802,0.69891673,0.6930305,0.7081012,0.6463849,0.6455235,0.6778774,0.67764527,0.6684807,0.6412858,0.6436563
107,0.6859738,0.68522364,0.7133056,0.70934176,0.72407544,0.6485472,0.66791457,0.6797127,0.6873684,0.67461926,0.64442265,0.64983815
108,0.6844044,0.6832201,0.7159642,0.7147014,0.72238076,0.6516294,0.66336554,0.67966616,0.68020874,0.6731122,0.6375174,0.6392184
109,0.63517654,0.63446915,0.69999754,0.6947772,0.7018045,0.64887583,0.6339415,0.67441475,0.6627905,0.67042494,0.6262428,0.6192668
110,0.59312266,0.5923151,0.683294,0.6702247,0.6865204,0.6392963,0.6155776,0.66697836,0.6546938,0.6718979,0.62221503,0.61045134
111,0.5578386,0.5590205,0.668246,0.64900094,0.6747353,0.62794936,0.60211486,0.66027397,0.649709,0.6715435,0.62092555,0.60690683
112,0.52099127,0.5257175,0.65220326,0.6279806,0.66148823,0.61660403,0.5866702,0.6540677,0.643983,0.6684599,0.61955774,0.6042861
113,0.49381498,0.502396,0.6388073,0.61101717,0.65199757,0.6062066,0.5763162,0.6490031,0.64213675,0.66534466,0.6206305,0.6061619
114,0.48678005,0.49921075,0.6325669,0.604393,0.65088445,0.5989326,0.576184,0.6465675,0.6467064,0.66282064,0.6250549,0.6141892
115,0.469749,0.486214,0.6237812,0.5956368,0.6434923,0.59406155,0.56743616,0.6451354,0.644639,0.6573082,0.625988,0.6164816
116,0.45467257,0.4739697,0.6150573,0.5860824,0.6364159,0.5898171,0.55986786,0.64376664,0.6435032,0.6532659,0.62778544,0.619537
117,0.44815677,0.46972615,0.60935885,0.5801909,0.6331179,0.5867544,0.5570804,0.64346004,0.6450603,0.6503316,0.6313111,0.625068
118,0.45263076,0.47608712,0.60818356,0.58022714,0.6343964,0.5860676,0.5596142,0.64481544,0.6494211,0.6480177,0.6361778,0.63296825
119,0.44224116,0.46754655,0.6027279,0.57478005,0.6280181,0.5860729,0.55237734,0.64580566,0.6462677,0.6437647,0.6369832,0.63386965
120,0.43650344,0.46262094,0.5982042,0.5692971,0.6240413,0.58549494,0.5489106,0.6462804,0.64581937,0.6417431,0.63933355,0.63686645
121,0.46123737,0.48747084,0.6048571,0.5780074,0.634292,0.58791983,0.5625506,0.6496856,0.6563657,0.6426535,0.64730996,0.6496254
122,0.7491219,0.7530077,0.7059329,0.7038548,0.7498459,0.61230916,0.7292469,0.67854995,0.7447726,0.668409,0.688218,0.741012
123,0.69059914,0.7031633,0.70480376,0.7205225,0.7160884,0.65186733,0.6589575,0.6940826,0.6888116,0.6461645,0.6554842,0.67998606
124,0.624801,0.63128054,0.68236446,0.6843436,0.6844542,0.6552066,0.61704344,0.68505913,0.66580725,0.65141875,0.6389663,0.64792424
125,0.5901979,0.59274226,0.6684231,0.6572517,0.67230123,0.6462891,0.6051595,0.6765446,0.6580753,0.6593608,0.6359282,0.6364994
126,0.63401604,0.6341467,0.683385,0.6703295,0.6952717,0.64211494,0.63822407,0.67575574,0.6764385,0.6692084,0.6457386,0.65140486
127,0.5722116,0.57760036,0.6656939,0.6501184,0.6698841,0.63905257,0.60065275,0.6715305,0.6512938,0.6598443,0.63099086,0.62652814
128,0.54117924,0.54731643,0.6522774,0.62891597,0.6590149,0.6291088,0.589124,0.66361016,0.6475331,0.66148216,0.6289546,0.62204605
129,0.5253066,0.5339723,0.6447901,0.61793756,0.65574366,0.62029606,0.5859194,0.6591526,0.6480469,0.6614894,0.63049066,0.62354785
130,0.5154918,0.5273661,0.63992995,0.61221707,0.6540247,0.6141844,0.58384895,0.656626,0.64938396,0.6596116,0.6321091,0.6263703
131,0.52980983,0.5438577,0.64376605,0.61824733,0.6619856,0.6120001,0.5940668,0.6569804,0.6582937,0.6594338,0.6373305,0.6359898
132,0.56040865,0.57539743,0.6552847,0.6349396,0.6759666,0.6154536,0.61087126,0.66132486,0.6695703,0.6597865,0.64343876,0.64756185
133,0.54184717,0.5584417,0.65062606,0.6317268,0.66673726,0.61876017,0.59633356,0.66302025,0.66043186,0.6549577,0.6389407,0.6396914
134,0.5098739,0.526371,0.6380178,0.61489904,0.6522036,0.6158193,0.57854927,0.6600193,0.6510805,0.65334564,0.6350594,0.6316314
135,0.4890384,0.50575083,0.6277653,0.60028946,0.64386535,0.6096706,0.5700582,0.6564064,0.6478655,0.65339345,0.63532287,0.63022524
136,0.48401624,0.50208646,0.62310636,0.594126,0.64237946,0.604401,0.5699527,0.6541069,0.64966816,0.6526347,0.6378932,0.633887
137,0.4724535,0.49293238,0.61627305,0.5867322,0.63572294,0.59951746,0.5636678,0.6508983,0.64627063,0.648128,0.63658136,0.63261634
138,0.45731783,0.47972846,0.6080884,0.5772375,0.6274456,0.59494066,0.5554233,0.64780027,0.64200914,0.6440398,0.6351331,0.6307513
139,0.44825295,0.47210854,0.6021922,0.5702316,0.62281466,0.5912858,0.5512916,0.6460995,0.6409652,0.6416455,0.63614416,0.6322335
140,0.45429918,0.47932363,0.60228586,0.57101446,0.6254501,0.59021324,0.555332,0.6468309,0.6454494,0.6407374,0.6403311,0.63889515
141,0.44870418,0.47519428,0.5993911,0.56848663,0.6220038,0.59026355,0.55126387,0.6476737,0.6436391,0.63768893,0.6409511,0.6397504
142,0.4411681,0.46837112,0.5950495,0.5633065,0.61735183,0.58929443,0.5466706,0.64729536,0.6414603,0.6355122,0.64123815,0.6398607
143,0.4391743,0.46690333,0.5921719,0.55986536,0.6150022,0.5878281,0.5454336,0.6465723,0.6411181,0.6337898,0.64234865,0.6414212
144,0.44745526,0.47565347,0.5933463,0.5617858,0.6171977,0.5879034,0.54941165,0.6470359,0.64400303,0.6325827,0.6449384,0.64574605
145,0.4419727,0.47090238,0.59102744,0.55935794,0.6133329,0.58884007,0.5449894,0.64777356,0.64090806,0.6300773,0.644414,0.64466685
146,0.43735096,0.46630463,0.5882855,0.5554959,0.6101827,0.58865887,0.54214483,0.64764977,0.6392165,0.6290938,0.6446688,0.64457816
147,0.43980724,0.46876886,0.5880841,0.5548321,0.6106469,0.5887725,0.5435358,0.6481435,0.640362,0.6288663,0.646525,0.64708734
148,0.44825447,0.47735384,0.59043664,0.55777574,0.6135046,0.5900645,0.5475392,0.6493519,0.64294773,0.62848383,0.64875937,0.6506729
149,0.44063288,0.4702581,0.58729166,0.5541235,0.6081219,0.5901169,0.54181945,0.64861596,0.6380829,0.62571985,0.6463189,0.6469775
150,0.43633255,0.46583977,0.58412457,0.5497309,0.6043324,0.58845544,0.5391059,0.64661163,0.6355,0.6243261,0.6449852,0.64501077
151,0.44053504,0.47007927,0.5840123,0.5494829,0.60459363,0.5872935,0.5410923,0.645339,0.6360404,0.62333035,0.6452928,0.645897
152,0.4458843,0.47575814,0.58473676,0.5508517,0.6047854,0.5869448,0.54275304,0.644251,0.6359309,0.62142074,0.64471215,0.6458918
153,0.43840322,0.4686303,0.58151746,0.5470808,0.59946054,0.5862867,0.5373104,0.6426917,0.6309926,0.6188429,0.64162904,0.6414721
154,0.43425313,0.46432644,0.5784782,0.54296464,0.59587055,0.5841999,0.53479064,0.6402377,0.62832326,0.61750054,0.63979584,0.6389389
155,0.4398544,0.47001013,0.57826734,0.543041,0.5959043,0.58189094,0.5371745,0.6374225,0.6284995,0.61574167,0.6388487,0.6386159
156,0.44189358,0.47245967,0.57798004,0.5433766,0.5945748,0.5811134,0.53685516,0.63571715,0.6268518,0.61338073,0.63695973,0.6367467
157,0.435302,0.46595886,0.575586,0.54031694,0.59076,0.5809301,0.53257996,0.6349923,0.62330437,0.6121105,0.6349186,0.6335997
158,0.43195644,0.46237502,0.57389855,0.5376128,0.5891207,0.5801092,0.5311729,0.63429266,0.6222209,0.6122252,0.6345944,0.6328342
159,0.44112185,0.47141397,0.5769465,0.5410926,0.5935489,0.5808434,0.5365832,0.63520646,0.6261918,0.6134102,0.63709795,0.63678074
160,0.44251674,0.4731053,0.5783578,0.5429839,0.59436905,0.58263725,0.53675056,0.6366779,0.62627876,0.6132457,0.63744843,0.6372616
161,0.43668166,0.46721417,0.57671195,0.5406014,0.59178656,0.5830558,0.5333846,0.636833,0.62393475,0.61303383,0.63641185,0.6353298
162,0.43317968,0.46351498,0.57495606,0.53793925,0.5901251,0.5820002,0.5319322,0.6359612,0.62281907,0.6131008,0.6359357,0.6343851
163,0.44402182,0.47419757,0.57872295,0.5423645,0.59552133,0.5829679,0.53833485,0.6371642,0.627636,0.6146151,0.63888305,0.6390345
164,0.44117427,0.47176564,0.57869506,0.5426136,0.59435445,0.5843153,0.5360669,0.6381877,0.6259328,0.6138865,0.6381355,0.637775
165,0.43629855,0.46672544,0.57699144,0.5401094,0.5921719,0.5841012,0.53351057,0.6378582,0.62422776,0.61389774,0.63731664,0.6362673
166,0.4359129,0.46620852,0.57638526,0.5390553,0.5920227,0.58330363,0.5337511,0.63730896,0.6243724,0.6141512,0.63749415,0.63644236
167,0.44609955,0.4763218,0.5802136,0.5437339,0.5971282,0.5846534,0.5395417,0.63877994,0.62876177,0.61544883,0.64016473,0.6406802
168,0.4412411,0.47181976,0.57942164,0.54302824,0.59496015,0.5857397,0.5361468,0.639485,0.6262525,0.6145768,0.6388861,0.6385689
169,0.43622333,0.46661246,0.5769369,0.53974754,0.59198403,0.58433145,0.53339475,0.63786566,0.6239859,0.6139654,0.6372556,0.63615334
170,0.43135032,0.4623999,0.5662713,0.52996016,0.57861316,0.5706206,0.5266567,0.6214279,0.6126009,0.6026238,0.6239705,0.6211208
171,0.43654427,0.46790376,0.56620306,0.5310037,0.57823884,0.5684386,0.52811825,0.6183026,0.6120867,0.6000976,0.6218414,0.61954194
172,0.44296876,0.47434747,0.5695078,0.53524417,0.5813986,0.5708694,0.5310495,0.6201594,0.6143461,0.6008313,0.62311864,0.6216101
173,0.43801695,0.46924463,0.5683111,0.5337724,0.57879496,0.5715353,0.52761245,0.62018955,0.61154187,0.6002681,0.6213946,0.61880326
174,0.42878458,0.45979074,0.5614666,0.52612543,0.5702978,0.5655712,0.5210965,0.61309195,0.6042281,0.59579724,0.6147045,0.61028135
175,0.4299322,0.4607487,0.56163996,0.5258792,0.5713503,0.5649551,0.5225616,0.61293757,0.60543364,0.59671295,0.61558217,0.6114084
176,0.43769243,0.46868297,0.5646534,0.5297229,0.57523364,0.56584734,0.5269404,0.6138319,0.6087599,0.597518,0.61734176,0.6144179
177,0.42941844,0.460718,0.5618045,0.5266586,0.57080185,0.5651646,0.52160746,0.61283016,0.6043849,0.5956647,0.6145094,0.6102277
178,0.42406142,0.45514533,0.55867565,0.52265394,0.5675651,0.56275374,0.51889384,0.6105236,0.6020142,0.59481233,0.61271775,0.6076905
179,0.42623305,0.45748684,0.557185,0.52152115,0.5664985,0.5595122,0.5196256,0.6070483,0.60140115,0.59284997,0.61097926,0.60630286
180,0.4293174,0.46106997,0.5553617,0.520976,0.5639732,0.5558302,0.5192611,0.6020961,0.59903705,0.5886706,0.6070333,0.60267705
181,0.4207447,0.45267183,0.55147594,0.51687586,0.55843997,0.5540342,0.51340944,0.5998073,0.5938264,0.5859563,0.6032972,0.59748584
182,0.41695353,0.44858995,0.549812,0.5143425,0.5570988,0.5531141,0.51206213,0.59939456,0.5931162,0.586409,0.60329485,0.5970195
183,0.42306456,0.45478478,0.5519385,0.5168776,0.5604809,0.55344236,0.51600844,0.60010713,0.59643847,0.58748204,0.6054141,0.6002513
184,0.42676008,0.45882964,0.5532649,0.5191145,0.5616506,0.55396116,0.5173386,0.6002466,0.5972172,0.58681405,0.60545284,0.6008412
185,0.4197238,0.45179304,0.55082846,0.5162662,0.5580268,0.5536004,0.512976,0.5997228,0.5937867,0.58567214,0.60350984,0.5977211
186,0.41618648,0.4479577,0.5492824,0.5138732,0.55676883,0.5527685,0.5117256,0.59936714,0.59308594,0.586109,0.603528,0.59727836
187,0.4244025,0.4562359,0.55219597,0.51738405,0.5610441,0.5534252,0.5167387,0.6002618,0.5971702,0.58735895,0.6059946,0.601155
188,0.425305,0.4574859,0.55256796,0.51847965,0.56075007,0.55377966,0.5163238,0.6001434,0.59648365,0.5862112,0.60517615,0.6003825
189,0.41909546,0.45114818,0.55041575,0.51575637,0.55769295,0.5534573,0.51268137,0.59973437,0.5936902,0.5855442,0.60368997,0.5978669
190,0.4157038,0.44749945,0.5489548,0.5134842,0.5565245,0.5526344,0.51151294,0.5994047,0.59300554,0.58595,0.6037173,0.59745014
191,0.42599466,0.45786852,0.55255026,0.5179041,0.5615961,0.5534471,0.5175481,0.60030156,0.59778196,0.58725065,0.60640043,0.6018572
192,0.4240719,0.45631334,0.5520513,0.5179534,0.559959,0.5537379,0.5154296,0.6000778,0.5957461,0.58572614,0.6048487,0.5998645
193,0.41863263,0.45063156,0.5501576,0.51534164,0.5574625,0.5534279,0.5124881,0.59977764,0.5936008,0.5855343,0.60382575,0.5979621
194,0.4171373,0.44893396,0.5494413,0.51403636,0.5572143,0.5528574,0.51234543,0.5996637,0.5936845,0.5861045,0.6042494,0.5982281
195,0.42726383,0.45917922,0.5530086,0.5185399,0.56200665,0.5537455,0.5180502,0.60047,0.59808695,0.5871285,0.6065732,0.6022069
196,0.4232497,0.45546755,0.5517891,0.51762784,0.559412,0.5538738,0.51479036,0.6000908,0.5951782,0.5854895,0.60456467,0.59940696
197,0.41840133,0.4503062,0.55010855,0.5151198,0.55740845,0.553549,0.5124361,0.59990567,0.59358,0.58569163,0.6039571,0.59804124
198,0.41875064,0.45051423,0.5501139,0.5147577,0.5580688,0.5532138,0.51330227,0.6000037,0.5944432,0.5864267,0.60478467,0.5990042
199,0.42777842,0.459712,0.5533011,0.5189093,0.5621714,0.5540382,0.51818883,0.60063577,0.5981173,0.58707964,0.6065852,0.60225576
200,0.42176285,0.4539291,0.55137134,0.51700675,0.55875736,0.5539461,0.51395607,0.60013574,0.5945316,0.58543766,0.6042923,0.5988733
201,0.41756907,0.44939807,0.549769,0.5145287,0.5571222,0.55338186,0.5121594,0.599834,0.5933869,0.58581954,0.6039573,0.5979259
202,0.42035994,0.452139,0.5506904,0.51540315,0.55892676,0.5533373,0.5143178,0.6001765,0.5952496,0.5866986,0.60528433,0.5997864
203,0.42844424,0.46045834,0.55358636,0.51935536,0.5623741,0.5542055,0.5183953,0.6006957,0.59820014,0.5869349,0.606554,0.60231704
204,0.4206444,0.45279804,0.551083,0.51661503,0.5582624,0.5540412,0.5132907,0.6001933,0.5940361,0.5853655,0.6040597,0.5984533
205,0.41712552,0.44889426,0.54959023,0.5141941,0.5569932,0.5533023,0.512038,0.5998104,0.59332365,0.5859467,0.6039916,0.5978991
206,0.42279315,0.4545761,0.5516223,0.51651996,0.56015915,0.5536645,0.5157284,0.6004868,0.596367,0.5870665,0.6059265,0.60081804
207,0.42751855,0.45959476,0.55337346,0.5191876,0.5618507,0.5543272,0.5176773,0.6007083,0.59757864,0.5866486,0.6061612,0.60173476
208,0.42051706,0.452598,0.5510486,0.5164754,0.5582301,0.55407596,0.5132675,0.6002014,0.5940403,0.58550256,0.6040802,0.59844047
209,0.4169805,0.44872826,0.5495643,0.5141095,0.5569828,0.5533014,0.5120127,0.59983486,0.59330124,0.58602005,0.60401493,0.597887
210,0.4252428,0.45702133,0.55258214,0.5176883,0.56135654,0.5540374,0.5170924,0.60078895,0.5974299,0.5874082,0.6064924,0.6017597
211,0.42601317,0.45812577,0.552951,0.51874954,0.56104237,0.554381,0.51663244,0.600646,0.5966913,0.586319,0.6056056,0.60088426
212,0.4198631,0.45184234,0.550882,0.5160967,0.55809796,0.5540907,0.5130765,0.6002754,0.593983,0.58576536,0.6041528,0.5984102
213,0.41645628,0.44818467,0.5494336,0.51384336,0.55694413,0.55323976,0.51191247,0.5999103,0.59329414,0.58619344,0.60413146,0.5979409
214,0.42712358,0.45893094,0.55319095,0.51846886,0.5622148,0.5540907,0.518164,0.6008304,0.598235,0.5875662,0.60686433,0.6024532
215,0.4247679,0.4569525,0.5525544,0.5183757,0.560366,0.5543313,0.5157781,0.6005394,0.59597796,0.58597666,0.6051433,0.6002127
216,0.4193547,0.45128372,0.5506498,0.5157429,0.55789214,0.5539614,0.51287985,0.6001828,0.59387136,0.5858274,0.60410714,0.5983026
217,0.41795266,0.44968757,0.54996675,0.5144975,0.55769616,0.55336696,0.5127933,0.60004663,0.5939961,0.58640796,0.60452276,0.5985739
218,0.42770657,0.4595689,0.5533523,0.5188137,0.5622573,0.55412334,0.51826364,0.6007137,0.59818405,0.5873248,0.6066685,0.6023119
219,0.4230084,0.4551692,0.5518872,0.5175818,0.55940443,0.5541394,0.5146868,0.60028255,0.5950686,0.58567715,0.6045699,0.59932953
220,0.41766462,0.4495463,0.5491772,0.51412225,0.5562225,0.5525672,0.5116836,0.59863204,0.5924696,0.58485126,0.6027953,0.5966904
221,0.41871294,0.45050293,0.5491971,0.5139305,0.5569157,0.5519706,0.512783,0.59837735,0.5933669,0.585307,0.60342854,0.5975641
222,0.42792252,0.45989656,0.5529619,0.51867044,0.5616348,0.5535273,0.517939,0.5998551,0.597551,0.586481,0.60583663,0.6014738
223,0.42154595,0.4537074,0.55122715,0.516857,0.55846334,0.5538475,0.5137004,0.599894,0.594193,0.5852603,0.60393894,0.59844553
224,0.41680762,0.4486367,0.5485962,0.5134038,0.55562335,0.5520841,0.5112195,0.598159,0.5920092,0.58463925,0.6024349,0.59619564
225,0.42006004,0.45186177,0.5496563,0.51448745,0.55760974,0.55203754,0.5136119,0.59848803,0.5940356,0.5855048,0.60381806,0.5981865
226,0.42777866,0.45981207,0.553018,0.5188034,0.5615908,0.55367285,0.5177798,0.5999816,0.5974424,0.5863936,0.60579115,0.6014011
227,0.42010102,0.4522452,0.5505862,0.5160854,0.5576568,0.55354226,0.51285523,0.59958327,0.5934911,0.5849954,0.60349387,0.5977748
228,0.4159541,0.44775596,0.5481634,0.51281303,0.5552584,0.5517699,0.51088464,0.59796584,0.59177226,0.584616,0.6023518,0.59601164
229,0.421448,0.45328587,0.5501244,0.5150649,0.55835193,0.5520936,0.5144887,0.59862405,0.5947727,0.58570117,0.60427094,0.598905
230,0.42675412,0.45886856,0.5527416,0.51853395,0.56115735,0.5536999,0.5171532,0.6000468,0.5970025,0.5861941,0.60560495,0.6010719
231,0.41954505,0.4516766,0.5502338,0.51564676,0.5573228,0.55328304,0.51257896,0.59936386,0.59328216,0.5848851,0.60336554,0.59758955
232,0.41556397,0.4473868,0.54796946,0.5125684,0.55512756,0.55163276,0.5107494,0.5979325,0.5917106,0.58458525,0.6023909,0.5960244
233,0.42705846,0.45892492,0.5522288,0.5177128,0.5610094,0.55286616,0.51756364,0.59926057,0.5971947,0.5863298,0.60556775,0.6010998
234,0.43879956,0.47095984,0.55784214,0.5250804,0.5667037,0.5563715,0.52319247,0.60197574,0.60155773,0.5873695,0.60790074,0.6050738
235,0.43863073,0.47063044,0.5586945,0.52643305,0.5659041,0.5583374,0.52166873,0.6026803,0.59997624,0.58686674,0.6065302,0.60315764
236,0.47143644,0.5024866,0.57165724,0.5420428,0.5807808,0.56400365,0.53926,0.6065406,0.6127031,0.5914349,0.61274755,0.6139244
237,0.48809808,0.518668,0.5816186,0.55476093,0.5885687,0.5724082,0.545815,0.6122654,0.6165871,0.5936542,0.61449033,0.6166831
238,0.5002678,0.52918065,0.5894049,0.5634601,0.59444785,0.57957596,0.550843,0.61666834,0.619456,0.5973966,0.61557335,0.61787903
239,0.5076094,0.53475934,0.5944972,0.5686422,0.59779155,0.5841489,0.55375427,0.6188324,0.6201554,0.60050786,0.6150035,0.6166016
240,0.54877484,0.57347125,0.61258715,0.58949965,0.61723185,0.59244,0.57666653,0.62485826,0.63460845,0.6082747,0.6217121,0.62788093
241,0.53054184,0.5545598,0.61112726,0.5879528,0.61034256,0.5980256,0.5634658,0.62769973,0.62397367,0.6082165,0.61521137,0.6160232
242,0.52535254,0.5470289,0.61070156,0.58443874,0.609999,0.5981864,0.56263715,0.62721694,0.62341094,0.6131275,0.6143248,0.61330795
243,0.5304054,0.55116177,0.6136752,0.5867197,0.6141635,0.5977704,0.5675044,0.6270285,0.62602633,0.61667824,0.6149004,0.6139305
244,0.56028116,0.580204,0.6270366,0.6028698,0.629756,0.60199845,0.58555347,0.63100505,0.6376172,0.6221791,0.62007046,0.6229488
245,0.5362712,0.556649,0.6222171,0.5979609,0.620843,0.6040282,0.5702502,0.6319399,0.6267672,0.6205019,0.61343896,0.61143476
246,0.50571185,0.52511734,0.6111497,0.5821674,0.60916936,0.59897274,0.55583817,0.62798035,0.6180716,0.6213251,0.60856134,0.60232395
247,0.49588686,0.51532996,0.60588396,0.57414126,0.6070958,0.5923487,0.5547433,0.6241644,0.6184479,0.6231022,0.608946,0.6023003
248,0.4779826,0.49899527,0.59891224,0.56574136,0.6015228,0.58690315,0.54756075,0.62181526,0.6148978,0.6217352,0.60763454,0.5997998
249,0.4595552,0.48208734,0.5909124,0.5560495,0.59519297,0.5809741,0.5400887,0.6190461,0.61176693,0.6201415,0.60673875,0.5980927
250,0.45229763,0.47646055,0.58623856,0.5510075,0.59333575,0.5757724,0.53855246,0.6168677,0.6128035,0.61893564,0.6080934,0.60033315
251,0.48720533,0.5126954,0.59756833,0.5670432,0.60994005,0.57696307,0.55918247,0.6194089,0.62897176,0.6210477,0.61671126,0.6158623
252,0.52764475,0.553817,0.615085,0.5918433,0.6282124,0.586316,0.5790469,0.6275717,0.64258945,0.6225574,0.62389684,0.6290464
253,0.5431387,0.5684826,0.62468076,0.60571146,0.6343557,0.59651387,0.58300334,0.6345044,0.6443767,0.62311894,0.6248119,0.63021785
254,0.5327865,0.55618906,0.62321776,0.60354125,0.62911445,0.6012282,0.5744517,0.6365023,0.6380199,0.62380075,0.62150645,0.6231066
255,0.5112063,0.5327168,0.61574113,0.59214884,0.6199717,0.59991324,0.5631383,0.63486207,0.63036895,0.62497854,0.6180121,0.6152885
256,0.4871943,0.50790197,0.60649914,0.5782499,0.6111292,0.5951926,0.552873,0.63213754,0.6241426,0.62594813,0.61597973,0.6099486
257,0.47436935,0.4954854,0.6005588,0.56928194,0.6076642,0.5898061,0.54951376,0.62971693,0.6231769,0.6267564,0.6167644,0.6100686
258,0.47127733,0.4938165,0.5981107,0.56626153,0.6077249,0.5857908,0.5501945,0.62819135,0.6248845,0.6261907,0.61838233,0.61276793
259,0.45649737,0.48080236,0.59201133,0.55939686,0.6017677,0.5822932,0.54290855,0.62666327,0.6210299,0.6233367,0.617051,0.6107353
260,0.44500303,0.4704557,0.5863845,0.55253875,0.5974084,0.5786121,0.53817177,0.62517124,0.61947507,0.62187463,0.61739045,0.6109686
261,0.4454924,0.47208083,0.5850529,0.55140376,0.5984753,0.5764136,0.5398925,0.62505215,0.6223911,0.6213218,0.62025553,0.6153622
262,0.4461781,0.4740538,0.58418655,0.55154085,0.59851855,0.57546026,0.5401993,0.6252472,0.62359935,0.6194028,0.6217442,0.61800826
263,0.4361182,0.46489978,0.579834,0.54689074,0.5935325,0.57442003,0.5342854,0.6250856,0.6203341,0.6169301,0.62109315,0.61665595
264,0.43043756,0.45955774,0.5764715,0.5427182,0.59094024,0.5729108,0.5318142,0.62481815,0.6197187,0.6160851,0.6221799,0.6177179
265,0.43864876,0.46816552,0.5783526,0.54536116,0.59481484,0.5731466,0.53682935,0.62607735,0.62427753,0.61633676,0.6259622,0.6234283
266,0.43779656,0.46803486,0.5777311,0.54541427,0.5935963,0.5738793,0.5353451,0.6269511,0.6234208,0.6143917,0.62633944,0.6239822
267,0.43610674,0.46642515,0.5767572,0.5442025,0.59238,0.5745714,0.53403145,0.6277582,0.6229733,0.6137307,0.6271358,0.62478125
268,0.54275966,0.56947875,0.61599714,0.59270525,0.6405913,0.58795613,0.59383714,0.640359,0.6639648,0.6257434,0.6489822,0.66347057
269,0.5200796,0.5486647,0.61598635,0.59698856,0.62821007,0.60193527,0.57057244,0.6477806,0.6447803,0.6184466,0.63842446,0.6451401
270,0.52600056,0.55042607,0.6189322,0.5968429,0.6299465,0.6064799,0.57325137,0.6487126,0.64635724,0.6242913,0.63876766,0.64422286
271,0.4982098,0.52122915,0.6108094,0.58446175,0.6184934,0.60622317,0.5581261,0.64762443,0.63481295,0.62484807,0.63317406,0.63273114
272,0.48426032,0.506052,0.6052479,0.57427996,0.6142077,0.60225433,0.55394214,0.6449012,0.6322428,0.6277189,0.63242334,0.629903
273,0.5258378,0.5466622,0.6201386,0.5913811,0.6351803,0.6040142,0.5802838,0.6481201,0.6501611,0.63421434,0.6421835,0.6461357
274,0.60867494,0.6270244,0.65427905,0.63505614,0.671907,0.61718714,0.6249985,0.6600033,0.67587733,0.6413402,0.65430236,0.66957855
275,0.87781185,0.86762965,0.7588075,0.76181066,0.777334,0.6522177,0.7778943,0.69893295,0.7433616,0.6701603,0.687218,0.74244046
276,0.78221124,0.781056,0.7445548,0.76508677,0.73327893,0.6875345,0.6851121,0.70621496,0.67854404,0.6512806,0.64359707,0.66246855
277,0.7889618,0.77590275,0.7486834,0.7569522,0.73721915,0.68903935,0.6921458,0.7000538,0.682532,0.66988766,0.63986,0.6522765
278,0.76743305,0.75152117,0.7463906,0.75023586,0.7333516,0.6869928,0.6833989,0.6959274,0.6723143,0.67643946,0.6310655,0.63282984
279,0.70527107,0.6905747,0.7274545,0.72407794,0.7128007,0.67747015,0.6529308,0.6854878,0.6544989,0.6771017,0.6172543,0.60757476
280,0.6626236,0.64925236,0.71196795,0.7000859,0.70143783,0.6625907,0.6391672,0.67423165,0.649236,0.6803913,0.6123989,0.5978305
281,0.597587,0.588834,0.6877565,0.66815513,0.6792028,0.6454456,0.6107201,0.662455,0.6356507,0.6767036,0.6043351,0.5839339
282,0.55120015,0.5470686,0.6673165,0.64062864,0.6643365,0.62734836,0.5942564,0.6513148,0.631435,0.6745008,0.6026847,0.58114374
283,0.53900594,0.54022574,0.6589557,0.6310082,0.66416353,0.61383533,0.59574795,0.6450048,0.6385408,0.6729539,0.6074641,0.590049
284,0.5528208,0.5592362,0.66120267,0.6378252,0.6728845,0.6073511,0.6075844,0.64337003,0.6504006,0.6700578,0.61354417,0.60328436
285,0.5252313,0.5365189,0.65030676,0.6289199,0.66032517,0.60365856,0.5901369,0.6418068,0.6426463,0.66124964,0.6101085,0.59893405
286,0.5049273,0.51831776,0.63931787,0.61642176,0.6510043,0.5981055,0.5798932,0.6386734,0.6408409,0.65776956,0.6108916,0.5999866
287,0.5053704,0.52062607,0.6358942,0.61355704,0.6516144,0.5941999,0.5821535,0.6378928,0.64621717,0.65633667,0.61598694,0.60802877
288,0.52890474,0.5457673,0.6418801,0.6236714,0.66116756,0.5946097,0.5954897,0.63990307,0.65678537,0.655134,0.6226664,0.620374
289,0.5160564,0.534666,0.6374262,0.620832,0.65385216,0.5972154,0.58474207,0.6423213,0.6510096,0.64988333,0.6215442,0.61785644
290,0.51579714,0.53408444,0.6354961,0.61821353,0.6527736,0.5978779,0.5843521,0.6432578,0.6528926,0.6497701,0.62459725,0.621724
291,0.5122487,0.5307987,0.63296014,0.61516273,0.65033746,0.5982606,0.5818325,0.6442715,0.6522994,0.6484804,0.6264378,0.6235179
292,0.7395377,0.74202365,0.71386343,0.7141153,0.7457972,0.6156897,0.7190492,0.66623384,0.72705996,0.6731814,0.6621953,0.6987628
293,0.72066176,0.72717166,0.7223748,0.73941773,0.731427,0.6468643,0.680287,0.68188596,0.6905918,0.65736705,0.6409986,0.6596529
294,0.69183356,0.6923654,0.7148202,0.72555196,0.7166559,0.65497744,0.65755963,0.67967176,0.6770726,0.6624298,0.6307631,0.63832253
295,0.7113514,0.70522076,0.7232183,0.7290526,0.727289,0.65589124,0.6732075,0.679808,0.6835191,0.67378753,0.63408995,0.63952535
296,0.69494903,0.6879524,0.7212265,0.72536665,0.72287273,0.6564112,0.66405183,0.6790098,0.6748857,0.67526805,0.62837005,0.62715644
297,0.69316643,0.68458754,0.7224186,0.7239384,0.72514117,0.6541073,0.6665505,0.6768,0.6755467,0.679627,0.62717295,0.62399495
298,0.7194218,0.70878816,0.734073,0.736939,0.7392449,0.6536505,0.68538,0.6776504,0.6840452,0.684873,0.62983114,0.62918687
299,0.66770065,0.6602762,0.71848375,0.72031146,0.7178099,0.65128165,0.6525651,0.6729997,0.6637221,0.6782407,0.61656356,0.60652614
300,0.6046574,0.5985915,0.69362956,0.6860732,0.69195384,0.639641,0.62060213,0.6624496,0.6485218,0.6761326,0.6079574,0.5907125
301,0.5656418,0.56179535,0.6754984,0.6597195,0.6785546,0.62517494,0.60669464,0.65346384,0.6449343,0.6763418,0.60789096,0.5888147
302,0.53731877,0.5377582,0.6618358,0.64183766,0.6698202,0.6130505,0.59715104,0.64761174,0.6439327,0.6737835,0.60956854,0.591208
303,0.5024508,0.5078409,0.6460015,0.62256074,0.65676254,0.602753,0.5814188,0.6429142,0.63930845,0.6684216,0.6096172,0.5914683
304,0.48142663,0.49111876,0.63413805,0.60837346,0.6493392,0.59397024,0.57350963,0.6394411,0.64018255,0.66468227,0.6129289,0.5971303
305,0.47503662,0.48884904,0.6279036,0.60241127,0.6477209,0.58838123,0.5724467,0.6384092,0.6446995,0.6611114,0.6181297,0.60625184
306,0.45771453,0.47537348,0.61861306,0.5929729,0.63951063,0.58473164,0.562761,0.63798004,0.64247966,0.65528286,0.6199246,0.60940224
307,0.44503728,0.4653044,0.6103666,0.5838078,0.6331365,0.5815446,0.55620605,0.6376124,0.6423131,0.65144646,0.6231222,0.6142107
308,0.44859296,0.47091365,0.6082226,0.5823749,0.63425934,0.58044493,0.5587516,0.63905716,0.64753664,0.6493475,0.62919354,0.62373483
309,0.4439176,0.46831292,0.60443085,0.57910573,0.63067,0.5809815,0.55489063,0.6410168,0.6471972,0.64541525,0.63215625,0.6280511
310,0.43602127,0.4616574,0.5992452,0.5730781,0.62532926,0.5811444,0.54953206,0.6421299,0.64559263,0.6423493,0.6343654,0.6307566
311,0.43890575,0.46522492,0.59790504,0.57140577,0.6254327,0.58191425,0.5508871,0.6439951,0.6482816,0.64117193,0.6388924,0.63711625
312,0.44639713,0.47339886,0.5992057,0.5732776,0.62755436,0.5843854,0.5540664,0.64700985,0.6514617,0.6399373,0.6434036,0.6436868
313,0.4579993,0.48525172,0.6026663,0.5777045,0.63122493,0.58837116,0.5588864,0.6506774,0.6551504,0.63917404,0.6477352,0.6501772
314,0.76620376,0.76628727,0.7128411,0.7117244,0.75957495,0.61713934,0.74047214,0.68670624,0.75320184,0.672868,0.6965771,0.75334823
315,0.69044155,0.7013491,0.7070769,0.7239603,0.7188741,0.65799826,0.6584394,0.70169735,0.6902641,0.6484319,0.6598615,0.68462473
316,0.6552912,0.6585135,0.6947936,0.69849515,0.700422,0.6619624,0.6353858,0.6936665,0.67824835,0.6578494,0.64890236,0.6621943
317,0.6469395,0.6456009,0.6930423,0.6879249,0.70030767,0.6592827,0.63636243,0.6903973,0.67640996,0.66745484,0.64864844,0.65546733
318,0.60137194,0.6012905,0.67892736,0.6664841,0.68401134,0.65301996,0.61404383,0.6841012,0.66159827,0.66723675,0.64021254,0.6383473
319,0.5668751,0.5682873,0.66591173,0.6455587,0.673099,0.64278483,0.6012695,0.6763722,0.6555727,0.66864896,0.636976,0.63119704
320,0.5310238,0.5357864,0.6518167,0.6254321,0.66124296,0.63155615,0.5872065,0.66913986,0.6490752,0.6670058,0.6340902,0.62562066
321,0.5319899,0.5397175,0.64953494,0.62162554,0.6649886,0.622938,0.593677,0.664818,0.65615284,0.6675604,0.638218,0.63299567
322,0.51291823,0.52513546,0.64170605,0.6137157,0.6573047,0.61684424,0.5840888,0.66124845,0.65157646,0.66185,0.6357068,0.63025373
323,0.50925225,0.52436095,0.636335,0.608434,0.65327215,0.6097589,0.5827357,0.6552523,0.65184027,0.65746415,0.63443565,0.63077116
324,0.49178794,0.5095646,0.6285672,0.6003479,0.6452026,0.605942,0.57299936,0.6531369,0.647374,0.6529851,0.6328905,0.6285092
325,0.4718611,0.4915066,0.61842185,0.58831555,0.6352635,0.60038966,0.5626027,0.649339,0.6426285,0.64919496,0.6312926,0.6259618
326,0.46753433,0.4886877,0.61350805,0.5827889,0.6328886,0.5957875,0.56167,0.6470843,0.644188,0.647301,0.6335207,0.6295118
327,0.46821752,0.4910606,0.6118301,0.5819874,0.6330094,0.59416884,0.562405,0.6473965,0.64653975,0.64515823,0.63645256,0.63419646
328,0.4775311,0.50144213,0.61384535,0.5857978,0.6365586,0.59502876,0.5670799,0.64920694,0.6511232,0.64387083,0.6403487,0.64064926
329,0.4763778,0.5011082,0.61326,0.58612484,0.6352417,0.59710866,0.5649361,0.6514139,0.6506616,0.6418533,0.6417421,0.6423938
330,0.4725721,0.49738958,0.61121994,0.583596,0.63280404,0.59820706,0.56209916,0.6526073,0.64977264,0.6409464,0.64293057,0.6434045
331,0.47853863,0.50311863,0.6123349,0.58473027,0.6348877,0.5992632,0.5652702,0.65400225,0.6525373,0.64124155,0.6459238,0.6475384
332,0.5057459,0.52962846,0.6217769,0.5966796,0.6462381,0.60323846,0.579618,0.6577841,0.66182214,0.6429314,0.65182805,0.65731883
333,0.49684137,0.52119577,0.6204185,0.59579897,0.640922,0.60743386,0.57143253,0.66017824,0.655499,0.6402215,0.6491819,0.6524319
334,0.63598746,0.65089995,0.6706805,0.6556684,0.7015472,0.6217085,0.6521018,0.67536783,0.70368487,0.6573921,0.674262,0.6984384
335,0.8682584,0.85814726,0.76420486,0.77124363,0.7899934,0.65794325,0.777533,0.7127933,0.7507236,0.6770988,0.69723004,0.7510964
336,0.892626,0.8780705,0.7908025,0.8165291,0.79067475,0.6985505,0.7580793,0.7303737,0.7185797,0.67187417,0.6734401,0.70789784
337,0.8566393,0.83568865,0.78535664,0.8082794,0.7732686,0.7116225,0.72478575,0.7255674,0.6950471,0.6780767,0.65073377,0.66571677
338,0.79109764,0.76706225,0.76550496,0.77809066,0.74979186,0.7058043,0.69017977,0.7127006,0.6744329,0.6845937,0.6324257,0.6303711
339,0.73631936,0.71168965,0.7469265,0.7479342,0.73372614,0.69062155,0.6701328,0.6985554,0.6637434,0.6907518,0.62271047,0.61061007
340,0.6910863,0.6699907,0.7293203,0.7220751,0.71917385,0.6715789,0.6550108,0.6825945,0.65539557,0.690824,0.61415064,0.59669894
341,0.6506845,0.6346964,0.7137102,0.7012227,0.7073279,0.65486395,0.64132136,0.6706451,0.6499654,0.6886589,0.60885906,0.5890319
342,0.6149486,0.60441077,0.69908273,0.6830476,0.69671804,0.64012086,0.6287294,0.66112524,0.646668,0.6852934,0.60592043,0.5855988
343,0.6197794,0.613507,0.6978789,0.68289673,0.70235884,0.62937576,0.6386983,0.6552624,0.6566803,0.6846437,0.6098275,0.5951522
344,0.6221582,0.62022674,0.6980947,0.68748426,0.70507187,0.6247559,0.64187866,0.65359926,0.6606946,0.6803698,0.6107124,0.59969735
345,0.61162066,0.6126733,0.69336104,0.6852363,0.70034796,0.621867,0.6352804,0.65165156,0.65901303,0.67562443,0.6090568,0.59864247
346,0.6085675,0.6110461,0.6900707,0.68315274,0.69829404,0.61878616,0.6339037,0.6493593,0.66046345,0.6733767,0.6095024,0.60040903
347,0.6460259,0.64764017,0.7028157,0.7007013,0.71533865,0.62028146,0.6574225,0.6525027,0.67533463,0.67637914,0.617208,0.615044
348,0.65241325,0.6542417,0.7074624,0.71035314,0.71782553,0.62565506,0.6574297,0.65701646,0.67413455,0.6739199,0.61675173,0.6142028
349,0.5956651,0.59825575,0.68749726,0.68661433,0.69210726,0.6248746,0.6211475,0.6544783,0.65439767,0.6682445,0.6074623,0.59576726
350,0.5512079,0.5533902,0.6677603,0.65781254,0.67403305,0.6159032,0.6004528,0.64842314,0.6468064,0.66888094,0.60657966,0.590593
351,0.5299798,0.5339338,0.6562882,0.6409549,0.66789234,0.6066233,0.5946829,0.6446929,0.6480544,0.6694351,0.6110114,0.59545183
352,0.50209755,0.50977117,0.64338195,0.6245704,0.6575252,0.59902537,0.5821975,0.6420632,0.64451754,0.66547054,0.6125381,0.59702367
353,0.4774319,0.488704,0.63075614,0.6086094,0.64753747,0.59185064,0.5710407,0.6392934,0.6422135,0.66145056,0.6145985,0.60001415
354,0.46860293,0.48323897,0.62369156,0.60026866,0.6445714,0.58667624,0.56863505,0.63830185,0.6453969,0.6586485,0.6195878,0.6081029
355,0.46610335,0.48397252,0.6198628,0.59691966,0.6436156,0.5845124,0.5680259,0.63927287,0.6487954,0.6552093,0.6245073,0.61634874
356,0.46145052,0.48190612,0.6157629,0.59316915,0.6405526,0.58406943,0.5647928,0.6407051,0.6496391,0.65134907,0.6279436,0.6219318
357,0.46224734,0.4843026,0.6137321,0.59141374,0.63978523,0.5847933,0.56461525,0.64273304,0.65206474,0.6489741,0.63225895,0.62854534
358,0.45000565,0.4734992,0.60760504,0.5841361,0.6327247,0.58524853,0.55654234,0.6440795,0.6484922,0.6454644,0.6335328,0.6295527
359,0.44187498,0.46615788,0.60211843,0.5767326,0.6277541,0.58453053,0.5519897,0.6445439,0.6473161,0.6436158,0.6360135,0.6323908
360,0.445789,0.4708609,0.60117894,0.57527214,0.62855965,0.5847779,0.55428386,0.64608264,0.65030724,0.6426575,0.6405292,0.63888353
361,0.47105104,0.49647313,0.6090214,0.58535904,0.63891375,0.58878917,0.56752014,0.65052557,0.65990794,0.6431109,0.6479913,0.65105015
362,0.7592957,0.7615211,0.71082556,0.7109699,0.7543189,0.6140412,0.7347446,0.68006897,0.74714106,0.66962236,0.68849814,0.7418959
363,0.6666677,0.67965585,0.69715285,0.712901,0.7060497,0.6510487,0.644154,0.69174594,0.68053436,0.6441155,0.64953464,0.6698432
364,0.6275489,0.632644,0.6824813,0.6832682,0.6871394,0.65239835,0.6215792,0.6835296,0.669845,0.6544404,0.64092135,0.65054375
365,0.666365,0.6649967,0.69677603,0.6921893,0.7074517,0.65176934,0.6511802,0.68436164,0.68429035,0.6684948,0.6499097,0.66050065
366,0.5966581,0.59882843,0.67678404,0.6671847,0.6794588,0.6493697,0.60969704,0.67961913,0.65640223,0.6618935,0.6340213,0.6313624
367,0.55686456,0.5591724,0.66055363,0.6405103,0.6656493,0.6380201,0.5946251,0.6703084,0.65016836,0.664875,0.6307978,0.62377846
368,0.5354681,0.54038787,0.65108997,0.6256293,0.6608696,0.6272148,0.5899114,0.66436076,0.6496238,0.66565186,0.63182706,0.62395525
369,0.51342803,0.5224134,0.64160854,0.6133921,0.654059,0.6182325,0.5819223,0.6594767,0.6470848,0.6626498,0.6311986,0.6231611
370,0.48807228,0.50094765,0.630422,0.5996773,0.6446543,0.61006516,0.57087564,0.65496373,0.64316964,0.6586751,0.63010216,0.62176216
371,0.47070074,0.4868709,0.62115777,0.588634,0.63814753,0.602601,0.56411195,0.65117186,0.64224374,0.65546596,0.63099843,0.6234918
372,0.4776496,0.49643853,0.6208138,0.5896249,0.6424457,0.5988614,0.5702631,0.65073806,0.64965945,0.6542212,0.63651943,0.6329943
373,0.50501806,0.5255324,0.6296903,0.6032348,0.65497047,0.601154,0.5854252,0.654732,0.66157776,0.6537056,0.64409745,0.6465109
374,0.48903376,0.51164407,0.6248426,0.5997971,0.64609766,0.60390013,0.57272214,0.65664405,0.6539609,0.6480975,0.64123005,0.6416153
375,0.4939171,0.5158599,0.6248474,0.5993726,0.64750165,0.60468936,0.57547194,0.6575323,0.65760285,0.64905816,0.64470303,0.6463626
376,0.4947171,0.51680505,0.6245971,0.5993696,0.6472668,0.6059979,0.5751931,0.65918875,0.65793175,0.6482915,0.6465874,0.648387
377,0.48633426,0.50867534,0.6210941,0.594886,0.64281785,0.6064417,0.5698161,0.65968347,0.6550449,0.6469449,0.64650357,0.6472716
378,0.4810439,0.5034103,0.618114,0.59047186,0.64017826,0.6058456,0.567229,0.6596746,0.6542363,0.6466593,0.64758855,0.6480605
379,0.4857949,0.50825214,0.6188317,0.5909431,0.64225477,0.60598403,0.5703348,0.66062117,0.656976,0.64697266,0.65047383,0.6521533
380,0.49044684,0.51329285,0.62020063,0.59279954,0.6437878,0.6072449,0.5723188,0.6620383,0.6584185,0.6463077,0.6522509,0.65487516
381,0.5031008,0.5256948,0.6248297,0.5985205,0.6490133,0.61010164,0.57861215,0.66463876,0.662639,0.6469669,0.65540034,0.65988225
382,0.51296276,0.5353729,0.6284496,0.60343415,0.6515068,0.6127702,0.5821088,0.66599625,0.66373694,0.6461712,0.6558839,0.6611438
383,0.5346819,0.55618495,0.63522726,0.6123579,0.6572681,0.6148667,0.5916428,0.66578853,0.667277,0.6456034,0.6560825,0.66326416
384,0.5829721,0.6018261,0.65360373,0.6355581,0.67552346,0.6222342,0.6157944,0.6705056,0.67899865,0.648635,0.6606083,0.67285216
385,0.7024609,0.7118977,0.7010137,0.6938378,0.7234691,0.6402523,0.68000436,0.6859783,0.70928866,0.6601805,0.6740035,0.70049924
386,0.62854815,0.6408864,0.6839702,0.6799014,0.6880376,0.65370405,0.6218897,0.68669003,0.668063,0.64871514,0.64783025,0.65506405
387,0.5906128,0.59808147,0.6689178,0.6535525,0.6722595,0.6477527,0.60446084,0.6778273,0.65905267,0.6556137,0.6409931,0.64104056
388,0.55133545,0.5584175,0.653763,0.6300662,0.6584392,0.63726467,0.58887297,0.6700411,0.64917105,0.6576262,0.6360777,0.6302705
389,0.5209053,0.5298059,0.6408594,0.61118245,0.6484373,0.6257732,0.5783258,0.6625713,0.6438174,0.65747786,0.63346696,0.62530327
390,0.5097719,0.52151334,0.63459724,0.6026698,0.6465376,0.6165884,0.57744384,0.6575954,0.64537877,0.65675026,0.63451487,0.62760234
391,0.49088734,0.50638247,0.62587243,0.5930985,0.6390514,0.60885245,0.5691541,0.6528809,0.64159036,0.65215254,0.63221633,0.6253941
392,0.4707187,0.48924547,0.61571914,0.5816291,0.6299131,0.60120386,0.5596726,0.6478461,0.6373881,0.64764076,0.6299548,0.62301
393,0.45665476,0.47770083,0.60732174,0.57238525,0.62338644,0.5943707,0.5536104,0.6438296,0.63556504,0.64398277,0.6296099,0.6232229
394,0.45902503,0.48221073,0.60492086,0.5711704,0.6239406,0.590131,0.5560112,0.64196736,0.6392197,0.6414597,0.63228977,0.62848246
395,0.45092484,0.47644854,0.59927356,0.5666322,0.61777395,0.5866073,0.55024284,0.63945204,0.63596106,0.6359376,0.6306891,0.62716866
396,0.5000111,0.5253348,0.6142958,0.5871797,0.6381053,0.5896072,0.57727766,0.6427171,0.6550574,0.63823354,0.64078873,0.6457565
397,0.56348324,0.5874098,0.64049834,0.62267035,0.6646864,0.60345584,0.6084276,0.6544832,0.6733051,0.6409367,0.6506861,0.6640015
398,0.5826583,0.60471547,0.6529395,0.64042014,0.670581,0.6184019,0.6111961,0.6637019,0.67183936,0.6407795,0.6497515,0.66178906
399,0.5498105,0.5696385,0.64394844,0.6283015,0.6543446,0.62350893,0.5881939,0.6637742,0.6558328,0.6399339,0.6408489,0.6446079
400,0.52015424,0.5373361,0.6326236,0.60982496,0.64218295,0.61977625,0.57433045,0.6598832,0.6473027,0.64296985,0.63717675,0.63557553
401,0.49789405,0.5146505,0.62334216,0.5950001,0.63467544,0.6133263,0.5664408,0.65602905,0.6428287,0.64469814,0.6362344,0.6318972
402,0.48998177,0.5078294,0.6189964,0.5881113,0.6333831,0.60769296,0.56592625,0.6533746,0.643644,0.64525896,0.6376757,0.6336819
403,0.4806668,0.5005716,0.6147122,0.5829071,0.63048226,0.60358125,0.5626731,0.65152276,0.6425816,0.6434018,0.63769627,0.6340768
404,0.46421042,0.48608133,0.60760045,0.574375,0.62362504,0.5993636,0.55477816,0.6491621,0.6386494,0.64059365,0.63621783,0.6320101
405,0.45421016,0.47755826,0.60194397,0.56751406,0.61948603,0.595034,0.5508774,0.6469177,0.6376408,0.6388211,0.6365828,0.6327243
406,0.4541677,0.47890586,0.6002302,0.5660346,0.6199569,0.59267384,0.55205226,0.6465542,0.64007163,0.63770103,0.63909465,0.6368372
407,0.45581326,0.4818652,0.5998593,0.5666379,0.62067187,0.59225386,0.5529798,0.64735186,0.6419684,0.6361253,0.6412473,0.6404437
408,0.44553378,0.47271574,0.59531426,0.5618168,0.6152163,0.591301,0.54667014,0.64700025,0.638468,0.6333341,0.64034826,0.63891286
409,0.46432203,0.4913688,0.6001791,0.5681974,0.6230079,0.59196395,0.55730003,0.64827543,0.6466399,0.6343989,0.64560056,0.6475944
410,0.7733363,0.7757051,0.70723516,0.7022347,0.7439027,0.61568105,0.73543894,0.675857,0.74038815,0.6615788,0.68653446,0.7427471
411,0.74809706,0.75740606,0.7203461,0.7373345,0.72527015,0.6600931,0.6823851,0.695689,0.69223744,0.6431594,0.6568168,0.6873031
412,0.6891166,0.6922774,0.70376563,0.7105556,0.69758666,0.6687073,0.64055187,0.6890115,0.6678644,0.64884615,0.63728225,0.65022105
413,0.6552421,0.65340114,0.6915541,0.68578875,0.6852691,0.66108793,0.62760645,0.67901945,0.65823495,0.6575975,0.6300907,0.63289905
414,0.60917556,0.6074447,0.67660356,0.6613577,0.6713034,0.65094703,0.6092233,0.6711768,0.64673305,0.66072816,0.6237268,0.6182685
415,0.5776991,0.5779015,0.6649851,0.6425102,0.66354424,0.6389462,0.60006744,0.6633542,0.6430573,0.662774,0.62165874,0.61303896
416,0.5471721,0.5511639,0.65317464,0.6262264,0.6549671,0.62732387,0.58951354,0.6563631,0.63897383,0.6611577,0.61942756,0.60911024
417,0.526607,0.5345017,0.64408195,0.6146937,0.64977634,0.6172687,0.58345914,0.6508904,0.638621,0.659155,0.61949414,0.6095976
418,0.5036597,0.51552784,0.6341054,0.6032299,0.64247257,0.60883546,0.5743142,0.6467465,0.63641876,0.65558654,0.6191438,0.6093507
419,0.49363792,0.50869495,0.6280438,0.59692526,0.64019316,0.6022554,0.5719669,0.64408994,0.6389058,0.6533362,0.6216495,0.613727
420,0.47296312,0.4912699,0.61829937,0.5866824,0.63152975,0.59627837,0.5616725,0.6413261,0.6352839,0.648527,0.6210589,0.61296225
421,0.45729515,0.4780309,0.60904104,0.5764992,0.62412584,0.58993447,0.5543651,0.63792145,0.63352555,0.64465255,0.6215127,0.61386395
422,0.45053527,0.4734093,0.60360056,0.57115394,0.62132597,0.58579516,0.5519724,0.63683164,0.6350343,0.6419748,0.62442523,0.6182612
423,0.4575982,0.48226684,0.6036191,0.5730392,0.6241886,0.58446515,0.55626637,0.637637,0.6404416,0.64003,0.62914807,0.6260408
424,0.47949094,0.50518775,0.6103854,0.58358324,0.6332146,0.5874807,0.5673594,0.6413779,0.64944637,0.639234,0.6354868,0.6367996
425,0.47079763,0.49746218,0.6077735,0.5820671,0.62755376,0.59080416,0.55934924,0.643924,0.64456475,0.63538295,0.6345264,0.6345414
426,0.47335118,0.49924704,0.60751885,0.581251,0.6277133,0.592394,0.56029564,0.64535046,0.6463161,0.6358689,0.6372401,0.6377723
427,0.47662115,0.5022253,0.60812265,0.5818265,0.62842816,0.59405875,0.5614999,0.6471114,0.64735955,0.6357075,0.6395103,0.64039963
428,0.4611707,0.48700613,0.6021733,0.57408786,0.6204017,0.5938238,0.5520632,0.6468048,0.64101243,0.6334384,0.63749605,0.63614374
429,0.48149693,0.5064601,0.6077916,0.58006597,0.6292936,0.5947264,0.5643725,0.64827454,0.6499345,0.63606703,0.643482,0.64550173
430,0.49734497,0.52252036,0.61437255,0.58894163,0.6355249,0.598995,0.57137614,0.65184313,0.6537361,0.63568586,0.6462449,0.6501753
431,0.5965128,0.61668885,0.6515452,0.6347585,0.67773575,0.61222196,0.62583977,0.6636417,0.68609065,0.64536655,0.66254157,0.6806446
432,0.58619004,0.6071334,0.65479666,0.6432325,0.6688667,0.6260924,0.60827816,0.669319,0.6689573,0.6388229,0.6513814,0.66222095
433,0.5690242,0.5868679,0.6479951,0.63242614,0.6563843,0.6265113,0.595002,0.6634852,0.65763575,0.63889843,0.64169407,0.64670354
434,0.58221847,0.5965142,0.65383357,0.6357939,0.6638278,0.6280779,0.6048563,0.6644837,0.6624418,0.645844,0.6443332,0.6490234
435,0.5897555,0.6027251,0.6593675,0.64134073,0.6689814,0.6307941,0.60964054,0.6665454,0.66341716,0.64904773,0.6443401,0.64819276
436,0.59394217,0.6058104,0.66356003,0.6454711,0.67262346,0.6331278,0.61239725,0.6679783,0.66387546,0.65185696,0.64362276,0.6466597
437,0.60001105,0.6107254,0.6680575,0.650125,0.6771437,0.6348913,0.6165969,0.66916513,0.66543907,0.6548836,0.6434283,0.64612406
438,0.61177,0.62124485,0.6743996,0.65753347,0.6837913,0.63674986,0.62389386,0.67049855,0.6685888,0.657925,0.6437626,0.6469207
439,0.629669,0.63756937,0.6834229,0.66876125,0.6930216,0.6399144,0.63420707,0.6729888,0.6731255,0.66127765,0.6446838,0.64890385
440,0.62415934,0.6314692,0.6844406,0.6707693,0.6918725,0.6422001,0.6298984,0.6737896,0.66896623,0.6618211,0.6409189,0.64247155
441,0.6231159,0.62901914,0.68552667,0.6713319,0.69315046,0.6421032,0.63051146,0.67325914,0.6689512,0.66460335,0.63963974,0.6399364
442,0.71584135,0.71460456,0.72052,0.7130837,0.7342697,0.64811003,0.68772185,0.68139756,0.69860554,0.6771764,0.6531516,0.66618145
443,0.6543999,0.65716505,0.7056977,0.70239663,0.70709246,0.65464026,0.6416496,0.6813563,0.6668991,0.6659808,0.6330226,0.63180083
444,0.6174368,0.6180488,0.6903248,0.6789602,0.6917442,0.64688927,0.62415123,0.6721942,0.65915006,0.6690087,0.62672025,0.6201106
445,0.578608,0.5802352,0.67398465,0.65621805,0.67687005,0.6353194,0.6074695,0.6634787,0.65026283,0.66833794,0.62181824,0.61064976
446,0.5366726,0.5410107,0.6559482,0.63222176,0.6607267,0.62264454,0.5891681,0.6550479,0.6416227,0.6654261,0.61775196,0.6035558
447,0.50604624,0.51370144,0.64149976,0.61330515,0.65025085,0.61094254,0.5777797,0.64876777,0.6386555,0.6630716,0.617795,0.603367
448,0.49321762,0.5046524,0.63348854,0.6040349,0.6473281,0.6021982,0.57528204,0.64529085,0.64157075,0.6607688,0.6211453,0.6092778
449,0.47782457,0.49324897,0.62535,0.59586847,0.6417718,0.59621286,0.56869096,0.6433913,0.6412207,0.65625846,0.6227826,0.61264443
450,0.4598423,0.47846815,0.6158131,0.5856296,0.6338096,0.59093815,0.5597823,0.6413652,0.6391428,0.6516673,0.62369454,0.6144733
451,0.44772875,0.46886268,0.6079895,0.57718915,0.62819475,0.5864042,0.55423194,0.63992834,0.6390339,0.6481684,0.6260302,0.6181797
452,0.45177647,0.47492796,0.60640603,0.5767783,0.6299389,0.5845752,0.55733836,0.6407484,0.64431494,0.6462197,0.6313354,0.6267553
453,0.446438,0.4716105,0.6027623,0.57402205,0.6264596,0.5844792,0.55335003,0.6421375,0.64372444,0.64240026,0.63344336,0.6299327
454,0.43826938,0.46458325,0.5976517,0.5684004,0.62129647,0.58386767,0.5481145,0.64256364,0.6420627,0.6394711,0.6349279,0.63172203
455,0.43340626,0.460503,0.5935452,0.56355405,0.6178209,0.5830064,0.54524714,0.642909,0.64163536,0.6374196,0.6371522,0.63449943
456,0.4429982,0.47059917,0.59511787,0.565819,0.6213576,0.5841161,0.55041564,0.6450531,0.6465034,0.6369296,0.64215565,0.6419838
457,0.46588728,0.49370003,0.60262734,0.5759532,0.63029194,0.5884762,0.56156605,0.6492803,0.65441185,0.63683337,0.64816266,0.65180886
458,0.7751144,0.7770459,0.7106616,0.7098623,0.7515758,0.61450994,0.73985046,0.6792762,0.74685276,0.66464293,0.68978083,0.74758565
459,0.6795517,0.69323176,0.6967212,0.71326303,0.701121,0.653012,0.6445145,0.6896736,0.67642325,0.6377195,0.646914,0.6691795
460,0.63387525,0.6393165,0.6803725,0.6809065,0.6797131,0.65404665,0.61820316,0.68038404,0.66323394,0.6483663,0.63601947,0.64610064
461,0.66040456,0.65979743,0.69057316,0.684004,0.69543827,0.6519554,0.6415229,0.67952,0.67434984,0.6623398,0.64305454,0.65205336
462,0.7011115,0.697859,0.71028775,0.70584273,0.71628046,0.65652806,0.6670216,0.6842756,0.6839102,0.6693867,0.6468716,0.65748054
463,0.6521626,0.65159094,0.6985435,0.692688,0.69700503,0.65757287,0.63523024,0.68095595,0.6622758,0.6643666,0.6320029,0.6316998
464,0.60828906,0.6076034,0.68277425,0.668471,0.6813129,0.64874583,0.61537796,0.6722864,0.6524352,0.66629237,0.62518185,0.61858577
465,0.5638855,0.56512165,0.66554636,0.643585,0.66630816,0.63622355,0.5973621,0.66366875,0.6437921,0.66610676,0.6209026,0.6096965
466,0.60859936,0.6101273,0.6793783,0.65912944,0.6910695,0.6301331,0.6318685,0.66291165,0.6677658,0.6738324,0.63341343,0.6315761
467,0.7556375,0.74981827,0.7358205,0.73186976,0.7543567,0.6415228,0.7197595,0.67887473,0.7115476,0.6855122,0.65302914,0.6747497
468,0.8732309,0.8567781,0.7891077,0.80487955,0.79724,0.66795516,0.7739689,0.7014025,0.7226612,0.6885933,0.6554765,0.6858925
469,0.775208,0.7635235,0.7633273,0.78631544,0.75228447,0.683603,0.69404596,0.69777733,0.67366105,0.6746879,0.62045825,0.62330115
470,0.69939387,0.6835827,0.73421127,0.7418531,0.72246236,0.67239976,0.65626925,0.6826881,0.65756035,0.68121,0.6082979,0.59767497
471,0.68176115,0.6644811,0.72552544,0.72379357,0.7218178,0.6576615,0.65949976,0.6735642,0.66217995,0.6898582,0.6117327,0.59838504
472,0.6380868,0.6253185,0.7098524,0.70379937,0.7080545,0.64541596,0.64076006,0.66601783,0.6531646,0.6865348,0.60697037,0.5890336
473,0.60376453,0.5950297,0.69547915,0.68465227,0.69748276,0.6331788,0.6279113,0.6585429,0.6504555,0.68452585,0.60600513,0.5871122
474,0.5847486,0.5802511,0.6861037,0.6730702,0.69303435,0.62290055,0.62304723,0.6534577,0.6525736,0.68245006,0.60818934,0.5910505
475,0.5726108,0.5723419,0.67953247,0.6664791,0.6903545,0.6157753,0.6197898,0.6506897,0.6551952,0.6791958,0.61074793,0.59615725
476,0.53788614,0.54177725,0.66502476,0.65003115,0.6762062,0.60946745,0.60111916,0.6478227,0.64843327,0.6731152,0.6093361,0.5935397
477,0.50409234,0.5111103,0.6487483,0.62954724,0.6619421,0.60125047,0.58459765,0.6435822,0.64382946,0.6689637,0.6099216,0.5935766
478,0.50354767,0.51347226,0.64383954,0.6239419,0.66319835,0.59504503,0.58815897,0.64192593,0.65160275,0.66791165,0.6169964,0.6051354
479,0.5490907,0.561179,0.65723675,0.64375806,0.6832424,0.5959819,0.61545676,0.6455206,0.6711795,0.6680525,0.62811875,0.626869
480,0.5571365,0.5715503,0.661488,0.6535285,0.68434185,0.60299456,0.61444265,0.6513354,0.6702977,0.66218036,0.62899923,0.62929535
481,0.53570855,0.55033964,0.6534447,0.6441863,0.6722404,0.6063916,0.59823495,0.65270364,0.66166496,0.6584381,0.62653726,0.62347686
482,0.5336255,0.54722667,0.65027136,0.6384158,0.6704802,0.6061914,0.59774715,0.6529124,0.663381,0.6597736,0.63004875,0.627195
483,0.52018505,0.5344106,0.6441221,0.6300208,0.66386503,0.60545194,0.58994293,0.6530831,0.65948266,0.6579696,0.63064545,0.6263572
484,0.5112414,0.5261124,0.63896567,0.622382,0.65944403,0.6038304,0.58561,0.65262526,0.6583622,0.6570185,0.63239694,0.62804145
485,0.51466984,0.5303219,0.63844687,0.62104815,0.66071296,0.60320634,0.5883156,0.6533103,0.6613871,0.6566684,0.63604915,0.63355136
486,0.5064639,0.5235136,0.63456714,0.61623794,0.65601104,0.6031366,0.58281285,0.6537293,0.6585236,0.65392005,0.63630044,0.6335938
487,0.50633097,0.5240214,0.6328331,0.6134693,0.654876,0.6028106,0.582658,0.6538568,0.65937877,0.65294856,0.63830036,0.63665366
488,0.5742995,0.58972585,0.6565366,0.64276224,0.68462884,0.60919094,0.62208396,0.66101474,0.68370885,0.659165,0.6516928,0.6610552
489,0.59059644,0.6063164,0.66682005,0.65871507,0.6889791,0.62068653,0.6239395,0.66859365,0.680706,0.6557533,0.65006953,0.6589729
490,0.6420161,0.65291375,0.68673867,0.68240094,0.7075093,0.63069755,0.64939606,0.67435163,0.6920146,0.66092247,0.6543066,0.66786534
491,0.64963126,0.65797114,0.6942959,0.69268584,0.7089163,0.6413986,0.64732915,0.67983854,0.6857387,0.6615057,0.650079,0.6595113
492,0.6076938,0.61463946,0.6816328,0.67539746,0.6900252,0.64322394,0.6204071,0.6772108,0.66821367,0.6606538,0.6397194,0.6398098
493,0.5625341,0.56829804,0.6643815,0.6490526,0.6720559,0.63595986,0.59887993,0.67050785,0.656371,0.6624298,0.6339919,0.62748605
494,0.5312649,0.5378107,0.6509256,0.6282554,0.66166097,0.6258637,0.5878015,0.66435444,0.6516194,0.66383886,0.6331291,0.62399304
495,0.5162619,0.52532023,0.6433011,0.6171379,0.6582643,0.6173416,0.58486223,0.66032904,0.6522993,0.6636087,0.634963,0.626611
496,0.4962575,0.50889033,0.6343762,0.60627997,0.65114063,0.6105672,0.5764855,0.6571042,0.64936906,0.6601193,0.63453937,0.6265114
497,0.4757962,0.49155682,0.6245925,0.59444153,0.6429316,0.6042249,0.56730276,0.6539007,0.6463643,0.6565926,0.63429624,0.62660635
498,0.4634966,0.48192203,0.61727464,0.5858988,0.6381137,0.5988558,0.5625718,0.6517015,0.6463323,0.6538995,0.63603306,0.6296738
499,0.46501023,0.48572037,0.6152078,0.5845458,0.6391477,0.5960812,0.5647075,0.6516085,0.6504856,0.65196466,0.6400592,0.63660395
500,0.45430613,0.47739306,0.6097188,0.5792843,0.6334616,0.5945009,0.55812573,0.65155274,0.6479444,0.6478003,0.64042586,0.6373974
501,0.44561607,0.47005755,0.6042606,0.5730793,0.62858975,0.59264016,0.55333596,0.65106034,0.64676684,0.6452735,0.64170146,0.6391822
502,0.45014703,0.47547728,0.60364354,0.57286054,0.63002825,0.592174,0.5560943,0.65205216,0.65037405,0.6442937,0.64572555,0.6453141
503,0.45586333,0.4821264,0.60458404,0.5749368,0.6316166,0.59372157,0.5583072,0.6542443,0.65286565,0.6426857,0.64895445,0.6502998
504,0.45744985,0.4842621,0.60443425,0.57528216,0.6308872,0.59575677,0.5577113,0.65612066,0.6530346,0.640983,0.65065306,0.65270376
505,0.4711308,0.49760553,0.608526,0.5803692,0.6357758,0.59875625,0.5642125,0.65880334,0.65772015,0.64131093,0.65463954,0.6588173
506,0.7754271,0.7746931,0.71567607,0.71114326,0.7588544,0.62428546,0.7418021,0.69090354,0.7510894,0.67239136,0.6993384,0.7556464
507,0.76332456,0.7683399,0.73311055,0.7505376,0.74486524,0.6686951,0.6975142,0.71161664,0.7064297,0.6549839,0.6718482,0.7046756
508,0.68449867,0.6855452,0.7097081,0.71746194,0.7078694,0.6774837,0.64220476,0.70305336,0.67483926,0.65713537,0.6474102,0.65993214
509,0.7085082,0.7004592,0.717819,0.71530384,0.72159743,0.6734321,0.6651655,0.6988267,0.68628037,0.6745708,0.6526781,0.6630531
510,0.63672006,0.6320249,0.6963192,0.6877125,0.69382,0.66676253,0.6251292,0.6901314,0.6590714,0.6696137,0.63542557,0.6317736
511,0.6001778,0.59599584,0.68170255,0.66318846,0.6828242,0.6534832,0.61353165,0.6793473,0.6547773,0.67338717,0.6319488,0.6242574
512,0.5557014,0.555442,0.6648003,0.63957936,0.66842,0.63972884,0.5959394,0.67037725,0.6462022,0.6713565,0.6275018,0.61602473
513,0.5223874,0.52640384,0.6503201,0.620056,0.65806854,0.62638134,0.5843227,0.66238034,0.6429044,0.6691091,0.6263113,0.61412346
514,0.5026469,0.5113729,0.6397615,0.6074294,0.65190816,0.6147265,0.57849526,0.65576166,0.6430115,0.6655163,0.62678266,0.6160479
515,0.48839906,0.5019477,0.6303236,0.5979974,0.64501244,0.604591,0.57277524,0.64913785,0.6419805,0.6593449,0.6257136,0.6168024
516,0.46535364,0.4832839,0.6170433,0.58429027,0.6315888,0.59476244,0.55986875,0.64157647,0.6352755,0.6508151,0.62137437,0.6123955
517,0.45083362,0.47159782,0.60798913,0.5746726,0.62473667,0.5884738,0.5532098,0.6384668,0.63437384,0.6466537,0.6225059,0.6145391
518,0.44823858,0.47135758,0.6038612,0.57135075,0.6236672,0.5849016,0.5529309,0.6379283,0.637556,0.6439285,0.6264068,0.62074584
519,0.44699386,0.47228757,0.6006042,0.56951714,0.6217357,0.5828915,0.5517332,0.6377511,0.6389126,0.64006835,0.6288532,0.62499744
520,0.45672914,0.48323175,0.60203636,0.5730651,0.62489027,0.5837152,0.5563202,0.63959897,0.643914,0.6381749,0.6333741,0.63236696
521,0.4434365,0.47112492,0.5962526,0.5672157,0.6169181,0.5841646,0.5469042,0.6402807,0.6383972,0.6338768,0.6323649,0.6300458
522,0.4566894,0.48405406,0.5986358,0.57017905,0.6216807,0.5850188,0.5542643,0.64167464,0.6447414,0.6344794,0.6376143,0.6379653
523,0.4750218,0.502507,0.6048568,0.57884103,0.6285137,0.58904076,0.56272244,0.6454054,0.65040606,0.6340167,0.6421961,0.6452241
524,0.52981704,0.55525887,0.6258599,0.60532415,0.6519346,0.5993254,0.5911975,0.6542468,0.6684987,0.6384571,0.6528445,0.66340816
525,0.5223209,0.54759943,0.627583,0.60890335,0.646547,0.6092529,0.5806528,0.6598421,0.6592919,0.6355146,0.6486283,0.65525556
526,0.5156595,0.5384126,0.6257281,0.6040872,0.64238244,0.61223257,0.5757962,0.6601984,0.6555654,0.6377447,0.64703006,0.6510029
527,0.50296223,0.52451116,0.6206425,0.59565216,0.6358045,0.61074096,0.56904924,0.65790707,0.64975,0.6381074,0.6441378,0.6451142
528,0.5015591,0.5224889,0.61933017,0.5921588,0.63530374,0.60883117,0.5697633,0.6563419,0.6496095,0.6393709,0.6443358,0.6448874
529,0.5492259,0.568488,0.6369489,0.6130883,0.6575191,0.61329114,0.59779954,0.66130716,0.66721594,0.6451695,0.65381163,0.66129
530,0.61565506,0.6321618,0.6651669,0.64932114,0.6857538,0.62604505,0.631858,0.6718868,0.6845357,0.65000695,0.6617089,0.676972
531,0.66064817,0.67337227,0.6879899,0.6792547,0.70313835,0.6420253,0.6500616,0.6821797,0.68956184,0.6533995,0.6621391,0.678982
532,0.68671674,0.6943626,0.70323557,0.69798714,0.7127731,0.6548256,0.6587609,0.688601,0.6890104,0.6583547,0.659022,0.6734571
533,0.7310723,0.73131776,0.72410583,0.7216353,0.7310287,0.66500366,0.6814665,0.6945312,0.6956355,0.6674765,0.6594188,0.6741013
534,0.7041571,0.7028164,0.72038746,0.7183384,0.72002614,0.67041624,0.6608838,0.6936933,0.6785822,0.6674188,0.64620274,0.65060705
535,0.71816,0.7116657,0.72727007,0.7225106,0.72827584,0.6694209,0.67268395,0.6914148,0.6830853,0.67637956,0.6452408,0.6484125
536,0.70882076,0.70169497,0.7267933,0.7221749,0.72574294,0.66709346,0.66804135,0.6874914,0.6762688,0.67731893,0.63745624,0.63604414
537,0.68961,0.6824524,0.7214647,0.7152066,0.71949625,0.662161,0.65918124,0.68163294,0.66965014,0.67801756,0.6300221,0.62442523
538,0.7077451,0.6991082,0.72812814,0.7224683,0.72899806,0.65723246,0.6742052,0.6777065,0.6765866,0.68232256,0.62998694,0.6265862
539,0.6645904,0.658994,0.714702,0.7090327,0.7116502,0.6523603,0.64832544,0.67184424,0.6601686,0.6764911,0.61789656,0.6073488
540,0.62934554,0.6245561,0.7007435,0.69012344,0.6993528,0.64298826,0.6331356,0.6643158,0.6543279,0.67676663,0.6135476,0.59966165
541,0.57849795,0.57631934,0.6807557,0.6642634,0.68082863,0.6312449,0.6096132,0.65686494,0.64394355,0.6740398,0.6088501,0.5906578
542,0.5367047,0.5376306,0.6620666,0.6394884,0.66613865,0.61790484,0.59278506,0.649377,0.6390233,0.67192817,0.6081548,0.5886292
543,0.51766056,0.5225865,0.6509718,0.62584805,0.661146,0.6066224,0.58831203,0.6443298,0.6418591,0.6699075,0.61175776,0.5947527
544,0.49167526,0.5013806,0.6383805,0.612048,0.65145564,0.5981435,0.576623,0.6410865,0.6394234,0.6643571,0.61276007,0.5970056
545,0.4693552,0.4829681,0.62638366,0.5985546,0.64245266,0.59084713,0.566538,0.63833195,0.6382913,0.6596786,0.6148423,0.6007043
546,0.46123406,0.47821915,0.61933166,0.5915152,0.6394479,0.5856403,0.56407744,0.63725054,0.641665,0.6562803,0.61951363,0.60856205
547,0.45959774,0.47964957,0.6154383,0.58899283,0.63839,0.5832945,0.5635938,0.63791615,0.64523363,0.652477,0.624157,0.6165074
548,0.447973,0.47050542,0.60874754,0.58250695,0.6319322,0.5821963,0.55621034,0.6387755,0.6434268,0.6477874,0.6261784,0.6194862
549,0.43876427,0.46280685,0.60241634,0.5753516,0.6265477,0.58084,0.55093414,0.63923806,0.64282966,0.64477843,0.6290295,0.62328315
550,0.43524188,0.46059132,0.5982196,0.5706989,0.6237287,0.57991695,0.5489223,0.64007646,0.6437645,0.64234465,0.6326467,0.6283163
551,0.44326013,0.46965155,0.5987616,0.57207805,0.6261113,0.58097047,0.55291444,0.6423352,0.64820117,0.64082754,0.6378303,0.6362449
552,0.43707067,0.46463758,0.59538746,0.56851935,0.6213977,0.58254653,0.5477339,0.64417344,0.6455028,0.6374323,0.6389821,0.63740945
553,0.4549905,0.48236665,0.5999451,0.5739882,0.6280647,0.5853564,0.55708855,0.64713883,0.6528323,0.6380218,0.645195,0.64704627
554,0.7539049,0.7576975,0.70418185,0.7031991,0.74734056,0.6101304,0.73028743,0.6760844,0.74482447,0.66527456,0.6874609,0.7420759
555,0.6916022,0.7048884,0.7015589,0.7186675,0.71056604,0.6497679,0.6560174,0.68998677,0.68541163,0.64135575,0.6518588,0.6766723
556,0.71468073,0.7163512,0.7121785,0.72062784,0.717885,0.66091055,0.66644746,0.6906091,0.6902467,0.6572917,0.6511412,0.67141575
557,0.6842357,0.6829219,0.7058529,0.70870227,0.7055148,0.6638682,0.6472252,0.68776166,0.6732141,0.66065025,0.64020634,0.64776367
558,0.8634311,0.8407276,0.77273303,0.77930504,0.78134036,0.6737187,0.7613444,0.70407844,0.7255403,0.69031835,0.6669195,0.6978079
559,0.7502093,0.7383258,0.7462737,0.7619194,0.73402494,0.68719983,0.67465556,0.70171165,0.66767025,0.67070186,0.6278032,0.62925935
560,0.67457867,0.66005296,0.71782446,0.71658,0.70548135,0.67361283,0.63921773,0.68486387,0.6528508,0.67696387,0.615226,0.60547274
561,0.62622505,0.6129868,0.69872767,0.68561965,0.69231236,0.6557109,0.62489176,0.6728447,0.6474643,0.68143,0.6131415,0.5976804
562,0.5873137,0.57883066,0.68305695,0.66336936,0.68213576,0.6395267,0.61297804,0.6634045,0.64408994,0.6804621,0.612044,0.5946397
563,0.5449111,0.54238063,0.6655439,0.6410206,0.6683793,0.6249415,0.59607697,0.65506727,0.63864285,0.67584735,0.6099958,0.5915605
564,0.51012266,0.51314056,0.649481,0.6211412,0.6568035,0.611747,0.58259386,0.6481173,0.63625413,0.6713766,0.61038154,0.5925971
565,0.52814835,0.53548884,0.6519276,0.6262459,0.66850346,0.6045257,0.59876746,0.6465157,0.65248376,0.6715298,0.6201928,0.61054057
566,0.5299082,0.541982,0.6519556,0.6310047,0.670059,0.6036037,0.599117,0.6483954,0.6557574,0.6657023,0.623042,0.6169503
567,0.51200515,0.5267725,0.64419544,0.62394726,0.6612501,0.6027235,0.5873154,0.64847064,0.6516973,0.6603957,0.62257993,0.6161296
568,0.50709397,0.5228737,0.639649,0.618961,0.65880454,0.60087174,0.5852566,0.6483315,0.6539666,0.6590998,0.6261383,0.6210244
569,0.50151306,0.5185612,0.6357819,0.6150696,0.65628225,0.6000202,0.58231604,0.6493506,0.6547658,0.65714675,0.62929213,0.6249812
570,0.5113529,0.52905774,0.63750696,0.6179431,0.6604402,0.6007681,0.58811665,0.6514898,0.66070426,0.65684,0.63470083,0.6333189
571,0.51215255,0.5307658,0.63720673,0.6186787,0.6597999,0.6028902,0.5870288,0.6539394,0.661078,0.654665,0.636944,0.6363614
572,0.51169527,0.53055894,0.6359237,0.6172826,0.6581058,0.60431886,0.5855,0.65518385,0.6609936,0.65326065,0.63857406,0.6383793
573,0.5175531,0.5361978,0.6372922,0.6187142,0.6600474,0.6063635,0.58824664,0.6573682,0.6635299,0.65339553,0.64179957,0.6427618
574,0.5103306,0.5292433,0.63457614,0.6151236,0.65606654,0.60793287,0.5830299,0.6587603,0.6605938,0.6519636,0.64204013,0.6420214
575,0.4961566,0.51523584,0.6286191,0.60660905,0.64928514,0.6073263,0.575085,0.6584532,0.6564118,0.65091175,0.6416544,0.6400792
576,0.48903495,0.50836825,0.6244844,0.60016096,0.6461492,0.6055616,0.57228523,0.6578798,0.6557533,0.6507859,0.64320254,0.64152753
577,0.5856786,0.60103446,0.65792435,0.6411677,0.68914634,0.61282825,0.6293267,0.66703206,0.6911439,0.6607341,0.66211617,0.67607385
578,0.6072321,0.6233813,0.67198706,0.6635131,0.69479626,0.6274876,0.6314776,0.6763693,0.6862312,0.65554696,0.6585471,0.67153233
579,0.6204162,0.6332245,0.6793967,0.6721845,0.6970617,0.63691,0.6331769,0.6796469,0.68413675,0.6574177,0.655607,0.6666133
580,0.63140273,0.6405678,0.6854683,0.67798764,0.70026165,0.6425809,0.63682777,0.6814861,0.6828693,0.6610354,0.65371746,0.66230464
581,0.61886615,0.6263584,0.6827406,0.6733019,0.69375896,0.6441301,0.6278045,0.67977655,0.67444307,0.6617065,0.64756525,0.6510748
582,0.5833737,0.5904558,0.6705744,0.65584296,0.6788565,0.64031464,0.6086468,0.6747506,0.66211045,0.66137326,0.6400163,0.6372457
583,0.5559131,0.56322557,0.6589393,0.63823044,0.6681754,0.6320229,0.597363,0.6679849,0.6558257,0.66195756,0.6363247,0.6303773
584,0.5392003,0.5481432,0.6509629,0.62672716,0.6626398,0.6238875,0.59227115,0.66272426,0.6537274,0.66148317,0.6352827,0.6287208
585,0.5330426,0.54424036,0.6470938,0.6219174,0.6613755,0.61801916,0.5918421,0.65954477,0.6548353,0.66020113,0.6358754,0.63062626
586,0.51516104,0.5291752,0.6390586,0.6129923,0.6532165,0.6125906,0.5825921,0.65575445,0.64995235,0.6559151,0.6330002,0.6272099
587,0.5393291,0.55401087,0.6458018,0.62196577,0.66481465,0.61126214,0.5985312,0.6564007,0.66198766,0.65782166,0.6395556,0.63932717
588,0.61049366,0.62341607,0.6727087,0.65775913,0.69589245,0.6193343,0.63845575,0.6651353,0.6851224,0.66244924,0.6509631,0.6617653
589,0.6189145,0.6319651,0.68110204,0.6727276,0.69740003,0.6311289,0.6350009,0.6723808,0.6792105,0.6587802,0.6468529,0.65532106
590,0.58515453,0.5968781,0.6708936,0.65986,0.6813291,0.63432324,0.6118884,0.6713341,0.664895,0.65731764,0.6385756,0.63962305
591,0.557102,0.5670885,0.6595616,0.64231557,0.6700602,0.6297915,0.5987923,0.66711193,0.658148,0.65959805,0.6358175,0.63232636
592,0.53003705,0.5404188,0.6483045,0.6258274,0.66033715,0.62287027,0.5876413,0.66291636,0.6527211,0.66000646,0.63444626,0.62803733
593,0.5026542,0.5148862,0.63648045,0.60960203,0.65031534,0.6150495,0.57622784,0.658562,0.64772826,0.6585497,0.63332504,0.62525225
594,0.4822381,0.49694067,0.6264641,0.596466,0.64293444,0.6073533,0.56847453,0.6546286,0.6454935,0.6565128,0.63369256,0.6256447
595,0.47982848,0.49706116,0.6228375,0.59246093,0.64318603,0.60214627,0.5699522,0.65289015,0.6493022,0.65502816,0.637187,0.63179606
596,0.4674185,0.48754823,0.6168011,0.58641464,0.63779527,0.5989693,0.563489,0.652053,0.64722365,0.6509782,0.63755286,0.63285303
597,0.45674098,0.4787884,0.6107018,0.579587,0.6327276,0.5959727,0.558183,0.6509924,0.6461412,0.6481771,0.63862866,0.6346548
598,0.44743544,0.47111773,0.6050073,0.57317126,0.6280911,0.59323484,0.5535762,0.65019685,0.6451395,0.6455808,0.6399966,0.63661903
599,0.45390362,0.47870457,0.6049669,0.57391185,0.6305343,0.5923497,0.5576011,0.65098125,0.6497126,0.64452916,0.64429295,0.64351857
600,0.45098552,0.47717375,0.6029409,0.5725368,0.6281393,0.5929829,0.5548497,0.6523177,0.64888287,0.6416846,0.6456023,0.64545774
601,0.4661939,0.49246535,0.6069527,0.5779724,0.6338991,0.5951023,0.5626192,0.65472084,0.6551261,0.64179665,0.6504822,0.6533021
602,0.76303893,0.76450527,0.71095455,0.70636255,0.7535587,0.6193193,0.73545974,0.684635,0.7468656,0.67049724,0.6934693,0.7477307
603,0.7604439,0.7667318,0.7308404,0.7483834,0.7428935,0.6630911,0.6973349,0.7056693,0.70563984,0.65357804,0.66799825,0.7009194
604,0.6780445,0.68083555,0.7056834,0.7142557,0.7028281,0.6717513,0.6384498,0.6963075,0.6710385,0.65357643,0.64166504,0.653372
605,0.6677722,0.66349137,0.7011591,0.6969517,0.7018032,0.66533226,0.64116114,0.6889017,0.67218906,0.6673466,0.6416425,0.64695746
606,0.6175542,0.61522084,0.68298066,0.6710228,0.6806982,0.6534974,0.61626667,0.6764799,0.6534726,0.6644292,0.62858367,0.6240809
607,0.66395026,0.6594375,0.6992022,0.6861343,0.70578223,0.6484175,0.65221816,0.6751093,0.675134,0.67511624,0.6387794,0.6413883
608,0.651044,0.65013814,0.69968677,0.68980473,0.703211,0.6489705,0.64353377,0.67558134,0.6671926,0.67092067,0.6324675,0.63151276
609,0.64308095,0.6426271,0.69823974,0.6875025,0.70191467,0.6465505,0.6406668,0.67272717,0.6661745,0.6718551,0.6296911,0.62733465
610,0.59185237,0.5936864,0.6806169,0.6656483,0.6817343,0.6397678,0.61281925,0.66656345,0.65074366,0.6678091,0.62063867,0.61126107
611,0.6071352,0.6084309,0.68371946,0.667,0.6923524,0.63295287,0.6290199,0.663495,0.6639139,0.6738031,0.6277297,0.6226051
612,0.58549905,0.5900423,0.67710316,0.6611759,0.6852442,0.6293779,0.61742055,0.6622056,0.6576672,0.66949785,0.62461853,0.61730736
613,0.5495976,0.5563837,0.66252464,0.6431624,0.67022675,0.622343,0.5986969,0.65686846,0.6490824,0.66572285,0.62025654,0.6099359
614,0.52366817,0.5324187,0.6499441,0.6267347,0.6603022,0.61359394,0.5879439,0.6516761,0.64610296,0.66394734,0.6201136,0.6089641
615,0.5143241,0.5255418,0.6435663,0.61915225,0.6581193,0.6068947,0.58638525,0.64910233,0.648868,0.6625859,0.62342703,0.6141407
616,0.5028259,0.517,0.63722974,0.6127825,0.65382653,0.6024401,0.5813535,0.6478014,0.6487773,0.6590739,0.62509984,0.61709785
617,0.48629344,0.5029562,0.6288943,0.6035616,0.6464604,0.59849066,0.57278126,0.64634705,0.6463865,0.6552637,0.625767,0.6180956
618,0.47529876,0.49391094,0.6219007,0.59559125,0.6412393,0.59460855,0.56763804,0.64492756,0.6460552,0.65244406,0.62770814,0.6210091
619,0.48391905,0.5040203,0.6223263,0.59722006,0.6449699,0.59335756,0.57334507,0.6458665,0.6523806,0.6513995,0.6331267,0.6299454
620,0.49604616,0.51745594,0.62566173,0.60313475,0.64952946,0.5955587,0.57898986,0.6489117,0.65742004,0.6496,0.6375729,0.6375101
621,0.5034235,0.5253713,0.62797934,0.6072749,0.6512325,0.5991433,0.5808913,0.65201515,0.65929794,0.6478405,0.64009565,0.6415429
622,0.51269704,0.5342025,0.63116735,0.611514,0.65406173,0.6031456,0.58432007,0.6552443,0.661871,0.6477457,0.6430293,0.64571065
623,0.51857126,0.5393957,0.63364184,0.61441624,0.6557147,0.60715514,0.58597296,0.65836334,0.6628695,0.6479569,0.6451112,0.64810634
624,0.5112995,0.5316792,0.6313503,0.6108962,0.6516194,0.60939574,0.5805579,0.65971464,0.659273,0.6473587,0.6445927,0.64597756
625,0.5538355,0.5719089,0.64533824,0.6271292,0.6690895,0.6128269,0.6048295,0.66276383,0.673772,0.65189767,0.65236586,0.65964097
626,0.56629896,0.5841918,0.6525299,0.6375145,0.6725185,0.61989516,0.6073695,0.6670866,0.6722145,0.6502616,0.65122306,0.65816915
627,0.6025693,0.61721444,0.6672373,0.654831,0.68669724,0.62745726,0.6256128,0.6718279,0.68097025,0.6545661,0.6548868,0.6650246
628,0.60534894,0.6185103,0.67154974,0.6606387,0.6861929,0.63425714,0.6227036,0.67462975,0.6755119,0.6544487,0.65077686,0.65785074
629,0.6231203,0.63290507,0.6797636,0.66885895,0.69351816,0.63879335,0.6319334,0.67664534,0.6787696,0.6591326,0.65124553,0.658268
630,0.67364883,0.6784918,0.70111406,0.6937894,0.7157429,0.6463403,0.66058993,0.68298954,0.69156265,0.66680753,0.6565866,0.6679567
631,0.67027456,0.6739175,0.7053001,0.7007704,0.7139925,0.65381473,0.6534325,0.68598175,0.6825039,0.6663164,0.64932126,0.65553015
632,0.67066747,0.671236,0.7077706,0.70193696,0.7148469,0.65578073,0.65346324,0.68519515,0.68048006,0.670509,0.6457545,0.649052
633,0.77979475,0.7692533,0.7493901,0.7494872,0.7616333,0.6627361,0.7209951,0.6945945,0.71164376,0.6864227,0.65952736,0.67646307
634,0.84914714,0.83128035,0.7835818,0.7962434,0.78788364,0.6796212,0.751844,0.70751303,0.71367854,0.6896165,0.6563705,0.6746458
635,0.7434196,0.7304025,0.7523309,0.7665273,0.74136937,0.68473804,0.676362,0.6983678,0.6684735,0.6776551,0.6231415,0.6180174
636,0.6877715,0.6717323,0.7289199,0.72888404,0.72025883,0.66958755,0.6535062,0.68230987,0.65966356,0.68448323,0.6149663,0.60151726
637,0.65311277,0.6385841,0.71446943,0.70662105,0.7111007,0.6538998,0.6445101,0.6719262,0.65646577,0.687306,0.6131344,0.5960231
638,0.60418445,0.5943545,0.6956056,0.6821574,0.6948255,0.6396715,0.6238121,0.6630578,0.647643,0.6838012,0.6085905,0.588072
639,0.56217104,0.5570687,0.67738914,0.6583795,0.6806696,0.62543267,0.60714537,0.65470266,0.6431623,0.6805515,0.6072953,0.5860414
640,0.53113747,0.5311086,0.6624193,0.6398504,0.6706688,0.6128588,0.59581566,0.64842963,0.64228237,0.67685884,0.6087393,0.58881843
641,0.5196468,0.52450716,0.6544251,0.63150275,0.66850865,0.6039264,0.5941153,0.6451598,0.6472613,0.6736426,0.61335415,0.5974983
642,0.5001118,0.5097648,0.6444721,0.6217137,0.6609447,0.59800005,0.58461934,0.6434891,0.6463548,0.6678113,0.6151916,0.60132354
643,0.48283187,0.4960332,0.634545,0.611082,0.6533545,0.5929386,0.57608885,0.6418821,0.64602554,0.6631974,0.61770725,0.6056605
644,0.47223693,0.48833913,0.627026,0.60321146,0.64857495,0.5891817,0.5712156,0.6413941,0.64749986,0.6595918,0.6216071,0.6117939
645,0.47673824,0.4951332,0.6254337,0.6029205,0.6503939,0.5880633,0.57436913,0.64291024,0.6534168,0.6573454,0.6277431,0.6218037
646,0.46952447,0.49011788,0.6209393,0.59904945,0.6459112,0.5885926,0.5689531,0.6448581,0.65252346,0.65318364,0.63033146,0.62552017
647,0.46241266,0.48421064,0.6159008,0.59324867,0.64122504,0.5886059,0.5642269,0.6459243,0.6519569,0.6505098,0.6330664,0.6290706
648,0.46638802,0.48892754,0.6149922,0.5922848,0.64199704,0.5894295,0.56626046,0.6479379,0.65536636,0.6494471,0.6379199,0.63606435
649,0.49630156,0.5188215,0.62441957,0.60461783,0.65439695,0.59397215,0.5822748,0.6529948,0.66682124,0.6504635,0.64638674,0.64999026
650,0.7988268,0.7943424,0.7316344,0.7363823,0.7746641,0.6192436,0.76046294,0.6847713,0.7552895,0.6790763,0.68742937,0.7443234
651,0.7839093,0.7849202,0.74627405,0.7737856,0.7569822,0.6635778,0.7116387,0.70397747,0.7070242,0.6593611,0.65792197,0.68944764
652,0.7326813,0.7275817,0.7322197,0.751364,0.7313794,0.6749721,0.6716575,0.69861037,0.6837376,0.66438556,0.6393174,0.65288764
653,0.6905204,0.6806392,0.71804714,0.72456366,0.71607494,0.66989195,0.6525015,0.6902605,0.67181736,0.67290854,0.63173175,0.63317496
654,0.9948656,0.94292283,0.8257782,0.8388448,0.8389436,0.6790205,0.8506792,0.72003484,0.75591403,0.71801263,0.6787834,0.7285627
655,0.97664183,0.9344112,0.83997864,0.8806514,0.8260586,0.7137078,0.80102503,0.7333123,0.7049341,0.69629997,0.6429775,0.66486394
656,0.8330352,0.79758936,0.79320425,0.82747424,0.76600504,0.712551,0.7060129,0.7105967,0.65887386,0.68832874,0.60083276,0.5934355
657,0.7457664,0.7091905,0.75919646,0.7721668,0.73660064,0.68886805,0.67270607,0.68781924,0.6468976,0.6975887,0.5905888,0.5696232
658,0.6811472,0.64902186,0.734132,0.7336082,0.7190977,0.664439,0.6532304,0.67170554,0.6406939,0.70067257,0.58809245,0.5600551
659,0.63447064,0.6098592,0.71472305,0.7064782,0.7069814,0.6431268,0.63975954,0.6588001,0.6391168,0.6985146,0.58787674,0.5586344
660,0.58650494,0.57032984,0.6946138,0.6813449,0.6919831,0.6254852,0.6210388,0.64887226,0.6353861,0.6922916,0.58707386,0.5578426
661,0.60471064,0.5946346,0.6970561,0.68605876,0.7056656,0.61443985,0.6409915,0.6446834,0.6551872,0.6926973,0.59780276,0.5789257
662,0.5744696,0.5717715,0.68578696,0.6775256,0.694051,0.6094251,0.62284774,0.64356446,0.6488331,0.6822371,0.5958316,0.5769897
663,0.5513616,0.55237836,0.67388,0.6640812,0.68460536,0.60359424,0.6112867,0.64067966,0.6487331,0.67784464,0.5981228,0.5806218
664,0.52089685,0.52539474,0.659186,0.6466351,0.67185533,0.59736186,0.59551054,0.63837713,0.64522135,0.672956,0.6001454,0.58235186
665,0.50003564,0.5076566,0.6472269,0.6319576,0.66352695,0.591274,0.58619326,0.6365944,0.64583075,0.66965425,0.6047242,0.5884006
666,0.4907497,0.50165516,0.63982373,0.623627,0.6601695,0.58710796,0.5829093,0.6364844,0.6494068,0.6665161,0.61073494,0.5974472
667,0.5245778,0.5376149,0.64883,0.636924,0.67586815,0.588316,0.60386395,0.640519,0.66674,0.666895,0.6224921,0.61835897
668,0.51038337,0.52637476,0.643866,0.63382936,0.6672405,0.5926038,0.59099245,0.6446117,0.6600071,0.6595795,0.6222014,0.6171198
669,0.49436456,0.5107858,0.63562524,0.62274814,0.6581578,0.59329563,0.58064103,0.6453279,0.6565598,0.65729576,0.6239369,0.6180178
670,0.49271154,0.5094978,0.6322219,0.617326,0.6568238,0.59303147,0.5804475,0.6466046,0.6590256,0.6570935,0.6290625,0.6244938
671,0.53530496,0.55162555,0.64597625,0.6344207,0.6757339,0.59750205,0.6054177,0.65242124,0.6760045,0.6602266,0.64054763,0.6438988
672,0.5295777,0.54727674,0.64593524,0.63611484,0.67096484,0.60461414,0.59698224,0.65761,0.6695929,0.655473,0.6395065,0.64120215
673,0.5115668,0.5288055,0.63864326,0.625309,0.6607734,0.6065187,0.58482623,0.6578403,0.6627,0.654004,0.6380215,0.636926
674,0.52627337,0.5422266,0.64213187,0.6272305,0.66716343,0.6076164,0.5945592,0.65962213,0.66972935,0.65719795,0.64416176,0.6455864
675,0.5582875,0.57343197,0.654067,0.6417087,0.68072987,0.6128496,0.61191076,0.66481733,0.6793622,0.6592249,0.65065247,0.6565479
676,0.56409323,0.57916373,0.6584069,0.64763343,0.6815731,0.61960304,0.6112287,0.669095,0.67691636,0.65771943,0.6500646,0.65532017
677,0.5726703,0.5861165,0.6623671,0.65118366,0.6840228,0.62422884,0.6142113,0.6715089,0.6775894,0.6593301,0.65085053,0.65597636
678,0.58886904,0.6004742,0.6690997,0.6582223,0.69011587,0.628369,0.6221921,0.67404395,0.6805211,0.66168654,0.65253514,0.6583942
679,0.5920098,0.60258454,0.67197603,0.6611211,0.69072104,0.6322296,0.6220166,0.67591083,0.6783062,0.66231775,0.6512063,0.65566576
680,0.60076964,0.6097206,0.6761981,0.6649551,0.69424033,0.63488376,0.6264357,0.6771152,0.6794279,0.66462684,0.65138084,0.6556465
681,0.6221594,0.6293119,0.684738,0.6746963,0.702378,0.63758665,0.63781977,0.6783176,0.6834574,0.66702557,0.6521346,0.65782005
682,0.68632126,0.6887328,0.7097531,0.7051699,0.7280941,0.64472455,0.6734562,0.68404174,0.6989387,0.6732172,0.65769136,0.6704249
683,0.63279736,0.6374503,0.6961679,0.69243324,0.70354414,0.65051866,0.6341936,0.6834311,0.67191666,0.66534656,0.6409409,0.64138013
684,0.5873278,0.59030664,0.6784166,0.66555816,0.68480927,0.64359385,0.6116847,0.67552793,0.66074723,0.6676358,0.634255,0.6281447
685,0.56119925,0.5645331,0.66670096,0.64716196,0.6766334,0.63363504,0.6035309,0.66920245,0.6577445,0.6698444,0.6338344,0.62534285
686,0.52684134,0.53314215,0.6526148,0.6282909,0.6643163,0.62391293,0.5888559,0.6635811,0.65089124,0.6673565,0.6313971,0.62071776
687,0.49981368,0.5093474,0.63999635,0.6117114,0.65465444,0.6142764,0.578276,0.6582774,0.64770406,0.6648711,0.63109016,0.62029
688,0.48247042,0.49551508,0.6305776,0.60029,0.6487111,0.6062115,0.5722309,0.6545409,0.64745545,0.66196436,0.63258815,0.6231897
689,0.47850966,0.49482995,0.62612534,0.59613335,0.64789015,0.6010434,0.5722723,0.6529358,0.65087163,0.65918714,0.6359462,0.62956095
690,0.46282047,0.48236558,0.61836046,0.5882938,0.64052963,0.59752667,0.5636347,0.6518234,0.64790946,0.6542771,0.63607484,0.6303073
691,0.4538026,0.4753708,0.6121637,0.58153474,0.6359544,0.59434897,0.55929214,0.65081525,0.6479864,0.65142995,0.63811004,0.6336386
692,0.44712633,0.47052494,0.60712504,0.57630056,0.63223433,0.5920898,0.55584395,0.6505734,0.64802784,0.64857054,0.64034635,0.6370337
693,0.45327196,0.47793046,0.6068937,0.5770573,0.6341438,0.59176433,0.55921185,0.6517688,0.6522667,0.64700365,0.6447069,0.64403665
694,0.44595978,0.47207782,0.6030394,0.573369,0.62930286,0.5922367,0.5537271,0.6528237,0.6496819,0.6435204,0.64532566,0.64470196
695,0.44029215,0.4669915,0.59908956,0.5685026,0.6253492,0.59191555,0.5501154,0.65309227,0.6485149,0.6417054,0.6467046,0.6462833
696,0.43784526,0.46507716,0.59635603,0.5650501,0.6230748,0.5915495,0.54854995,0.65353334,0.6483442,0.6402483,0.64864284,0.6487212
697,0.46753258,0.49440175,0.60543984,0.5765404,0.63561004,0.59480745,0.56464624,0.65733343,0.6598854,0.6418788,0.6565867,0.6616287
698,0.7709079,0.77128434,0.71344376,0.7092966,0.75838214,0.6225085,0.74021965,0.69127184,0.75198156,0.6713602,0.70090824,0.75806373
699,0.7574239,0.7637428,0.7299074,0.7474622,0.7424819,0.6669683,0.6944062,0.7109061,0.706353,0.6532336,0.6723693,0.70576596
700,0.7420293,0.7399507,0.72939295,0.74057025,0.7318515,0.6806876,0.6760103,0.70884335,0.69309044,0.6622193,0.6588165,0.67926615
701,0.6944467,0.6884248,0.71597415,0.71758735,0.71378136,0.6797772,0.6499553,0.7019669,0.67505354,0.6683061,0.64618015,0.6522621
702,0.6861354,0.6776347,0.71155864,0.70520824,0.7105746,0.6692328,0.6516498,0.6900977,0.6724136,0.6740701,0.64032674,0.64159524
703,0.6244961,0.6196569,0.6905251,0.67749894,0.68577236,0.6574071,0.6196397,0.677807,0.65113646,0.66892505,0.6251333,0.6166171
704,0.61699736,0.6129879,0.68652403,0.6680687,0.6880914,0.64635366,0.6248839,0.6706385,0.65703505,0.67395794,0.6272935,0.61961335
705,0.6016493,0.60133034,0.6817889,0.66263175,0.6858953,0.63874376,0.6209777,0.66668105,0.65585667,0.67231095,0.62583613,0.6177703
706,0.5648281,0.5683164,0.6682501,0.64649546,0.6724581,0.6303661,0.60302585,0.6609199,0.64745855,0.6679346,0.6207481,0.6099543
707,0.537405,0.543705,0.65580744,0.6305985,0.6629143,0.6205391,0.5922029,0.6548409,0.6446669,0.66587985,0.6197579,0.6083333
708,0.51753587,0.5270214,0.6459264,0.6188758,0.65655375,0.61193144,0.5851346,0.65061,0.6441466,0.6633686,0.6207683,0.6099543
709,0.50448227,0.5173089,0.6379238,0.61046845,0.6514778,0.60455704,0.5803008,0.6468088,0.64445335,0.65967536,0.62182415,0.6125246
710,0.49222574,0.5080536,0.63085294,0.6034996,0.6464925,0.59952587,0.5748011,0.6448668,0.6442892,0.65586436,0.6232231,0.61521065
711,0.48252094,0.50073296,0.6247086,0.5974379,0.64220405,0.59579843,0.5702524,0.643755,0.64456683,0.65259546,0.625191,0.61846596
712,0.46685085,0.4871406,0.6166644,0.5886531,0.6349427,0.5924936,0.5619288,0.642845,0.6420423,0.6489503,0.6261301,0.61947143
713,0.4533826,0.47531325,0.60891294,0.57964057,0.62855923,0.58892447,0.5553148,0.64174855,0.64054775,0.6461246,0.6278364,0.62150425
714,0.45358253,0.47696474,0.60605484,0.5768945,0.6283582,0.58673304,0.5563367,0.64190537,0.6438017,0.6444498,0.6320072,0.6278221
715,0.45100078,0.47609255,0.6027966,0.5742334,0.62558097,0.58560145,0.55411714,0.6420676,0.6436803,0.64092505,0.6338071,0.6307939
716,0.44100013,0.46729875,0.5973502,0.56811994,0.6195916,0.5847698,0.5477771,0.64217365,0.64076376,0.63766736,0.63436854,0.6311782
717,0.43536955,0.4623415,0.5931327,0.56285864,0.6160358,0.58365417,0.5447584,0.6422729,0.6401436,0.6359155,0.636343,0.63354945
718,0.4412699,0.4688447,0.59328884,0.5632672,0.6178078,0.58382165,0.54799783,0.64351076,0.6434332,0.63500196,0.6402302,0.6393282
719,0.44208997,0.4705645,0.5921434,0.5625398,0.61605656,0.58441466,0.5469835,0.6441564,0.6427307,0.63220584,0.64123195,0.6409838
720,0.45015937,0.47876257,0.5940061,0.5649285,0.61820215,0.58644575,0.5503596,0.64595586,0.6452965,0.63145113,0.6440813,0.6453595
721,0.52351654,0.5494934,0.62069625,0.59801894,0.6504629,0.5968299,0.5902831,0.65573424,0.6716029,0.6382551,0.6592138,0.67145073
722,0.5235391,0.5501096,0.62591875,0.6070023,0.6473646,0.6088162,0.58223784,0.6624653,0.6628258,0.63388604,0.6546266,0.6636555
723,0.52564317,0.5493767,0.6276426,0.60698706,0.6458535,0.61406314,0.58069634,0.6635672,0.6603671,0.6361209,0.65282005,0.6598425
724,0.5830395,0.601902,0.64955294,0.6314354,0.6707159,0.62230355,0.6128996,0.6702437,0.67827624,0.6449185,0.662319,0.675435
725,0.6219788,0.637881,0.66896,0.6559281,0.6862357,0.6349609,0.62970436,0.6786092,0.68317926,0.64814514,0.6635412,0.67805123
726,0.61597365,0.6298165,0.67153233,0.65902776,0.68193334,0.6430503,0.62074584,0.68049335,0.6734934,0.6486635,0.65569943,0.6647437
727,0.6150144,0.6255008,0.67322457,0.65806615,0.6817216,0.6451066,0.6201286,0.67939806,0.6707645,0.6533808,0.6521142,0.6579269
728,0.63318694,0.64069664,0.68170863,0.666203,0.6907721,0.6465612,0.63193446,0.67974955,0.6750267,0.6589856,0.65239507,0.65832597
729,0.64319545,0.64933616,0.6881873,0.6740388,0.69561243,0.64854133,0.6370551,0.6798432,0.6745063,0.6611564,0.6492133,0.6540377
730,0.63066834,0.6366155,0.6853333,0.6708082,0.68946207,0.6471552,0.6287072,0.67567444,0.6664811,0.6602296,0.6410311,0.64197356
731,0.668331,0.6707402,0.7003907,0.6876202,0.7077375,0.648512,0.6533688,0.67738706,0.67935383,0.6679414,0.6455895,0.65070564
732,0.75101566,0.7468598,0.735008,0.73095673,0.74370086,0.6581064,0.7010815,0.6874622,0.6999139,0.6772965,0.65354633,0.66777474
733,0.6920997,0.69087255,0.7211983,0.72114056,0.71801883,0.664876,0.65641326,0.686179,0.6693419,0.6682326,0.6323833,0.6318674
734,0.65016997,0.64643085,0.70552737,0.6971812,0.7024351,0.6574956,0.6367743,0.67741305,0.6604472,0.6724513,0.6251625,0.6178604
735,0.6085067,0.60530967,0.6895648,0.6742181,0.6889825,0.6461286,0.6202349,0.66956735,0.65265185,0.6739634,0.6211185,0.60874826
736,0.5591643,0.558801,0.6698784,0.64776856,0.6716472,0.63272476,0.5991229,0.66110456,0.6432075,0.6718853,0.6168301,0.6005905
737,0.53025824,0.533381,0.6558642,0.6291012,0.66292477,0.61955714,0.590158,0.65386575,0.6424013,0.6705264,0.617666,0.60184795
738,0.5112173,0.51877797,0.64590394,0.61771774,0.6577161,0.609579,0.58449954,0.64952314,0.6434779,0.6673075,0.6197292,0.6059329
739,0.49272057,0.50459325,0.6363244,0.6077292,0.65122616,0.6021527,0.57689786,0.6465886,0.64315027,0.6627571,0.6211619,0.6091925
740,0.48220405,0.4975173,0.6293378,0.6009854,0.6474403,0.5967899,0.5729695,0.64494663,0.6450527,0.65912116,0.6240759,0.6145968
741,0.47539043,0.4935954,0.6239606,0.5964199,0.6444201,0.5933859,0.5699406,0.6444675,0.64678353,0.6554473,0.62707883,0.61988515
742,0.45739236,0.4780621,0.6149466,0.5868233,0.63563216,0.59042317,0.5597351,0.643813,0.6432505,0.65083414,0.62769413,0.6205499
743,0.4464169,0.468721,0.6076684,0.5784518,0.6301213,0.5872265,0.5544479,0.64306796,0.6430008,0.648181,0.63032806,0.6241298
744,0.4487,0.47251886,0.60554343,0.5768058,0.6307064,0.5858486,0.55632544,0.6439802,0.6469484,0.64643216,0.63518167,0.6315295
745,0.4675606,0.49249727,0.610334,0.58434266,0.63803476,0.58793014,0.566065,0.6471436,0.6550664,0.6453014,0.6416223,0.6423132
746,0.7760256,0.7758968,0.71763486,0.7184427,0.7605745,0.61186713,0.746881,0.67674685,0.7490559,0.67309403,0.6840591,0.740427
747,0.71639776,0.7261204,0.7159731,0.73746854,0.72426426,0.6528565,0.6714892,0.6914275,0.68874204,0.6476591,0.64785624,0.67338383
748,0.77063143,0.7661525,0.7370776,0.7522035,0.7424456,0.66558534,0.6991289,0.6936524,0.700886,0.665512,0.65021473,0.67492944
749,0.7181015,0.7121596,0.72506666,0.7366486,0.7208156,0.67191607,0.662766,0.6914436,0.6737555,0.6652647,0.63315654,0.63965416
750,0.64369166,0.6363973,0.69882774,0.69685495,0.6913596,0.6617992,0.6249521,0.6787105,0.65238816,0.6673677,0.61915976,0.6122945
751,0.6394441,0.6310098,0.6956767,0.6850125,0.69616675,0.6496562,0.63483924,0.6713363,0.66038847,0.67643994,0.6239659,0.6168331
752,0.61403084,0.60979813,0.6876512,0.67440397,0.68956983,0.64078045,0.6253466,0.66598916,0.6548638,0.6738577,0.62034017,0.6106505
753,0.5603911,0.56053674,0.66764337,0.64860797,0.6687331,0.6295869,0.5985732,0.65765846,0.6413354,0.6683308,0.6127287,0.5982857
754,0.5233245,0.52683175,0.6508824,0.6255654,0.65588635,0.616551,0.5843744,0.6497812,0.6374627,0.6664861,0.6120923,0.59658223
755,0.50037026,0.5081532,0.639029,0.61070037,0.6490042,0.60542303,0.57715684,0.64451444,0.6377795,0.6636954,0.61427563,0.60003
756,0.48774907,0.49996516,0.6311981,0.6024813,0.6455136,0.5976109,0.5735982,0.6416185,0.64020264,0.65996134,0.6174536,0.6058633
757,0.46499616,0.48132995,0.6200939,0.5906078,0.6358292,0.5913838,0.56210953,0.6392168,0.63685024,0.65418094,0.6178425,0.6068585
758,0.45038247,0.4696926,0.61100984,0.5805749,0.6293994,0.5858373,0.5555899,0.63722146,0.63686794,0.6503724,0.6204215,0.6109395
759,0.44687748,0.4688162,0.60625905,0.57632184,0.62776244,0.582444,0.55471253,0.6370078,0.6399839,0.64730656,0.6248163,0.61791795
760,0.44770437,0.47187853,0.60407346,0.575481,0.6275747,0.58172536,0.555003,0.6384859,0.6431225,0.6442448,0.6292033,0.6248466
761,0.43718672,0.4631126,0.5984107,0.56974965,0.6215071,0.5814329,0.54808336,0.6395388,0.64065087,0.64029896,0.63066244,0.62649894
762,0.4395786,0.46625215,0.5966848,0.56805015,0.6214921,0.58141446,0.5493222,0.6408031,0.64361185,0.63898015,0.6349637,0.6326554
763,0.47572577,0.50232816,0.60831785,0.58346266,0.6371192,0.5863457,0.5688627,0.6463987,0.6580366,0.64071923,0.6449939,0.649039
764,0.4792036,0.50654614,0.6113176,0.58876485,0.6366489,0.5934914,0.5665379,0.65178114,0.6559308,0.63761914,0.64584965,0.64976573
765,0.5212051,0.54590267,0.62680346,0.60709554,0.65419865,0.60217744,0.58842,0.6588216,0.6701564,0.64232874,0.6549688,0.6643699
766,0.5325859,0.5561616,0.63412553,0.6166224,0.6574556,0.6118449,0.59009546,0.6652088,0.66886353,0.6420952,0.65543604,0.6639945
767,0.5716157,0.5912255,0.6501961,0.6346281,0.67365634,0.6214663,0.6100158,0.6720812,0.67955846,0.6480355,0.6616263,0.6735792
768,0.5737747,0.59164983,0.65495354,0.64017975,0.67350173,0.6299323,0.6069258,0.6765648,0.67435867,0.6487208,0.65880096,0.6675763
769,0.56729496,0.5829672,0.654077,0.6368216,0.66966736,0.63259846,0.60189515,0.67610943,0.6692561,0.65070087,0.6551758,0.6606204
770,0.5776557,0.5909628,0.6588421,0.6400611,0.67506146,0.6341775,0.6089221,0.6768546,0.6721579,0.65515125,0.6564046,0.66172045
771,0.54910725,0.5629397,0.6505223,0.62887526,0.6631476,0.6330766,0.592464,0.6745856,0.66041565,0.6534129,0.64945936,0.6496372
772,0.5216465,0.53562045,0.639348,0.61247104,0.65163195,0.6264739,0.5799048,0.66858727,0.6527415,0.65322554,0.6446915,0.6415983
773,0.49776313,0.513033,0.6285936,0.5974755,0.6420519,0.61806184,0.57022625,0.66252965,0.6470599,0.65196246,0.6415913,0.6365992
774,0.47914618,0.4964973,0.61959517,0.58572245,0.6349795,0.61025214,0.5632356,0.65769905,0.6437785,0.64999545,0.64017236,0.6347181
775,0.47262502,0.49222678,0.61479074,0.5802161,0.6328881,0.60429674,0.562141,0.65454847,0.6446794,0.648087,0.6410526,0.6370081
776,0.47094232,0.49283683,0.6121258,0.5783799,0.63186544,0.6005423,0.56200486,0.6526797,0.6457809,0.6452205,0.6418186,0.6394938
777,0.45769277,0.48169175,0.60561645,0.5718245,0.6246691,0.5971407,0.55425197,0.65033776,0.6414246,0.64089775,0.63968855,0.636971
778,0.44803417,0.47323787,0.59969497,0.5651669,0.6193283,0.59349805,0.5493648,0.6480174,0.63935184,0.63832164,0.6392728,0.63658607
779,0.4863846,0.511553,0.6107141,0.58014995,0.6354279,0.59444934,0.57100743,0.6499192,0.65464896,0.6400886,0.647678,0.6516563
780,0.5930722,0.614729,0.64993304,0.63173985,0.6785223,0.6076777,0.6273378,0.66142845,0.68700397,0.64567286,0.6626031,0.68225366
781,0.6796131,0.6957459,0.6897088,0.6848728,0.7109835,0.6330406,0.66498405,0.67975706,0.7008475,0.64942634,0.66797316,0.6944721
782,0.60710514,0.6232596,0.67148924,0.6663591,0.6756026,0.6459757,0.6096023,0.6797798,0.6629201,0.6417911,0.6442289,0.65209824
783,0.5671213,0.577857,0.6556724,0.63848007,0.65929216,0.64002925,0.591787,0.6718278,0.6531964,0.6492872,0.63837004,0.6383962
784,0.53819567,0.5479235,0.64433974,0.6192155,0.6507326,0.6309445,0.5826944,0.6660693,0.6476068,0.653165,0.6367516,0.63227886
785,0.52321446,0.53442377,0.63787967,0.60876197,0.6479208,0.6227305,0.5801674,0.66162354,0.64712214,0.6543446,0.63710815,0.63197213
786,0.5046405,0.5187063,0.63041437,0.59916514,0.6422479,0.61576325,0.57331645,0.6577843,0.64416057,0.6522373,0.6357021,0.6300945
787,0.48188895,0.49874085,0.62074393,0.5872347,0.6337968,0.6087209,0.56345946,0.6536681,0.6398186,0.649266,0.633769,0.62744546
788,0.4723442,0.4914752,0.614909,0.58037263,0.63094604,0.6025999,0.56106025,0.6506656,0.6407649,0.6476222,0.63507044,0.62994325
789,0.45954546,0.48122278,0.60840344,0.5735461,0.62581253,0.59779197,0.55537254,0.64852715,0.6390497,0.6443365,0.63512224,0.63041747
790,0.46202648,0.48538175,0.6072088,0.57324016,0.62748206,0.5952808,0.55803937,0.6482702,0.64324784,0.6431376,0.6385902,0.63629377
791,0.4567368,0.4818628,0.60425687,0.5711717,0.62486196,0.59424865,0.55479103,0.6486419,0.6426403,0.64025575,0.63954884,0.6378932
792,0.44624576,0.4724805,0.5989144,0.56537265,0.61935353,0.5924613,0.54880184,0.6479065,0.6400316,0.63763565,0.6394154,0.63742584
793,0.4627045,0.489107,0.60268795,0.5706927,0.6262734,0.5926148,0.5583473,0.6491812,0.6478693,0.6382522,0.64489067,0.6462566
794,0.7626669,0.7657695,0.70641416,0.7008679,0.7446543,0.6150226,0.731918,0.67588556,0.7400555,0.66461766,0.68559283,0.73964727
795,0.74722224,0.7565951,0.72150016,0.7381787,0.7286394,0.65770245,0.68533903,0.6949806,0.6950285,0.6458346,0.65735644,0.68806905
796,0.6661647,0.67143637,0.6950409,0.70157355,0.68786776,0.6629577,0.6282709,0.6829563,0.6606949,0.64544773,0.63052064,0.6407488
797,0.6533359,0.6520356,0.6895882,0.6833883,0.68577087,0.65591663,0.62970394,0.67532897,0.6608418,0.658387,0.6301762,0.633876
798,0.62425864,0.62317675,0.6816928,0.66912943,0.67889404,0.6492376,0.61937624,0.67072743,0.6531652,0.6615422,0.6261277,0.62320435
799,0.7234869,0.7168434,0.71802604,0.7098252,0.7247986,0.64998,0.6850738,0.675237,0.6889083,0.6764453,0.64244515,0.65412563
800,0.7252743,0.7213851,0.72724736,0.7279842,0.72602934,0.6589621,0.6778248,0.6800019,0.6771386,0.67047644,0.63210183,0.638237
801,0.6533808,0.6508037,0.7048165,0.70090824,0.6964894,0.6564693,0.6334646,0.6726372,0.6519348,0.6658605,0.61473125,0.60798454
802,0.60447675,0.601134,0.6852205,0.67089957,0.67977035,0.6436086,0.6138747,0.6625204,0.6442021,0.66934377,0.61061704,0.59791106
803,0.5592305,0.55840105,0.66660595,0.6447601,0.6651801,0.62900954,0.5967001,0.65390754,0.6374048,0.668813,0.608523,0.592172
804,0.5632773,0.56556827,0.66488224,0.64195013,0.67200506,0.61857,0.6073239,0.6495663,0.64863485,0.67076546,0.61537373,0.6037673
805,0.55097085,0.55797476,0.66015345,0.63906664,0.66943485,0.6134685,0.6023877,0.6484915,0.64855194,0.66603005,0.61604184,0.60592043
806,0.53704584,0.5470375,0.65371823,0.6328618,0.66473526,0.6093364,0.59592247,0.6470138,0.648368,0.6627274,0.6169426,0.6078452
807,0.5141196,0.52655894,0.64343256,0.62121415,0.65538037,0.60453194,0.58416647,0.6449459,0.64460415,0.65903574,0.61679536,0.6070253
808,0.5445151,0.5576075,0.65159726,0.6323417,0.67040706,0.6034041,0.60465175,0.6467886,0.66107875,0.6618803,0.62689,0.6243931
809,0.5149167,0.53095,0.64180994,0.62331885,0.6566092,0.6040249,0.58457977,0.6480932,0.6495052,0.6545794,0.62275434,0.6166779
810,0.49243027,0.5088807,0.63085663,0.6086772,0.64628416,0.6001861,0.5731311,0.64577115,0.6456917,0.6531626,0.62305164,0.61565226
811,0.47200528,0.48980778,0.6200597,0.5946657,0.6369526,0.5944814,0.5635489,0.6429598,0.6420365,0.6506973,0.6237799,0.61550343
812,0.4649406,0.48448807,0.6142504,0.58743423,0.63406116,0.5901729,0.56158465,0.6417364,0.64355403,0.6489432,0.6272111,0.62039423
813,0.46262005,0.48432264,0.6105731,0.5838765,0.6320738,0.5875237,0.5605886,0.6411868,0.644792,0.6457573,0.62982243,0.624873
814,0.45528543,0.47886214,0.605791,0.57889503,0.6273816,0.58612573,0.5558504,0.6410967,0.6432092,0.64204997,0.6309528,0.6267109
815,0.4432235,0.46821055,0.59866446,0.57048756,0.6197425,0.58362854,0.548469,0.63958746,0.6393367,0.63813525,0.63064444,0.6261146
816,0.6684517,0.680424,0.6776247,0.66869235,0.7171107,0.6022872,0.68158185,0.66190135,0.71946186,0.66196364,0.67027795,0.7056253
817,0.6629347,0.6791111,0.6909835,0.69791156,0.70781016,0.634281,0.65266097,0.6793272,0.68944633,0.6470353,0.6533677,0.67512167
818,0.64718825,0.65741414,0.68834317,0.6906116,0.6968015,0.6452199,0.6360531,0.67920196,0.6778541,0.65153587,0.6444054,0.6570473
819,0.6579207,0.6620252,0.6942425,0.69181734,0.70263654,0.64892983,0.6438518,0.6803502,0.6796381,0.6610641,0.645518,0.65432316
820,0.6579315,0.6594329,0.6977449,0.69318736,0.7048719,0.651304,0.6447658,0.6812541,0.676906,0.6656584,0.64347476,0.6481368
821,0.6624704,0.6620049,0.70223516,0.69619423,0.7092738,0.6521679,0.64914185,0.6813025,0.6773644,0.67006546,0.6423382,0.6450832
822,0.6642477,0.6627615,0.7057007,0.6991819,0.71244997,0.6524152,0.6515981,0.68104,0.67688286,0.6729154,0.6404023,0.6414163
823,0.6477919,0.6465527,0.70202667,0.6940855,0.70747083,0.65062976,0.6431852,0.6786418,0.67097217,0.67322105,0.63549596,0.6328397
824,0.63732785,0.63603824,0.6989363,0.68891376,0.7054146,0.64670986,0.64025396,0.675453,0.6696008,0.67495537,0.6334809,0.6291801
825,0.6362064,0.63517797,0.6991622,0.68873024,0.70762163,0.6433733,0.64280283,0.67370665,0.67146814,0.67661834,0.6335605,0.62940484
826,0.7805899,0.76829773,0.75221103,0.7524447,0.7699918,0.65032184,0.73351127,0.6860652,0.7168421,0.6937147,0.6544653,0.67319864
827,0.7123106,0.70712805,0.73733366,0.74765676,0.7378604,0.66266257,0.6752916,0.687798,0.6759624,0.67614335,0.627944,0.6279091
828,0.6569571,0.6498032,0.71499676,0.71544844,0.71298015,0.6550581,0.6447674,0.6758227,0.66199625,0.6776382,0.61706465,0.6081131
829,0.6103128,0.60375804,0.69492835,0.6862028,0.6950648,0.6414917,0.6249797,0.665197,0.65270746,0.6783772,0.6125299,0.5976543
830,0.56619656,0.5625471,0.6764513,0.6605353,0.6801151,0.6282513,0.6072155,0.65754336,0.64616483,0.677068,0.61106265,0.5930936
831,0.5262468,0.5268243,0.65868104,0.63694274,0.66626495,0.6153032,0.5910362,0.65074515,0.6414942,0.6739191,0.6109884,0.5921094
832,0.4961732,0.5015053,0.643734,0.61809736,0.6558825,0.603745,0.5794614,0.64533687,0.6400422,0.67005503,0.6128671,0.59514886
833,0.48153597,0.49164158,0.63417405,0.6074121,0.6513807,0.595113,0.5751303,0.6421467,0.64295554,0.66614425,0.6169539,0.6025379
834,0.47342852,0.48794103,0.6277263,0.60167366,0.6485593,0.5900676,0.5722567,0.64125896,0.64600724,0.6615431,0.6210954,0.6101979
835,0.45914254,0.4772449,0.6195613,0.59359896,0.64173126,0.5868972,0.56429285,0.64105123,0.64503485,0.6562959,0.6234304,0.61422265
836,0.4457264,0.46637592,0.6112282,0.5844352,0.6347805,0.5839472,0.55697715,0.64066267,0.6441029,0.6522056,0.6260814,0.6181212
837,0.43681327,0.45954618,0.6045448,0.5770183,0.6298258,0.5816039,0.55230564,0.6408004,0.6443488,0.648913,0.6295559,0.6230558
838,0.43882826,0.46329606,0.60211444,0.5749979,0.62965804,0.5809346,0.55340886,0.6421328,0.64781845,0.6465148,0.63454366,0.63068306
839,0.4441297,0.4700576,0.60197717,0.57595646,0.6305997,0.58251303,0.55526435,0.64477944,0.6509228,0.6440412,0.639126,0.63772273
840,0.43906495,0.46607772,0.59880906,0.57258433,0.6263747,0.58436805,0.55070746,0.64686644,0.6490491,0.6409573,0.6409182,0.6398192
841,0.45686567,0.483703,0.6032902,0.5780113,0.6329513,0.5874017,0.55989933,0.6501182,0.65634155,0.6414683,0.6473464,0.64967054
842,0.7621985,0.76354814,0.7105243,0.710132,0.75654185,0.61326426,0.738299,0.68189937,0.750768,0.6709727,0.6921212,0.74845165
843,0.7056845,0.7165129,0.71076614,0.729564,0.7223777,0.6547591,0.6666971,0.69753957,0.69252455,0.64734775,0.6575865,0.68428904
844,0.70771784,0.70837015,0.7138568,0.7232689,0.7203163,0.6651121,0.6636333,0.6959955,0.6901624,0.6605134,0.6524785,0.6712942
845,0.81458485,0.7999401,0.75642097,0.76613826,0.7655794,0.67560637,0.7291629,0.7069084,0.7159499,0.68138874,0.66574687,0.6918705
846,0.7126773,0.7038743,0.7299092,0.7403031,0.7227849,0.68262064,0.657736,0.70147824,0.6688613,0.66957563,0.63430154,0.6356844
847,0.64455104,0.63385206,0.7029923,0.6970159,0.69573796,0.66732377,0.6270038,0.6841139,0.6541171,0.67435735,0.6225432,0.61374974
848,0.5928407,0.5843687,0.68201935,0.6643818,0.6789251,0.64895725,0.60904825,0.67097867,0.64528364,0.67596537,0.61805576,0.60353196
849,0.5624857,0.5585132,0.6688756,0.6450673,0.6718968,0.633541,0.6018238,0.662199,0.64461905,0.67562944,0.6185168,0.60354733
850,0.55458266,0.5557669,0.66407526,0.639407,0.67327285,0.62305915,0.6042117,0.65743667,0.6501905,0.6739843,0.6218287,0.61023974
851,0.5158704,0.522785,0.64911497,0.62275887,0.65840983,0.6144132,0.5845074,0.65283245,0.6415831,0.6666067,0.6180574,0.6049954
852,0.72028875,0.71650714,0.7187379,0.7099546,0.7484143,0.621689,0.7137488,0.6672827,0.7173678,0.68935925,0.6535382,0.6790186
853,0.62118614,0.62877345,0.69540805,0.69859254,0.7004376,0.63849497,0.63143975,0.67269456,0.6612737,0.6617135,0.62179214,0.6233142
854,0.64366144,0.6447128,0.6994259,0.6962964,0.7098216,0.63734585,0.6485904,0.6689234,0.67647195,0.6735552,0.62898076,0.6332289
855,0.69405663,0.69142705,0.71965873,0.7211203,0.73318887,0.6419387,0.6793523,0.6751561,0.6904189,0.67991126,0.63692045,0.6453768
856,0.811854,0.79833096,0.7665262,0.7789554,0.78053993,0.6552726,0.74644315,0.6892223,0.7170379,0.6907051,0.6484944,0.6706679
857,0.74774677,0.73810554,0.7523014,0.7720067,0.7504266,0.6687175,0.6912709,0.6902208,0.6794056,0.6782006,0.6236749,0.6257014
858,0.7001295,0.6870996,0.73440456,0.74411976,0.7312675,0.6630802,0.6663999,0.6807418,0.6686864,0.683036,0.6154329,0.6078498
859,0.64955896,0.6367709,0.71518606,0.7155765,0.713909,0.65154433,0.6446058,0.6720591,0.65873545,0.68511015,0.6109763,0.59579784
860,0.6010479,0.5909937,0.69557893,0.6875148,0.69751287,0.6377734,0.6247941,0.6633713,0.65131813,0.68452626,0.60867417,0.58928055
861,0.5952629,0.5884308,0.69035906,0.6791145,0.69996333,0.62649405,0.63016385,0.6581791,0.65952176,0.6860259,0.61438835,0.598638
862,0.5694713,0.56792665,0.6800377,0.6679869,0.69132924,0.61922663,0.61806244,0.65525126,0.6558236,0.6803967,0.613757,0.59824336
863,0.56573355,0.56740206,0.67609876,0.66385645,0.6916892,0.6138446,0.6193014,0.6533833,0.6613644,0.6787468,0.61795783,0.6061933
864,0.53738314,0.543216,0.66317034,0.64961046,0.6778446,0.6082751,0.6025071,0.6497703,0.65391225,0.67161417,0.6152636,0.6024664
865,0.5144542,0.5228997,0.6511111,0.6345598,0.6674455,0.60233,0.59105176,0.6465681,0.6513001,0.66806525,0.61632305,0.6037507
866,0.54496694,0.5547318,0.6585049,0.6446078,0.6821382,0.60069066,0.61176354,0.6482536,0.6679904,0.6700649,0.62697774,0.6225778
867,0.67189837,0.6768118,0.7047952,0.7052127,0.7362469,0.6122404,0.6861854,0.662073,0.708642,0.6785863,0.6464791,0.6641914
868,0.8935736,0.8746884,0.7919798,0.8147495,0.8186011,0.6431529,0.80798376,0.69523674,0.75097203,0.6933847,0.6664838,0.7152935
869,1.0396249,0.99674153,0.85817575,0.9010399,0.8617766,0.6876125,0.86240244,0.72875535,0.74439406,0.6980641,0.66407824,0.7139442
870,1.1503571,1.0805005,0.90831953,0.95821124,0.89209116,0.7244798,0.89798844,0.75226223,0.7331995,0.7094203,0.6592676,0.7020298
871,1.0247334,0.9662816,0.873012,0.93489987,0.8396944,0.74291265,0.7955827,0.7379621,0.67897207,0.6981312,0.6090806,0.6104406
872,0.92813957,0.8686381,0.8385362,0.88307333,0.8059906,0.7255881,0.750596,0.71232444,0.6618518,0.7082293,0.5869648,0.56720126
873,0.8558117,0.7988516,0.8129033,0.84302473,0.7859972,0.7011145,0.72838163,0.6918188,0.6530741,0.7157484,0.57752615,0.5448108
874,0.8875268,0.83071494,0.82342553,0.8479092,0.80781204,0.6815829,0.7676221,0.68117714,0.6743371,0.7263459,0.58689636,0.5614962
875,0.82345355,0.77803874,0.8049556,0.8334886,0.7863038,0.6709445,0.7316401,0.6719813,0.6544534,0.7141763,0.57053065,0.535824
876,0.7311246,0.6924166,0.7703466,0.7908309,0.7507476,0.6533899,0.68464106,0.6563859,0.6363079,0.70785177,0.55760694,0.51367086
877,0.6533513,0.6197112,0.73756456,0.74600947,0.7226945,0.6312863,0.6521657,0.64210516,0.6282643,0.7059836,0.55557656,0.50740886
878,0.59354144,0.56666297,0.7102055,0.70936656,0.7027304,0.61036867,0.62956864,0.63149685,0.62638116,0.7026462,0.55907696,0.51139
879,0.5523608,0.53359616,0.6892077,0.6831624,0.6900146,0.5934748,0.61494786,0.6244621,0.62939423,0.6973672,0.56532943,0.52206737
880,0.50735503,0.49686882,0.6670514,0.6568733,0.6732714,0.5804157,0.59394366,0.6200265,0.62784183,0.6887951,0.56985307,0.5301868
881,0.4749583,0.47181728,0.64838564,0.6348482,0.6609625,0.56989866,0.57942706,0.6169162,0.6302137,0.68167895,0.576786,0.54227835
882,0.45597306,0.45975417,0.6348131,0.6201156,0.6537968,0.56269777,0.5712606,0.6160295,0.63521475,0.674944,0.5850613,0.55676454
883,0.4493922,0.45926586,0.62658656,0.61273485,0.65114444,0.5594399,0.56856006,0.6174758,0.64203787,0.6687101,0.5939988,0.5724872
884,0.4334689,0.44824225,0.6161182,0.60195524,0.64251655,0.5585907,0.55832684,0.61989343,0.64209276,0.66133654,0.59992397,0.58193845
885,0.42296275,0.44117516,0.60724807,0.59183335,0.6360063,0.5582402,0.55182546,0.6221542,0.64380825,0.6563359,0.60681885,0.5922305
886,0.4256842,0.44674265,0.60371053,0.58829916,0.6356238,0.5595181,0.5529323,0.6256009,0.6492209,0.6529081,0.6153298,0.60527986
887,0.43218172,0.45559716,0.60294867,0.5882558,0.63639426,0.5631705,0.5549763,0.63033396,0.65365756,0.6493953,0.6229306,0.61687684
888,0.43506482,0.45999703,0.60180897,0.58702254,0.63503164,0.56791484,0.55430245,0.63514423,0.6552058,0.64616317,0.6287579,0.6250941
889,0.4489216,0.47432587,0.6048551,0.59027237,0.63889277,0.57352173,0.56029236,0.64039564,0.6604898,0.6452046,0.63608193,0.63581765
890,0.74356943,0.74589217,0.70912766,0.7181027,0.7609956,0.5996035,0.7355755,0.67202383,0.7538036,0.6743913,0.6811342,0.7353437
891,0.72532654,0.7330472,0.7224235,0.75085187,0.7424134,0.6446483,0.68766457,0.6938001,0.70707715,0.6548455,0.65616447,0.68648046
892,0.6698205,0.67160517,0.70564425,0.72354823,0.71331453,0.65642285,0.6457719,0.6894732,0.6825125,0.6587635,0.63975525,0.6526741
893,0.6250637,0.62236995,0.6891102,0.6925342,0.6952238,0.6515096,0.6249447,0.6818716,0.6695335,0.66626304,0.63406724,0.6354768
894,0.64370686,0.63810784,0.69559395,0.6925693,0.7082899,0.64658344,0.64464027,0.6801282,0.68044823,0.6765958,0.64156175,0.6438115
895,0.58847034,0.5872031,0.67903453,0.67085946,0.68700916,0.6419595,0.61377686,0.67581975,0.6607101,0.67082995,0.63135326,0.6248456
896,0.5593743,0.5597792,0.6666962,0.6506475,0.6775488,0.6324215,0.60361207,0.6688867,0.65790045,0.6722474,0.63071364,0.6223191
897,0.5227048,0.52692807,0.65190184,0.6299995,0.6644804,0.6223561,0.58791137,0.66300327,0.65087503,0.6694167,0.62874466,0.61800915
898,0.49610445,0.50417876,0.63931704,0.6128545,0.6551273,0.61244816,0.5778199,0.6575706,0.6483316,0.6667874,0.62925696,0.6185819
899,0.47986048,0.4919586,0.6303649,0.6017305,0.64983934,0.60460806,0.5724161,0.6541588,0.64877445,0.6637121,0.63156796,0.62253916
900,0.49069345,0.50617516,0.6307373,0.6036302,0.6548401,0.6003682,0.58047193,0.65300244,0.6568977,0.6614597,0.63703555,0.633085
901,0.47770482,0.49669892,0.62521297,0.5991151,0.64837694,0.59951633,0.5718103,0.65367275,0.6533592,0.6557673,0.6369601,0.63338584
902,0.46114576,0.481956,0.6167202,0.5890234,0.6396163,0.5969545,0.56227946,0.6522767,0.649647,0.65217924,0.6369435,0.6330211
903,0.45124012,0.4734666,0.6099255,0.5806822,0.6340424,0.59365153,0.5573733,0.6508189,0.6485165,0.6496959,0.63862026,0.6351036
904,0.45576775,0.47938985,0.6083476,0.57940465,0.63454753,0.59176457,0.5600175,0.65049344,0.65167415,0.64761335,0.6421722,0.6409158
905,0.44979322,0.47503868,0.6047992,0.5759734,0.6304152,0.59184253,0.55551136,0.6513809,0.6497133,0.6441565,0.64318675,0.642238
906,0.44191495,0.46802354,0.60014194,0.57024705,0.62546617,0.59130675,0.5505946,0.6514974,0.6476396,0.64185107,0.6441339,0.64313
907,0.46063074,0.4867159,0.6049664,0.57621306,0.63332367,0.5930665,0.5611116,0.6541714,0.6559523,0.6428441,0.6507334,0.65336907
908,0.4719626,0.49859223,0.6093982,0.58255595,0.6371834,0.59762293,0.5652241,0.6582609,0.6586362,0.64153796,0.65394217,0.6582849
909,0.47555858,0.5020145,0.61100197,0.5845242,0.637087,0.60171086,0.5649484,0.6609514,0.6582171,0.64061177,0.6549913,0.659487
910,0.51242524,0.5367821,0.62438786,0.60027325,0.65277463,0.60827774,0.5844609,0.666619,0.67064124,0.6446146,0.66292936,0.6721548
911,0.6567912,0.67114896,0.67939085,0.66727895,0.7137716,0.6279412,0.664331,0.68612915,0.7142803,0.6591155,0.6856848,0.7151675
912,0.6212672,0.6380251,0.67792755,0.67246634,0.69392025,0.6485903,0.62678105,0.69412786,0.68355054,0.64927346,0.6670652,0.6822681
913,0.60931927,0.6203713,0.6748417,0.6627931,0.6878026,0.6522514,0.6191408,0.69178724,0.6785779,0.6566434,0.6623376,0.6719444
914,0.58572525,0.5946269,0.6677311,0.64989513,0.6792775,0.64993006,0.6081705,0.6883049,0.66993773,0.6601609,0.657305,0.660708
915,0.5570731,0.5659738,0.6573229,0.6336477,0.66858596,0.6431759,0.5958061,0.6820971,0.66158426,0.6611301,0.6519122,0.6507749
916,0.5381961,0.54836416,0.64869225,0.62078214,0.66134894,0.6341105,0.5894016,0.6747502,0.65726507,0.66063845,0.6482538,0.64533836
917,0.5897222,0.5992766,0.66487,0.64058256,0.68415326,0.6311032,0.62231535,0.67383176,0.67661184,0.6650829,0.6561347,0.66178817
918,0.5816834,0.59478337,0.6636666,0.6438681,0.67660016,0.63135517,0.61213964,0.67092764,0.66578615,0.6564483,0.6461281,0.6492358
919,0.74762565,0.7473189,0.7238703,0.7161294,0.7451092,0.64411366,0.71063256,0.68563825,0.7171612,0.67576146,0.6691614,0.6973669
920,0.91471297,0.8956018,0.7957115,0.80910456,0.80534667,0.6760932,0.79333794,0.7153045,0.73692566,0.68572736,0.676971,0.719529
921,0.81202847,0.79960674,0.7715948,0.7964564,0.7574804,0.69849974,0.70383394,0.71189946,0.6795386,0.66987175,0.63414204,0.6439745
922,0.80646306,0.7847345,0.76792073,0.7804543,0.75499004,0.6915159,0.70635414,0.6989966,0.680974,0.68436486,0.627983,0.63103026
923,0.89648956,0.862736,0.8035566,0.81699723,0.7948496,0.69127136,0.767528,0.7034887,0.7032207,0.701235,0.63782835,0.6481052
924,0.76734686,0.74375784,0.765721,0.7826849,0.74338704,0.690217,0.6814594,0.6923414,0.65212744,0.68428004,0.600808,0.5851662
925,0.6831103,0.6590472,0.7321407,0.731744,0.7132511,0.6689893,0.64613485,0.6727012,0.63981396,0.6891526,0.59100467,0.5659831
926,0.6244749,0.60422385,0.70766455,0.6957339,0.6964243,0.64632666,0.62784487,0.65883803,0.6351147,0.6908195,0.59011793,0.56111175
927,0.5825049,0.56886214,0.6889736,0.6710726,0.68523145,0.6271525,0.6153351,0.64860713,0.63453424,0.6880493,0.59141576,0.5629698
928,0.53371274,0.5274918,0.66777474,0.6454235,0.6686223,0.61109215,0.59467864,0.6406086,0.6295075,0.6811258,0.5909477,0.56289756
929,0.49880216,0.49910548,0.6499782,0.6242301,0.65678626,0.597182,0.5811418,0.63419205,0.6296948,0.6755627,0.59398144,0.56859493
930,0.48307428,0.48957282,0.6389979,0.6130637,0.6524721,0.5871437,0.57683885,0.6307946,0.63504505,0.67051405,0.5998856,0.579396
931,0.46594045,0.47807032,0.6284073,0.60322213,0.6455564,0.5807329,0.56867445,0.62946403,0.6365233,0.663687,0.6039703,0.58699864
932,0.4473199,0.46369785,0.6172622,0.59183955,0.63687897,0.57605445,0.55879074,0.6288226,0.6362576,0.657585,0.60769737,0.59306145
933,0.43710518,0.45673987,0.60898507,0.58343554,0.63171184,0.57268083,0.5537672,0.629029,0.63844806,0.6531723,0.6130097,0.6012054
934,0.44105932,0.4633984,0.6064192,0.58232033,0.63263255,0.5719235,0.5561037,0.6310284,0.6443869,0.6499268,0.62007046,0.61242354
935,0.43278208,0.4575031,0.6007834,0.5770972,0.62684935,0.572581,0.5497701,0.63323414,0.6430353,0.6448609,0.6232757,0.6168417
936,0.43234777,0.45825827,0.5975549,0.573648,0.6247862,0.5734726,0.54874766,0.63531035,0.64504194,0.6423466,0.62815404,0.62369657
937,0.4526609,0.47919998,0.6025565,0.58057296,0.6324168,0.5770564,0.5591968,0.63961744,0.6537934,0.64187455,0.63620466,0.63624096
938,0.75659484,0.7598462,0.7087802,0.7130742,0.7542672,0.6026505,0.737178,0.6697273,0.74775773,0.66913104,0.6794082,0.7350729
939,0.7292169,0.73905885,0.7188803,0.7439213,0.73135763,0.6471404,0.681775,0.6892706,0.697263,0.64789546,0.6505034,0.680052
940,0.6772518,0.6802766,0.7035765,0.71786183,0.7050224,0.6576308,0.6433295,0.6845507,0.6749206,0.653461,0.6346049,0.6473828
941,0.79995203,0.7858059,0.74898666,0.7601424,0.7588478,0.66458434,0.72389084,0.6943231,0.7130199,0.68047804,0.65576696,0.6806037
942,0.7856143,0.77226204,0.7545125,0.7719114,0.75247896,0.6779336,0.70403945,0.69905907,0.6898645,0.67605746,0.6397732,0.6504466
943,0.6866178,0.6745461,0.722744,0.7302936,0.71205896,0.67350495,0.64496166,0.6870071,0.6569766,0.6726601,0.61671144,0.6091662
944,0.663903,0.6495913,0.7122341,0.7072971,0.7087018,0.65905416,0.64518356,0.6762017,0.660747,0.6827269,0.61862516,0.608132
945,0.62435985,0.61405677,0.6986216,0.68814695,0.6978779,0.6467981,0.6304792,0.6690432,0.6535121,0.6814913,0.61514235,0.6004807
946,0.57682925,0.5711511,0.6802871,0.66353273,0.6818007,0.6337166,0.610082,0.66074103,0.6453916,0.6781631,0.6113148,0.5937045
947,0.598732,0.59576666,0.6851535,0.66879064,0.69649863,0.62497294,0.63145876,0.6577119,0.6631205,0.6819488,0.6209695,0.6112467
948,0.58749723,0.5896576,0.68193156,0.66885376,0.69336456,0.6220911,0.6250207,0.6575295,0.66067946,0.6755795,0.61971414,0.6108462
949,0.56528723,0.57022035,0.67285585,0.659049,0.6842689,0.6185645,0.61269814,0.6553848,0.6566975,0.67160755,0.61830664,0.6087052
950,0.5426389,0.54953784,0.66247666,0.6462877,0.6754188,0.6135356,0.60179377,0.65292466,0.6539651,0.66929764,0.6188695,0.60852313
951,0.5180783,0.52721256,0.65093786,0.63187295,0.6656979,0.6077395,0.5901811,0.6504256,0.65078014,0.66659963,0.61985075,0.6088099
952,0.50069004,0.5122112,0.64142966,0.6200343,0.6589788,0.6020571,0.5828893,0.64832807,0.65033823,0.66422194,0.6224352,0.6121241
953,0.50032437,0.51417345,0.6383215,0.6169187,0.659778,0.59874254,0.58478665,0.6483447,0.6553526,0.6627196,0.62773424,0.6205967
954,0.5154253,0.53113294,0.642051,0.6232786,0.6667901,0.59953636,0.59370863,0.6512576,0.6636509,0.66156685,0.63428116,0.6318819
955,0.50401825,0.5217289,0.6375158,0.619429,0.6602594,0.6013167,0.5847049,0.6532235,0.6593576,0.65694106,0.63415784,0.63127965
956,0.5261179,0.54328024,0.6435965,0.6268828,0.66948783,0.60386413,0.59742033,0.6563387,0.6693516,0.6588186,0.64139026,0.64300364
957,0.5175028,0.5356156,0.6410244,0.62478715,0.6642377,0.6072864,0.5896511,0.6591459,0.6644772,0.655503,0.6409139,0.6411046
958,0.58122736,0.59583473,0.66290784,0.6509646,0.6917866,0.61389136,0.6267031,0.66600776,0.68747514,0.6627081,0.6539084,0.663939
959,0.6027862,0.61687744,0.6742892,0.6678948,0.69779855,0.6247077,0.6319373,0.67299545,0.6859264,0.66010475,0.65290964,0.6628701
960,0.57113683,0.5844862,0.66522056,0.6564962,0.68142337,0.6298374,0.6085829,0.67319703,0.67029464,0.65722555,0.64453137,0.64709073
961,0.5604321,0.57135177,0.6601709,0.6461823,0.67702264,0.6281943,0.6046111,0.6710904,0.6686276,0.6610379,0.6447134,0.644902
962,0.55838245,0.5687929,0.6590955,0.6426647,0.67753077,0.6264887,0.6057864,0.6706667,0.6693371,0.6630901,0.64636725,0.64608014
963,0.5414221,0.5529292,0.6532032,0.634404,0.6709247,0.6244541,0.5970648,0.66939086,0.6641886,0.6617684,0.6444469,0.64219916
964,0.5137956,0.52668345,0.6422572,0.61933786,0.65937865,0.6197812,0.58320546,0.6659909,0.6568255,0.6598346,0.6414964,0.63669825
965,0.49112374,0.5056255,0.6314831,0.6044189,0.64984053,0.61287564,0.57335466,0.6614989,0.6523378,0.65813947,0.64028996,0.6343653
966,0.47929195,0.49587163,0.6245011,0.5951885,0.64539534,0.60692674,0.5695063,0.6585554,0.6519232,0.65648687,0.6415474,0.6364038
967,0.47568393,0.49476433,0.6199728,0.5903826,0.64254254,0.60184944,0.56840074,0.65548396,0.6522383,0.653034,0.6421895,0.6387599
968,0.45807657,0.4799984,0.61013407,0.57965195,0.63097095,0.59605837,0.557385,0.6503992,0.64479107,0.6462109,0.63787997,0.63362813
969,0.50194806,0.52373004,0.6231784,0.5966045,0.6504453,0.5978344,0.58315706,0.65365875,0.66353846,0.64943415,0.6487738,0.6527971
970,0.53344893,0.5559864,0.63610363,0.6157651,0.6619063,0.60577744,0.59629357,0.65995955,0.67015105,0.64727414,0.65235883,0.6604306
971,0.62042093,0.63813657,0.6685001,0.6571569,0.69481933,0.61882967,0.64080215,0.6693546,0.6930714,0.6526383,0.66210914,0.68126047
972,0.78587,0.78741264,0.73570234,0.73990583,0.7594949,0.6470549,0.72912663,0.6952218,0.72982895,0.6683883,0.67960864,0.71828043
973,0.6827903,0.68898827,0.7113451,0.72161984,0.71097106,0.6683464,0.64542234,0.6965816,0.6737554,0.6533145,0.64393836,0.6538497
974,0.6393811,0.6385395,0.6939897,0.68891656,0.6937712,0.6617058,0.626405,0.68583155,0.66573143,0.6643774,0.63729,0.6380769
975,0.60053253,0.5988654,0.67969805,0.66484696,0.682034,0.6507973,0.6128552,0.6780862,0.65741503,0.66880023,0.6337656,0.6277049
976,0.5559531,0.55682105,0.66289556,0.6402347,0.66735667,0.6383387,0.5950869,0.6698713,0.6482096,0.6682696,0.62939656,0.61882794
977,0.52240235,0.5268653,0.6485594,0.6200171,0.6568908,0.6255838,0.5834416,0.6622725,0.64421356,0.66687775,0.62810457,0.61634874
978,0.50490546,0.51358044,0.6394956,0.60848814,0.6525812,0.61512744,0.57932353,0.6569677,0.6452886,0.6646719,0.62961143,0.61943626
979,0.4906877,0.5037098,0.6320712,0.60066533,0.6483265,0.6077319,0.57452106,0.6537447,0.64573205,0.6607992,0.63083416,0.62249225
980,0.46987018,0.48665556,0.62221104,0.5899802,0.63983405,0.601575,0.5645391,0.6509009,0.64272606,0.65601206,0.6305911,0.6227345
981,0.45603135,0.4755954,0.6140246,0.580974,0.6340256,0.5960333,0.5586335,0.6485558,0.64245284,0.6526961,0.63226736,0.6255992
982,0.45401558,0.47594783,0.61020905,0.5778156,0.63316196,0.5925349,0.5586911,0.6479067,0.64559984,0.6501034,0.63592404,0.63166803
983,0.45361698,0.4776332,0.607963,0.57688403,0.63242,0.591492,0.55826396,0.6487636,0.647718,0.6471044,0.63906395,0.63681334
984,0.4430453,0.46869427,0.60239255,0.5712626,0.62635803,0.5905964,0.55149686,0.6489791,0.645018,0.64342576,0.6396329,0.63736856
985,0.45654318,0.48255518,0.6047497,0.57484686,0.6315278,0.59114397,0.5590556,0.6506521,0.65193844,0.64336693,0.64533365,0.64630413
986,0.76318,0.7641542,0.7116521,0.7078719,0.7557761,0.6152307,0.73880637,0.68134135,0.7480919,0.6727032,0.69035834,0.74585253
987,0.7523362,0.7595486,0.7285284,0.7476514,0.74069047,0.6592327,0.6941387,0.70177937,0.70312834,0.6530218,0.66295606,0.69535613
988,0.6686101,0.67182326,0.7028008,0.7119644,0.7006826,0.66813064,0.63524777,0.69339234,0.6695473,0.65384,0.63838524,0.64969426
989,0.6772785,0.6729267,0.7034399,0.7010905,0.7056291,0.6612483,0.64845306,0.6853384,0.6756095,0.6678765,0.64040154,0.6477528
990,0.91903573,0.88700205,0.792309,0.8004615,0.8035373,0.6735283,0.8000496,0.7093435,0.73978746,0.69951767,0.67364705,0.7156428
991,0.7682306,0.75342155,0.7560148,0.779491,0.7396185,0.69376224,0.6807207,0.70641303,0.66401356,0.67074466,0.62173676,0.62479347
992,0.6879015,0.66938925,0.72413766,0.72684175,0.70849246,0.6775899,0.6438544,0.6855667,0.65057814,0.67918974,0.6087719,0.5999095
993,0.6241421,0.6077103,0.69924355,0.6877876,0.6890095,0.65692157,0.62167466,0.67121315,0.64058405,0.6824931,0.60465604,0.5874753
994,0.6067808,0.5948206,0.6904123,0.6730182,0.68952227,0.64004856,0.62464917,0.66203696,0.64702946,0.68496853,0.6090984,0.59305555
995,0.65669525,0.6484249,0.70723325,0.6955673,0.7160948,0.63331443,0.6616062,0.6610699,0.67091495,0.6879036,0.6197697,0.6152769
996,0.6014345,0.6007136,0.6904851,0.6814024,0.692391,0.63059115,0.6246932,0.6582454,0.64939904,0.6740079,0.6070211,0.59518737
997,0.5985403,0.59861594,0.68614227,0.67463404,0.69300944,0.62400234,0.62776995,0.65361977,0.65678734,0.67606896,0.61103225,0.60170484
998,0.56301755,0.56642306,0.6723608,0.65902996,0.67906225,0.6179411,0.6086151,0.65057826,0.64823794,0.6708253,0.6083527,0.59563583
999,0.77850395,0.7670792,0.7470257,0.74997777,0.7726263,0.6257934,0.7471822,0.6669056,0.724142,0.6963815,0.64438546,0.671884
1000,0.8432111,0.8297586,0.78394073,0.81045765,0.79309523,0.6554447,0.7617268,0.6887752,0.7126176,0.68631786,0.63616127,0.6606361
1001,0.75015676,0.7387013,0.7561755,0.7842968,0.74852294,0.6679831,0.68801063,0.6837489,0.6704239,0.6756153,0.6069491,0.6067126
1002,0.6778384,0.66252095,0.7272647,0.739594,0.71919024,0.6570929,0.65210944,0.6705707,0.655384,0.6814466,0.59829503,0.5850576
1003,0.63285047,0.61773056,0.7080989,0.7085773,0.7055887,0.641685,0.6376169,0.6609423,0.6512436,0.68601835,0.5990903,0.5800701
1004,0.5998309,0.5887106,0.69364023,0.6875058,0.6963712,0.62794095,0.62730396,0.6536229,0.64961845,0.68527424,0.60055685,0.58017737
1005,0.56395775,0.55819684,0.6782598,0.66745156,0.6844262,0.6164238,0.61235976,0.6478489,0.6459535,0.6810206,0.60088044,0.5800969
1006,0.56844974,0.56710064,0.6759723,0.66486126,0.6890573,0.6081788,0.6204697,0.6444374,0.65631664,0.67990047,0.60755444,0.5928594
1007,0.54009676,0.5440992,0.6641737,0.65273225,0.67677945,0.60339236,0.60377896,0.6427057,0.64969194,0.6718881,0.606067,0.59096354
1008,0.53747106,0.54408365,0.6598531,0.64777404,0.67655843,0.59959126,0.6046327,0.6418598,0.6555325,0.6704064,0.61153114,0.6001476
1009,0.5790156,0.58679646,0.67298144,0.6661455,0.69581807,0.60150236,0.6303206,0.64631814,0.67388177,0.6720657,0.62253374,0.6205827
1010,0.57977706,0.5895549,0.6746982,0.6720781,0.6943032,0.6076173,0.6255989,0.65137345,0.67080986,0.6666633,0.62249917,0.62058735
1011,0.60016143,0.60841906,0.6817073,0.6809005,0.70196295,0.6129009,0.6356821,0.6554957,0.6777687,0.6683654,0.62748593,0.6285597
1012,0.6129681,0.61989206,0.6874912,0.68865514,0.70665294,0.61896145,0.6404739,0.6603429,0.67975837,0.66895026,0.6300984,0.6316413
1013,0.6214109,0.626597,0.69167745,0.69351864,0.70960945,0.62417895,0.6432523,0.6640561,0.6806021,0.6702443,0.6317279,0.6329035
1014,0.6367364,0.63970006,0.6983061,0.7008154,0.7160068,0.6287591,0.65108913,0.6675717,0.68404627,0.67293614,0.63431954,0.63616455
1015,0.651293,0.6522525,0.7052608,0.7089373,0.72204536,0.6334977,0.6580482,0.6710304,0.6861481,0.6750716,0.6356686,0.6377172
1016,0.6537342,0.6532206,0.7080571,0.7120102,0.72293925,0.63735026,0.6576948,0.6731955,0.6841811,0.67616236,0.6345804,0.63489693
1017,0.646563,0.64505184,0.70644516,0.70895445,0.71967685,0.6385146,0.652765,0.672943,0.6803168,0.67690337,0.6323118,0.6300068
1018,0.68924624,0.6840118,0.7222341,0.72643,0.73869807,0.6406502,0.6799653,0.675771,0.69398814,0.68356556,0.63861185,0.6418467
1019,0.807204,0.79147005,0.7681199,0.7823736,0.7861117,0.6515795,0.7488107,0.6882639,0.72145534,0.6943177,0.65004593,0.668806
1020,0.6958866,0.68794376,0.7352506,0.7536274,0.7330294,0.66096115,0.6639434,0.68356794,0.66789645,0.67472535,0.6159722,0.6096253
1021,0.6466371,0.63494915,0.7134258,0.71697795,0.71361244,0.6497966,0.6430945,0.6716635,0.6622056,0.6822744,0.612618,0.5996238
1022,0.5931637,0.58346945,0.69185925,0.6852902,0.6950327,0.63591975,0.6208514,0.66330814,0.65231586,0.6826201,0.6102946,0.5913731
1023,0.54751164,0.5418554,0.67195785,0.65706253,0.67924124,0.6215902,0.6026798,0.6553633,0.64652073,0.68067014,0.61011016,0.5891969
1024,0.51452947,0.51406413,0.6560404,0.6357279,0.66836965,0.6088848,0.5905565,0.64929956,0.6449953,0.6773926,0.6123084,0.59242076
1025,0.49954304,0.5044761,0.6465272,0.62440795,0.6644728,0.5996473,0.58682835,0.6459125,0.648621,0.67377114,0.6169189,0.60081553
1026,0.4756308,0.48591417,0.6345552,0.6111419,0.65455925,0.5930705,0.5748733,0.6437698,0.64612055,0.6673282,0.6184621,0.6040941
1027,0.45743173,0.47174966,0.62375367,0.598741,0.6463838,0.58746946,0.5660875,0.641938,0.64572936,0.66252995,0.62143886,0.6091999
1028,0.4481585,0.46590722,0.6162862,0.5907277,0.6419447,0.58361214,0.56192523,0.6415372,0.6476536,0.65857214,0.625896,0.6164342
1029,0.45074743,0.47131014,0.61372054,0.5891838,0.6424014,0.58252835,0.563516,0.6430357,0.65249443,0.65542126,0.631743,0.62607646
1030,0.4402958,0.46338823,0.60756576,0.58297044,0.6357914,0.5826167,0.5560907,0.6444989,0.6501579,0.65051025,0.633801,0.6289939
1031,0.44314885,0.46742707,0.6055409,0.5808664,0.6354662,0.58321077,0.5571645,0.64626044,0.653452,0.64867383,0.6387878,0.63645136
1032,0.44757226,0.47296154,0.60524213,0.5810873,0.63579416,0.5854058,0.5583345,0.64916015,0.6557342,0.6465353,0.64317405,0.64282274
1033,0.4711774,0.496607,0.6123666,0.5902906,0.64478767,0.5902691,0.57003784,0.65398926,0.6644061,0.64676607,0.65046704,0.65442085
1034,0.7722901,0.77120715,0.7193433,0.72114736,0.7672972,0.6170677,0.74675643,0.68743205,0.7559378,0.6766872,0.6947179,0.75152457
1035,0.6982755,0.70765084,0.71297383,0.7329432,0.725755,0.6574844,0.6648022,0.70141596,0.69278914,0.65159893,0.65766364,0.68231976
1036,0.70510644,0.7038104,0.71630627,0.7258532,0.7259183,0.665663,0.66640425,0.6989217,0.6940494,0.6660858,0.6548939,0.6732136
1037,0.6738068,0.66973835,0.70870143,0.7113916,0.71425766,0.6665188,0.6489371,0.6957877,0.6795981,0.67033553,0.64659345,0.65314984
1038,0.64449507,0.6396702,0.6983052,0.69285333,0.70276684,0.6593304,0.63612217,0.6870194,0.670216,0.6729442,0.6394289,0.6388484
1039,0.78204453,0.7654264,0.74855083,0.74808764,0.7643202,0.6624433,0.726222,0.69641185,0.7155286,0.69380856,0.6614851,0.6808196
1040,0.67745095,0.6710909,0.7218331,0.7267807,0.7193722,0.66949344,0.6504077,0.6936302,0.66560453,0.67400306,0.62966657,0.6265835
1041,0.6449902,0.6360318,0.70722,0.70037645,0.7082893,0.6586499,0.63965887,0.6820902,0.66479313,0.68138444,0.62714535,0.6201915
1042,0.5951892,0.5891872,0.68847424,0.6742498,0.6912209,0.6459055,0.61811954,0.6734651,0.6538448,0.6799119,0.6221295,0.6091854
1043,0.5631309,0.56066763,0.6738534,0.6536946,0.6808803,0.6324004,0.6072532,0.66480416,0.6511851,0.6786556,0.6213609,0.6073312
1044,0.5503696,0.5521063,0.6666233,0.6447025,0.67897457,0.62248313,0.6059102,0.66009927,0.6545453,0.6769149,0.62418777,0.61242986
1045,0.51763546,0.5243625,0.652844,0.62906027,0.6659826,0.61421543,0.5895128,0.65567744,0.6480954,0.6705526,0.6219744,0.60943764
1046,0.5297494,0.5390387,0.65352046,0.6308471,0.6733016,0.6090234,0.6004463,0.6543417,0.6597647,0.67084086,0.62942505,0.62278676
1047,0.518247,0.5315756,0.64724714,0.62640023,0.66615456,0.6057468,0.59223384,0.65245134,0.65595806,0.663648,0.6278294,0.62181973
1048,0.509636,0.525049,0.6408908,0.6200088,0.65996546,0.60265654,0.58651316,0.6500562,0.65459555,0.65942883,0.62782675,0.6226798
1049,0.494179,0.5111808,0.63316983,0.6111738,0.65239763,0.60043377,0.57767004,0.6494102,0.65151864,0.6562071,0.62848705,0.6228599
1050,0.49058953,0.5085951,0.6293701,0.6065808,0.6507916,0.5986202,0.576658,0.64959913,0.65370154,0.655193,0.63219476,0.62795633
1051,0.4780991,0.49767417,0.6230611,0.59925145,0.6446517,0.5970529,0.5695474,0.6496864,0.65111816,0.6521938,0.6333408,0.62891024
1052,0.4629247,0.48380417,0.61520296,0.5893315,0.6370864,0.59448296,0.5614315,0.6487746,0.6479733,0.6495217,0.63414836,0.6293026
1053,0.50529623,0.5258326,0.62789387,0.6053285,0.6564816,0.5967781,0.5869175,0.653021,0.66669434,0.6532439,0.64609873,0.64936846
1054,0.5088704,0.5311017,0.630856,0.61156744,0.65599585,0.60283315,0.5844129,0.65779775,0.664058,0.64872324,0.6461109,0.6495338
1055,0.54348224,0.563642,0.6434795,0.6268672,0.6699063,0.6100309,0.6021284,0.663436,0.67529625,0.6519942,0.6530607,0.6611451
1056,0.56761587,0.58608705,0.65460134,0.6412442,0.6787564,0.61917526,0.6117583,0.66995287,0.67891145,0.653035,0.65572417,0.6651242
1057,0.56658095,0.583528,0.65628505,0.6430576,0.67602855,0.6254622,0.6070495,0.67249006,0.6737179,0.65276,0.6528817,0.65948117
1058,0.57375157,0.5881744,0.65967405,0.6451428,0.6784512,0.6288987,0.6102985,0.67391235,0.67437446,0.65588933,0.6533382,0.6590205
1059,0.5748716,0.5879389,0.66124797,0.6457154,0.6786261,0.63100237,0.61024725,0.6745862,0.6725486,0.6573757,0.6522234,0.65632486
1060,0.6216533,0.63115126,0.6790686,0.66603214,0.6991385,0.63572717,0.6376885,0.6789125,0.6869125,0.6639659,0.6589908,0.66853565
1061,0.62734413,0.6363295,0.6852526,0.6753136,0.70052814,0.64249057,0.6363538,0.68227583,0.6818399,0.6628303,0.6546107,0.66172373
1062,0.663056,0.6678234,0.7001134,0.6922162,0.71514404,0.64804393,0.6557899,0.6853794,0.69010335,0.6686515,0.6566936,0.6663276
1063,0.66117483,0.66466135,0.7031791,0.6970866,0.71346545,0.6528684,0.65084374,0.6864028,0.6827983,0.668472,0.6502526,0.65564513
1064,0.66011435,0.6612806,0.70448035,0.6973482,0.71308106,0.653684,0.649944,0.68474394,0.68007267,0.67131895,0.64625055,0.6488847
1065,0.66040844,0.659968,0.7061051,0.69832444,0.7142297,0.6529361,0.65116185,0.6830535,0.6787004,0.6739323,0.6433977,0.64406455
1066,0.66567826,0.6641765,0.709052,0.70161915,0.71697825,0.6514744,0.65520936,0.68088573,0.6787859,0.67575246,0.64077353,0.6406988
1067,0.6912059,0.68807894,0.7186804,0.71392864,0.72660464,0.65074134,0.6702109,0.6790242,0.68371224,0.67782336,0.6394048,0.6415032
1068,0.74167603,0.73431116,0.74046886,0.7418732,0.74870914,0.656533,0.6991197,0.6845251,0.6950588,0.683317,0.6424929,0.64940715
1069,0.67085505,0.6666259,0.7197058,0.7214877,0.71795154,0.65813947,0.65067923,0.6803437,0.6648556,0.67421025,0.6228243,0.6155563
1070,0.6262586,0.62057555,0.7012742,0.6935462,0.70133203,0.64778817,0.631356,0.67086977,0.65769815,0.6777055,0.6183317,0.60566175
1071,0.584734,0.58085686,0.6841402,0.66940075,0.68759346,0.6353553,0.61510944,0.6633812,0.6513384,0.6777997,0.61643565,0.60022455
1072,0.54369277,0.543421,0.66649467,0.64594465,0.67330486,0.62270755,0.59824646,0.6563351,0.6455173,0.6751788,0.61513144,0.5972486
1073,0.5095195,0.5135686,0.6503451,0.62528235,0.6611163,0.6106232,0.5845522,0.65008867,0.6422302,0.6715597,0.6155203,0.59789205
1074,0.48357475,0.4922282,0.63685334,0.6090509,0.65181714,0.60040087,0.57436115,0.64554673,0.6412526,0.66734177,0.61748844,0.6015086
1075,0.46376523,0.47690415,0.6255572,0.5964196,0.6442227,0.59241116,0.5661748,0.6425611,0.64126337,0.66260797,0.6201556,0.60644317
1076,0.44960895,0.46674037,0.61635816,0.58681166,0.6381642,0.5865636,0.55994123,0.6408664,0.64203095,0.6578741,0.6233464,0.61216605
1077,0.43868974,0.45921415,0.6085247,0.57898754,0.6326422,0.58249605,0.55447817,0.6401027,0.6425699,0.6531813,0.62651443,0.61762184
1078,0.43117392,0.4543928,0.6022574,0.572875,0.6282202,0.5800438,0.55035424,0.64028305,0.64338905,0.64908904,0.6300083,0.6232188
1079,0.4260801,0.45142597,0.5971699,0.5679518,0.6244229,0.5787342,0.5470949,0.6409777,0.6440364,0.64537853,0.6334095,0.6284239
1080,0.42730823,0.45419654,0.59472615,0.5660377,0.6233235,0.5788121,0.5470804,0.64249265,0.6462608,0.64258164,0.6375708,0.63474965
1081,0.45971,0.4869724,0.6042088,0.57909006,0.6364292,0.58317393,0.5640277,0.6474458,0.6591596,0.64298886,0.64695334,0.6503083
1082,0.77849424,0.7784812,0.7167273,0.7189569,0.76372933,0.6115444,0.7495247,0.6818371,0.7549274,0.67208886,0.6917378,0.75225276
1083,0.768999,0.774319,0.7353336,0.7607255,0.74860317,0.66022795,0.702976,0.7044825,0.707793,0.65330994,0.6639224,0.6991636
1084,0.74043196,0.73790723,0.7297398,0.7477806,0.7311776,0.67466235,0.6751302,0.7012808,0.6894503,0.66048807,0.64786583,0.66726637
1085,0.7216278,0.71267235,0.7258438,0.73422587,0.7251701,0.6751371,0.6670104,0.6968996,0.6813156,0.6708414,0.6417966,0.6502322
1086,0.6613474,0.6523768,0.7069122,0.705459,0.70330834,0.66778225,0.63680536,0.6879196,0.66221917,0.67242897,0.62975144,0.62567556
1087,0.61352,0.6060727,0.6876915,0.6752234,0.6853877,0.6523648,0.6177349,0.6742144,0.65154254,0.67324924,0.6221155,0.61166304
1088,0.57598376,0.5720201,0.67305315,0.65319955,0.67474085,0.6384583,0.6053637,0.66548866,0.64680237,0.6732,0.6200495,0.60691804
1089,0.53724086,0.53817594,0.65717417,0.63190943,0.66198397,0.62505233,0.5902445,0.6574213,0.64106214,0.6697732,0.61760753,0.6029944
1090,0.5049589,0.510771,0.64259744,0.6132767,0.6512198,0.61280555,0.57794046,0.6507433,0.6380207,0.6660268,0.6173023,0.6028305
1091,0.48044252,0.49103892,0.6301972,0.59853524,0.64279425,0.6023085,0.5687178,0.6456221,0.6369977,0.6617795,0.6184992,0.60531574
1092,0.46157858,0.4766539,0.6195729,0.5869116,0.6355904,0.59384483,0.56111956,0.64186454,0.63667434,0.65696335,0.6202583,0.6088489
1093,0.4476,0.4665175,0.6109098,0.57807714,0.6299048,0.5877253,0.55516946,0.6398018,0.63717216,0.65242714,0.6228679,0.61343217
1094,0.4440393,0.4660778,0.6058665,0.57401097,0.6278409,0.58371943,0.5540182,0.63889766,0.6401166,0.6485087,0.6266526,0.6200321
1095,0.44447705,0.4689936,0.6032477,0.57303745,0.6270842,0.58250403,0.5538775,0.6398094,0.6429488,0.644848,0.63054526,0.6264864
1096,0.44858596,0.4746864,0.60258174,0.57404196,0.6275578,0.58332205,0.55508465,0.6417854,0.64599603,0.64205885,0.6345689,0.63282174
1097,0.45097888,0.47798043,0.6020097,0.57454836,0.6271092,0.58531487,0.55492383,0.6442519,0.64744014,0.6397727,0.6378139,0.6374043
1098,0.45324028,0.4805458,0.60156524,0.5744938,0.6265583,0.5874793,0.55482614,0.64651763,0.6484184,0.6382622,0.6406966,0.64115226
1099,0.45569727,0.48300123,0.6015406,0.5744538,0.62638825,0.5898067,0.55508614,0.6488335,0.6492836,0.6373918,0.6434542,0.64453423
1100,0.4550018,0.4822511,0.600692,0.573034,0.6250058,0.59184927,0.55377024,0.6507824,0.6488148,0.6365863,0.64534056,0.6464552
1101,0.67543334,0.68765104,0.67930245,0.66886663,0.7194909,0.6128324,0.6818842,0.6749518,0.72400695,0.6606641,0.6836347,0.721412
1102,0.8546815,0.8497752,0.7595758,0.77358013,0.783729,0.6578852,0.76487577,0.7129357,0.7444187,0.6685043,0.69312125,0.7461504
1103,0.7285013,0.72988486,0.7287155,0.7493493,0.72353923,0.68552315,0.6602005,0.71039927,0.6781771,0.6525829,0.64720535,0.6635604
1104,0.6746234,0.66760164,0.7076224,0.7085721,0.70225346,0.67699593,0.6365936,0.69587106,0.66773194,0.66648024,0.6376037,0.6416304
1105,0.6331072,0.6249691,0.6929005,0.68176836,0.6908435,0.6640648,0.6239031,0.6860918,0.6592604,0.672985,0.63352025,0.629045
1106,0.604229,0.59861296,0.68234843,0.6640705,0.68429774,0.6513065,0.6167048,0.6775257,0.65570277,0.67482305,0.63120157,0.62342757
1107,0.62720656,0.62361515,0.690242,0.67222387,0.69934744,0.6440807,0.6376158,0.67463607,0.6693414,0.6787771,0.63718003,0.63472915
1108,0.6076108,0.60890305,0.68537414,0.66918474,0.692497,0.6402671,0.6262921,0.6716131,0.6618952,0.67262435,0.6310706,0.6265488
1109,0.61562914,0.6179602,0.6877359,0.6723815,0.69747865,0.6368456,0.6334967,0.66916853,0.66775084,0.6735495,0.63248664,0.63041764
1110,0.61793584,0.6217167,0.68905747,0.67602384,0.6990141,0.6352663,0.63500977,0.6680517,0.6684354,0.6719207,0.6314535,0.62980574
1111,0.8724776,0.8507323,0.7803475,0.78495646,0.8020838,0.6498208,0.79281545,0.6927483,0.7425037,0.7008351,0.66663414,0.70798284
1112,0.9521878,0.92365515,0.8253272,0.8559842,0.8248162,0.6867059,0.8085502,0.7177302,0.7233202,0.6924633,0.6532362,0.68713367
1113,0.8590791,0.83395785,0.7996757,0.8356293,0.78147507,0.70195174,0.7307041,0.709021,0.67839587,0.6828741,0.61613566,0.620912
1114,0.864727,0.8298611,0.8011175,0.82572573,0.7864687,0.6948222,0.7427008,0.6993649,0.6847554,0.69905716,0.61511344,0.6141835
1115,0.7652481,0.7354502,0.76855975,0.7875914,0.7487586,0.6837991,0.6866813,0.68537825,0.65290976,0.6930412,0.5926457,0.5723667
1116,0.6900374,0.66241056,0.7380996,0.74265116,0.7216438,0.66211295,0.65579563,0.66698396,0.64124465,0.69473875,0.58441746,0.5557232
1117,0.6243073,0.60181195,0.71130794,0.70481503,0.70057774,0.6403496,0.6311839,0.65360373,0.6336004,0.6934811,0.5820378,0.5490763
1118,0.57568383,0.5599349,0.6895627,0.67561084,0.68588,0.62087303,0.6144591,0.6431886,0.6318798,0.6901766,0.58360225,0.55103326
1119,0.5335378,0.52532506,0.6698429,0.6512763,0.6722395,0.60482955,0.5981278,0.6356795,0.63062227,0.68420804,0.5859183,0.5553956
1120,0.4966579,0.49554586,0.6514288,0.6295318,0.6592234,0.59172624,0.58255005,0.63024104,0.6299231,0.6774749,0.58915854,0.5614191
1121,0.46967748,0.47495645,0.6361069,0.6122638,0.649393,0.58139515,0.5712338,0.6267242,0.63151354,0.6711773,0.5940604,0.57005286
1122,0.4608176,0.471763,0.62748337,0.6042789,0.64682585,0.5748679,0.5689515,0.62578964,0.6379746,0.666052,0.6014236,0.58300143
1123,0.4544117,0.4702085,0.6209743,0.59941876,0.6438667,0.5721586,0.5656123,0.62706566,0.642065,0.6601475,0.6076304,0.59373146
1124,0.45008603,0.46933118,0.6156707,0.5953051,0.6408191,0.5717313,0.5624561,0.62925094,0.64516157,0.6552016,0.61347115,0.60314107
1125,0.44259593,0.46426412,0.60965884,0.5893607,0.635777,0.57218665,0.5570829,0.63160336,0.6456832,0.6507885,0.6182272,0.6098971
1126,0.43250015,0.45587686,0.60276014,0.5812996,0.62940013,0.57238084,0.5505602,0.63346845,0.644683,0.6470994,0.62227905,0.6149512
1127,0.4265536,0.45127842,0.5973583,0.5745519,0.62511575,0.5724578,0.54692477,0.63523954,0.64503396,0.6444232,0.6269134,0.6209158
1128,0.43538654,0.46122095,0.59775835,0.57518625,0.6277956,0.5742358,0.5515327,0.6383631,0.6503112,0.6431084,0.63371277,0.6309453
1129,0.45409507,0.4807696,0.6030311,0.5823135,0.6343301,0.5789581,0.5602467,0.64319867,0.6570638,0.6418631,0.64058685,0.64176583
1130,0.7616289,0.7634506,0.7110685,0.7156973,0.758238,0.60566753,0.74051064,0.6749258,0.7517585,0.67071146,0.6849336,0.7419625
1131,0.66633767,0.6796243,0.6967105,0.71782327,0.70680624,0.6454932,0.644993,0.68746173,0.68106,0.6427719,0.64455616,0.6661086
1132,0.62424797,0.62937224,0.68061095,0.6855641,0.68559283,0.647558,0.6199634,0.6790049,0.66889524,0.6528469,0.635636,0.6455529
1133,0.5987432,0.60067075,0.67135686,0.6650735,0.6776682,0.6419879,0.611924,0.67390007,0.6623977,0.66010875,0.6344546,0.6364842
1134,0.5928659,0.59476125,0.6699022,0.6578623,0.67943335,0.63698053,0.6147124,0.6711664,0.6636469,0.6646288,0.6364297,0.6363458
1135,0.77532953,0.7638576,0.73701286,0.7362263,0.7589796,0.64708966,0.7288774,0.6877584,0.72233266,0.68720067,0.6650659,0.6938038
1136,0.6698021,0.66930395,0.71261,0.72032344,0.7116496,0.66199845,0.6459817,0.68901104,0.6662696,0.6644322,0.630348,0.63343054
1137,0.6163269,0.6125672,0.690857,0.68407637,0.69011796,0.6526461,0.62092096,0.6767708,0.65698606,0.67058784,0.6234809,0.6186687
1138,0.5831058,0.58013904,0.6770682,0.6614203,0.6810799,0.64025444,0.6111589,0.66917485,0.6534245,0.673953,0.6236855,0.6145717
1139,0.5606824,0.56105644,0.66749144,0.64744073,0.6759837,0.62975013,0.6052716,0.66370654,0.65277755,0.67353404,0.62474227,0.6148244
1140,0.78447676,0.7696192,0.7460871,0.743117,0.77351874,0.6376226,0.7479701,0.6816026,0.72945744,0.699183,0.6610535,0.6916302
1141,0.8029084,0.79228354,0.76789504,0.7868635,0.775926,0.66488975,0.7335677,0.69815606,0.70454305,0.68341476,0.6438831,0.663907
1142,0.73497975,0.7243445,0.74768585,0.76480204,0.7437327,0.67230713,0.6820159,0.6918593,0.6756144,0.6785548,0.6219781,0.6243105
1143,0.7729808,0.75357246,0.76031464,0.7718443,0.7626236,0.6688403,0.71239716,0.6893259,0.69213414,0.6938675,0.6295839,0.6336879
1144,0.6746313,0.66045856,0.72905815,0.73678577,0.72269773,0.6636233,0.6521049,0.68130314,0.6565755,0.6837545,0.60856855,0.5945094
1145,0.6646724,0.64893407,0.7215013,0.719957,0.7234889,0.65021735,0.65819484,0.6717638,0.66591233,0.69237876,0.61365974,0.6002468
1146,0.60946,0.5989325,0.70158285,0.6952493,0.7037358,0.6388147,0.63094753,0.6650177,0.65243775,0.6866735,0.6077416,0.5884756
1147,0.56704277,0.56046534,0.68286943,0.669683,0.6887735,0.62561613,0.61341697,0.6569358,0.64821875,0.6843055,0.6073045,0.5867276
1148,0.52601296,0.524424,0.6642398,0.6455332,0.6739469,0.6128735,0.59581476,0.65042734,0.6437606,0.67998767,0.60787714,0.5868609
1149,0.49936837,0.5030532,0.6492148,0.6269277,0.6635294,0.60098726,0.58527285,0.6441943,0.64336115,0.6750932,0.6101396,0.5912075
1150,0.48662904,0.4956438,0.63916343,0.6161838,0.65776503,0.59211004,0.58057505,0.63994956,0.645675,0.66937685,0.61340964,0.5982245
1151,0.5230945,0.5353387,0.6488596,0.6314757,0.6753642,0.59166557,0.6037141,0.6431945,0.6651571,0.66923565,0.62539905,0.6207043
1152,0.5700468,0.5838145,0.6663127,0.65800756,0.6949148,0.5998582,0.62758094,0.65182734,0.68042237,0.66747653,0.6343913,0.63880044
1153,0.5616349,0.5764253,0.66533005,0.6604702,0.68765926,0.60893214,0.61509293,0.6573813,0.67223233,0.6614836,0.63175815,0.63348144
1154,0.580265,0.59225696,0.67112786,0.6664914,0.69415647,0.6143492,0.6243431,0.6611017,0.6787931,0.66474164,0.63700736,0.6406764
1155,0.6132676,0.6225203,0.6838295,0.6820561,0.70727706,0.6213906,0.64144236,0.66704196,0.6871183,0.6678755,0.6426765,0.6494258
1156,0.6628016,0.6678207,0.70429736,0.707506,0.727013,0.6317852,0.6668733,0.67532945,0.6978726,0.6722868,0.6482943,0.659558
1157,0.6591905,0.662621,0.70704216,0.71246874,0.72291523,0.64121413,0.6576923,0.6794361,0.68812096,0.67061913,0.64244574,0.6483135
1158,0.66721493,0.66680944,0.7111847,0.7149904,0.72553563,0.645114,0.66121274,0.68036807,0.68823624,0.675048,0.6417237,0.6456159
1159,0.66349274,0.6617085,0.7103759,0.7127134,0.72181886,0.64546764,0.65740603,0.6779722,0.68263125,0.6754389,0.6369978,0.6373411
1160,0.6519406,0.649724,0.7061212,0.7059905,0.7152838,0.6434026,0.6502283,0.673887,0.67629004,0.67511845,0.6317604,0.62865
1161,0.66729736,0.66340345,0.7120735,0.71145153,0.7230842,0.64246774,0.6616369,0.673431,0.6817648,0.67905706,0.63360614,0.6320788
1162,0.8659076,0.8422734,0.7848925,0.7966958,0.8033717,0.6535578,0.78459996,0.6917996,0.73579335,0.7011398,0.65855753,0.6885342
1163,0.74973154,0.73793143,0.7561384,0.7815516,0.7501838,0.6724974,0.6880122,0.6923894,0.67281955,0.6760058,0.6177888,0.6167111
1164,0.6935759,0.67733216,0.7327693,0.7428471,0.7272882,0.66284543,0.6611652,0.6785098,0.66418254,0.6838742,0.61008424,0.59984905
1165,0.6323501,0.61737245,0.7090674,0.7076628,0.7062189,0.6481254,0.6353237,0.66836524,0.6521784,0.68554527,0.6056579,0.58699524
1166,0.5906914,0.57918584,0.690998,0.6809084,0.69362324,0.6326615,0.6213512,0.65937716,0.6489619,0.6858205,0.60620147,0.58529526
1167,0.54787034,0.5419773,0.6726001,0.65646726,0.67922753,0.61882025,0.6039139,0.652182,0.64394873,0.6817528,0.6060294,0.5842234
1168,0.51088804,0.5107057,0.6552619,0.6342344,0.66612864,0.60633546,0.5885835,0.64607716,0.6410555,0.6769988,0.6073525,0.5863507
1169,0.4862004,0.49154967,0.64176786,0.61793035,0.65757626,0.59606224,0.57914203,0.641839,0.64183486,0.67236215,0.6108895,0.5925139
1170,0.47737214,0.4878253,0.63414806,0.6102796,0.65505844,0.58933586,0.57703364,0.6401148,0.6466057,0.66800773,0.6163607,0.6024024
1171,0.4614349,0.47648302,0.6249276,0.601108,0.64766043,0.5853083,0.56830573,0.6396646,0.64591885,0.66182685,0.61918753,0.60749865
1172,0.4463221,0.46466306,0.6155345,0.59078175,0.6399088,0.58197063,0.55997914,0.6392074,0.64517057,0.6569671,0.6222993,0.6123362
1173,0.43699417,0.45795643,0.608219,0.5827099,0.63467807,0.5794668,0.55502325,0.63942933,0.64596254,0.6531843,0.6264635,0.61848855
1174,0.4432205,0.46624053,0.6070216,0.58244544,0.6365264,0.5793936,0.5585012,0.64153695,0.65163386,0.6509054,0.6330229,0.6287934
1175,0.44045416,0.46543923,0.604052,0.5800294,0.6333942,0.58105296,0.55520976,0.6441695,0.6514886,0.6469866,0.6363428,0.6335699
1176,0.4331278,0.45920545,0.5991686,0.5741126,0.62788993,0.5820331,0.54975617,0.645649,0.64956707,0.64393026,0.63856447,0.6361497
1177,0.44767755,0.47398627,0.6019266,0.5773663,0.63299006,0.5842864,0.5574049,0.6485942,0.65617955,0.6438994,0.64517045,0.6460871
1178,0.7603042,0.7605238,0.71166694,0.71263874,0.76122123,0.6104368,0.7416177,0.68187684,0.75450206,0.67477775,0.6924418,0.7498339
1179,0.8590765,0.85267466,0.76899797,0.79709476,0.7892003,0.66408324,0.7625751,0.7170522,0.7366232,0.66727537,0.68194693,0.73234266
1180,0.80004734,0.7912284,0.7587748,0.7887559,0.7572962,0.69116074,0.70298916,0.71720546,0.69690245,0.664851,0.6517538,0.67505425
1181,1.0137211,0.9648551,0.8370927,0.86059546,0.8397035,0.70408666,0.8369368,0.73844534,0.74710035,0.70617026,0.68095315,0.72674364
1182,0.8875052,0.85299504,0.8082611,0.8467275,0.78797144,0.7243028,0.7351033,0.73292303,0.6811489,0.6866845,0.6317861,0.6375596
1183,0.8248523,0.78678584,0.78510743,0.80596316,0.7651799,0.7099914,0.70764965,0.7112568,0.6705191,0.6970658,0.61626184,0.6087356
1184,0.7277779,0.6939659,0.7518186,0.7588586,0.7327906,0.6893939,0.66466576,0.6929181,0.6485834,0.6975435,0.60081095,0.578423
1185,0.6647966,0.63556594,0.7269413,0.72070616,0.715078,0.66534144,0.6453264,0.6760606,0.6433918,0.70003396,0.5975764,0.57015264
1186,0.60661656,0.5851934,0.703639,0.6889859,0.6979025,0.64358324,0.62486196,0.66293234,0.63771886,0.6964532,0.59536517,0.565851
1187,0.58793926,0.5740029,0.69304395,0.6756035,0.69649494,0.6267069,0.6252047,0.65412426,0.645628,0.6943436,0.6002742,0.5756037
1188,0.5562412,0.55078745,0.67820555,0.6602061,0.68453294,0.6138617,0.6109299,0.6467535,0.6425274,0.68514603,0.59885484,0.5762408
1189,0.55993575,0.5600056,0.6750773,0.6591759,0.687805,0.60581,0.61726665,0.6430338,0.6528156,0.68158907,0.6047018,0.58901507
1190,0.5293996,0.5348423,0.66207427,0.64687955,0.67444295,0.6011799,0.5990489,0.6416274,0.6464394,0.67290884,0.6036541,0.5876605
1191,0.53565973,0.54364747,0.65965396,0.64539814,0.67714596,0.5971997,0.60487676,0.6403241,0.65567416,0.67144984,0.6104462,0.59978056
1192,0.72533923,0.72344446,0.7267815,0.73148805,0.7594251,0.60914934,0.7226274,0.65794677,0.72079283,0.68889105,0.64124256,0.666556
1193,0.615431,0.62235725,0.6975201,0.71144015,0.7042202,0.62820965,0.63156605,0.6638449,0.6609866,0.6619359,0.60975564,0.608158
1194,0.5705966,0.57252604,0.6758664,0.6752343,0.6832623,0.62239385,0.6093786,0.6554826,0.6552527,0.668386,0.6090619,0.60102946
1195,0.54573846,0.54772115,0.6634348,0.6547901,0.6756501,0.6138477,0.6019141,0.6518866,0.6540446,0.67121345,0.6136689,0.60266197
1196,0.54507375,0.54933524,0.66077673,0.6497304,0.6784446,0.60854864,0.6064062,0.65108067,0.66022533,0.67190135,0.6203229,0.61174184
1197,0.55809474,0.5649611,0.664621,0.6551096,0.68578476,0.6080455,0.61548924,0.65322196,0.66806275,0.6709062,0.6264741,0.62227744
1198,0.5287582,0.5388017,0.65418345,0.6431249,0.67213625,0.60780704,0.59646523,0.6534348,0.65808886,0.66462654,0.6235341,0.6163862
1199,0.51065207,0.52190363,0.64469844,0.6295208,0.66385067,0.6041032,0.58764887,0.65129673,0.65608966,0.6632749,0.6251872,0.6176193
1200,0.55090255,0.56225425,0.6564274,0.6437104,0.68257844,0.604462,0.6135153,0.65424883,0.6743813,0.66696805,0.6366635,0.6374028
1201,0.61023074,0.620772,0.6797175,0.6751763,0.7076106,0.6140175,0.64503706,0.6637826,0.6911896,0.6685359,0.64589274,0.65564156
1202,0.68788755,0.6933145,0.7119492,0.7172225,0.73758316,0.6301849,0.68371284,0.67665905,0.7072951,0.67255795,0.65317565,0.6715528
1203,0.71251994,0.71404505,0.7268197,0.73862475,0.74345607,0.6468097,0.68676734,0.68539053,0.7011725,0.67213243,0.6482051,0.662749
1204,0.7585945,0.75177735,0.74689114,0.7611728,0.7597304,0.6583091,0.70863277,0.69140846,0.70647866,0.67994326,0.64862835,0.663199
1205,0.7851909,0.77213466,0.7615624,0.77895296,0.7690064,0.6684277,0.7185254,0.6962193,0.7035565,0.6847465,0.64426947,0.6547457
1206,0.8451704,0.8221227,0.7875735,0.8080425,0.7924446,0.67694706,0.7514871,0.70201224,0.7117616,0.69462246,0.6451409,0.65741014
1207,1.0754642,1.0133902,0.8747899,0.90155447,0.8769157,0.69475985,0.88831395,0.7320321,0.7521598,0.7220962,0.6700058,0.7119894
1208,1.1198001,1.0507914,0.9056617,0.95303553,0.88574594,0.72902936,0.87902915,0.7496779,0.7200317,0.7146038,0.64823836,0.67342454
1209,0.9815316,0.9248506,0.8624893,0.91688126,0.8286168,0.7363454,0.77704084,0.7287918,0.67021716,0.702537,0.59885585,0.58864826
1210,0.9256981,0.86622745,0.8402839,0.8772732,0.81080514,0.71594805,0.7598407,0.7052257,0.66580766,0.7150061,0.5876341,0.5647176
1211,0.8260441,0.7734037,0.8059487,0.8335555,0.7781318,0.6934086,0.71592724,0.68555796,0.6449669,0.71392727,0.5706552,0.5318173
1212,0.738407,0.69194233,0.7721678,0.7866596,0.7494352,0.6666193,0.6825177,0.66571903,0.6342232,0.7140092,0.5628959,0.51614666
1213,0.65245706,0.6140027,0.7375808,0.7399682,0.7203562,0.64007556,0.64831567,0.6493251,0.6243325,0.71025026,0.55919546,0.5081883
1214,0.5902102,0.560462,0.7093491,0.702313,0.70049393,0.61607665,0.6262242,0.63645315,0.6232561,0.70602345,0.5621145,0.5127076
1215,0.54885703,0.52878165,0.6882436,0.6766946,0.68844515,0.5972282,0.6125163,0.6280503,0.62720996,0.6998074,0.5680084,0.52401215
1216,0.51752734,0.5068259,0.67095953,0.65795374,0.67860395,0.58389074,0.60042,0.62329787,0.63140064,0.6917537,0.574136,0.5365062
1217,0.4929388,0.49027395,0.6561018,0.6427172,0.669752,0.5748906,0.58947355,0.62101907,0.6353373,0.68367,0.5805907,0.5490986
1218,0.47285143,0.47677958,0.6429543,0.6293457,0.66141254,0.5690144,0.5794464,0.62046915,0.6385812,0.6761858,0.5872742,0.5611281
1219,0.45007992,0.45933867,0.62908775,0.6142616,0.65068096,0.56493056,0.5667599,0.6208312,0.6388287,0.66893303,0.5931414,0.5705422
1220,0.4353748,0.4489507,0.6179783,0.601861,0.6432781,0.5619887,0.55896586,0.62178636,0.6412761,0.6634796,0.6003345,0.5816517
1221,0.43324146,0.45062447,0.6120778,0.5961097,0.6413617,0.56127286,0.55795187,0.6242456,0.6467198,0.6591234,0.60879976,0.5950402
1222,0.43244892,0.45305756,0.607914,0.59244597,0.63914895,0.56291246,0.55628633,0.62785655,0.650049,0.65440536,0.6159223,0.6060686
1223,0.42392302,0.44685906,0.6015838,0.5850866,0.63270354,0.56503844,0.5496626,0.63108927,0.64899284,0.64967954,0.6207529,0.612572
1224,0.43020454,0.45446894,0.6004239,0.5834404,0.63355595,0.56774664,0.5524581,0.6347838,0.65375113,0.6478611,0.6282969,0.6235785
1225,0.46155834,0.4864818,0.6097536,0.5954054,0.6459756,0.57429016,0.56874734,0.64155906,0.66595906,0.64798886,0.63896996,0.6407609
1226,0.75795954,0.7589503,0.7159248,0.72618914,0.7675417,0.60228276,0.7439733,0.6750727,0.7565642,0.67593426,0.68249583,0.73872477
1227,0.7077408,0.7165453,0.7170832,0.7455048,0.734207,0.64575005,0.67518955,0.6925684,0.69930357,0.6525983,0.650944,0.6777208
1228,0.63536865,0.63814545,0.6922997,0.70605546,0.6983545,0.6521572,0.627022,0.68465704,0.6730491,0.656975,0.63412106,0.6430164
1229,0.6488184,0.64513576,0.6946476,0.69698596,0.7057315,0.6473228,0.64291054,0.67993665,0.68080103,0.6704375,0.64005065,0.64633393
1230,0.6214777,0.61919534,0.6878794,0.6852372,0.69693476,0.6449253,0.62945026,0.67779505,0.6698755,0.67022043,0.63524973,0.6344677
1231,0.56928205,0.56930774,0.6695265,0.658106,0.6764952,0.63703835,0.6032339,0.6705774,0.65514153,0.66811746,0.62779075,0.61997974
1232,0.53384423,0.5361972,0.6545913,0.63478065,0.66464305,0.62582713,0.59018,0.6633392,0.65031236,0.66848576,0.6270008,0.61667335
1233,0.51897377,0.524899,0.6467863,0.62305105,0.66174346,0.61642444,0.5878914,0.65884167,0.65220016,0.66786623,0.6298784,0.6207839
1234,0.6907749,0.68916297,0.70686024,0.69794923,0.73886526,0.6237405,0.6953515,0.6726672,0.7148852,0.68572855,0.66009516,0.68231946
1235,0.6233379,0.63094014,0.69390357,0.6950782,0.70532125,0.6397258,0.6361922,0.67882615,0.6724348,0.66414136,0.635749,0.64056534
1236,0.5987984,0.60308886,0.68289685,0.6760436,0.69352853,0.6379495,0.62291986,0.673143,0.6685194,0.66858464,0.63291335,0.63331574
1237,0.60676396,0.60943896,0.6846101,0.6750404,0.6993283,0.634932,0.6318195,0.6722192,0.67430127,0.67356116,0.6376056,0.6380792
1238,0.5995281,0.6032847,0.6829987,0.6730413,0.69767,0.63397765,0.62835723,0.672184,0.67196727,0.6727067,0.63704735,0.635832
1239,0.6365934,0.6386845,0.696457,0.6889471,0.7149785,0.63549036,0.6518188,0.6748164,0.68563634,0.677345,0.643839,0.64812475
1240,0.5981038,0.6031368,0.68484443,0.6772376,0.6964875,0.6361238,0.62483245,0.67283887,0.6676851,0.6697461,0.6334196,0.6303895
1241,0.592506,0.5964314,0.6812138,0.67000747,0.6953337,0.6327765,0.62473494,0.67020226,0.6701976,0.6729223,0.635229,0.63205516
1242,0.5686973,0.5741019,0.67237616,0.65857095,0.6864127,0.6289126,0.6126988,0.66805625,0.66411966,0.6710964,0.6332725,0.6272837
1243,0.5910152,0.596028,0.67878175,0.66546583,0.6981522,0.6268121,0.6292729,0.6684738,0.67609817,0.67484534,0.6402372,0.6391451
1244,0.56544334,0.57323426,0.6707389,0.657477,0.6869416,0.6262312,0.6126817,0.668137,0.66610855,0.66938096,0.6356017,0.63113964
1245,0.6059513,0.61177784,0.6835298,0.6722375,0.70556194,0.62675685,0.6389557,0.6701945,0.6835018,0.6750763,0.64478683,0.64769137
1246,0.5829652,0.59110576,0.67769927,0.6679711,0.69475526,0.6295108,0.62158185,0.67171717,0.6717345,0.6691629,0.6390141,0.6374891
1247,0.57140434,0.5790104,0.67229784,0.65977913,0.68969434,0.62794167,0.6158293,0.66998154,0.6702766,0.6699577,0.63888174,0.63625056
1248,0.5792899,0.5865578,0.6740229,0.6611058,0.6939839,0.6266907,0.62221533,0.67017853,0.67505354,0.6717292,0.6423817,0.6414682
1249,0.6522747,0.6558677,0.70055914,0.69419575,0.7258584,0.6320657,0.66580546,0.6771919,0.6987467,0.6786256,0.65403825,0.66425294
1250,0.7209212,0.72009265,0.73035675,0.7346026,0.7520596,0.64595914,0.6990567,0.6884217,0.7094832,0.68073076,0.6572853,0.67380476
1251,0.7885659,0.77953774,0.7605307,0.77383006,0.77590716,0.662334,0.7296369,0.69921863,0.7159397,0.6855228,0.6571438,0.6766215
1252,0.8684321,0.8469059,0.795471,0.8167582,0.8039225,0.67888296,0.7676802,0.71039736,0.72250605,0.6939898,0.65667784,0.6783905
1253,0.892974,0.86420155,0.81158245,0.83973306,0.80987334,0.69327134,0.76987195,0.71530545,0.7109353,0.6964759,0.6447137,0.65768
1254,0.9073047,0.87121475,0.82131743,0.8508445,0.813762,0.69922733,0.77281827,0.71397835,0.70377547,0.7022794,0.63432324,0.6394847
1255,0.9004007,0.8612287,0.8219399,0.8516604,0.80948776,0.69873416,0.76584756,0.7071414,0.6928093,0.70463693,0.62099195,0.6169308
1256,0.79095215,0.75778604,0.7842034,0.8088839,0.7639485,0.68849015,0.6998019,0.6892173,0.6569846,0.69633424,0.5926489,0.5685841
1257,0.71553504,0.68344885,0.7536814,0.76339936,0.7375063,0.66685236,0.6699809,0.67099726,0.6468546,0.70027727,0.5851207,0.55281246
1258,0.8860834,0.8411333,0.8109827,0.8249189,0.81571406,0.65623045,0.7951416,0.6750641,0.7116699,0.72591484,0.6177925,0.6196431
1259,1.0661124,1.0019424,0.88476485,0.9191005,0.88293034,0.6761498,0.89270663,0.70527935,0.7326913,0.728933,0.6316101,0.65941983
1260,0.96089,0.9131822,0.8581211,0.91585773,0.8346694,0.69970137,0.79258025,0.7023152,0.67461056,0.70202535,0.5856808,0.579086
1261,0.84570616,0.799394,0.8148751,0.85973865,0.7875619,0.68774354,0.7275233,0.6801793,0.6494899,0.70326656,0.56190926,0.53400797
1262,0.7431845,0.6984321,0.77456695,0.8014325,0.7506859,0.6632357,0.68445885,0.66080105,0.6338692,0.7077748,0.5535663,0.511188
1263,0.6600451,0.6202848,0.73996735,0.7512239,0.72282106,0.63682234,0.6535782,0.64501256,0.62588537,0.7087631,0.5533077,0.5043965
1264,0.60083395,0.5691297,0.71309257,0.7139263,0.70464694,0.61355495,0.6334968,0.6332758,0.62544596,0.70602363,0.5577913,0.5094134
1265,0.5548305,0.5326903,0.69081855,0.68575394,0.6903663,0.59530574,0.6163883,0.62541187,0.6270404,0.6995663,0.56318355,0.5187359
1266,0.5090744,0.49612793,0.6683153,0.6586134,0.6737266,0.5811257,0.59547424,0.62013555,0.62612885,0.69076306,0.5678651,0.5273144
1267,0.476333,0.47149402,0.64958435,0.636523,0.6616803,0.5699892,0.5809504,0.6166998,0.62896997,0.6832579,0.57494944,0.53979504
1268,0.4563049,0.45890993,0.63566345,0.6214191,0.6542664,0.56242996,0.572158,0.61561424,0.6340377,0.6761091,0.58322734,0.55434316
1269,0.4498245,0.45888272,0.6273369,0.61397415,0.65174425,0.5588907,0.569505,0.6168394,0.6412995,0.66966325,0.5923383,0.57044345
1270,0.43350604,0.44773763,0.61662877,0.602975,0.64290005,0.5578894,0.55889475,0.6191378,0.64138776,0.66196585,0.5982923,0.5799578
1271,0.42320344,0.44103363,0.60773444,0.59287584,0.6364896,0.55749774,0.5524334,0.62137693,0.6434093,0.6568461,0.60539377,0.5905674
1272,0.41776785,0.4386279,0.6011745,0.585379,0.6321085,0.5580886,0.5486238,0.62423986,0.64571834,0.65242827,0.61256635,0.6010203
1273,0.44445938,0.4674302,0.60692185,0.5936401,0.6426347,0.5622906,0.5631562,0.62973005,0.6589542,0.65133685,0.6243626,0.6204292
1274,0.73402435,0.7374697,0.70942944,0.72267526,0.76267886,0.58778864,0.7361718,0.66002315,0.7510905,0.67649317,0.6672075,0.71963197
1275,0.6754652,0.68688613,0.7065944,0.7370785,0.72571135,0.6303994,0.6630186,0.6786317,0.6928363,0.6513617,0.6375187,0.6603868
1276,0.6598956,0.6623725,0.70131624,0.720336,0.71461654,0.6406542,0.6493484,0.6772172,0.6861128,0.66145647,0.6337092,0.6469726
1277,0.65725577,0.6546725,0.70172757,0.7129316,0.7146766,0.64311093,0.65028495,0.6776492,0.68367493,0.66986465,0.6351607,0.64178395
1278,0.7358997,0.7255688,0.7324755,0.74447364,0.7501542,0.64891547,0.7006496,0.6848936,0.7066288,0.683408,0.64751685,0.66220665
1279,0.834304,0.8143036,0.7756333,0.7966569,0.78970575,0.66457933,0.7539896,0.6994878,0.72187316,0.6919625,0.6535207,0.67618805
1280,0.716352,0.70342654,0.7419431,0.7640799,0.7373775,0.67354566,0.6684242,0.69356465,0.6699296,0.67648304,0.61948925,0.6155912
1281,0.71232903,0.6933866,0.73720866,0.746182,0.7393731,0.6633483,0.67725635,0.6837527,0.6794388,0.6906449,0.62345195,0.61809516
1282,0.8248961,0.7967317,0.77901405,0.792403,0.7898464,0.66272414,0.7533913,0.6903317,0.7132816,0.70605683,0.6399063,0.650459
1283,0.7077135,0.690598,0.74547017,0.7632285,0.7393324,0.666605,0.6701849,0.6851405,0.66220415,0.68525594,0.6074756,0.59456074
1284,0.6486966,0.63066,0.7198829,0.7226151,0.7167752,0.6516763,0.64520574,0.6707663,0.6557593,0.69021255,0.60342264,0.5844161
1285,0.6012924,0.5868023,0.6996463,0.6930032,0.70171624,0.63546294,0.6280756,0.66134286,0.65057373,0.6902985,0.60353017,0.58098507
1286,0.6288543,0.6174394,0.70603937,0.6998337,0.719405,0.6253787,0.65438056,0.6581654,0.67091393,0.6944678,0.6149408,0.60181653
1287,0.57412034,0.57023346,0.6872144,0.6806056,0.6961659,0.62006193,0.6205376,0.6554134,0.65290344,0.6820567,0.6066436,0.5884808
1288,0.5314614,0.5308179,0.6674279,0.6540889,0.6783732,0.6103224,0.59977865,0.6491102,0.64739853,0.6786537,0.6064484,0.5870914
1289,0.5102707,0.5134117,0.65484685,0.6376247,0.67122465,0.6008737,0.5926681,0.64519715,0.64943224,0.6764558,0.6112876,0.5939644
1290,0.4884197,0.49619502,0.6430266,0.6237945,0.66268164,0.5939744,0.5826898,0.64317787,0.6487411,0.6714845,0.61461335,0.59910274
1291,0.46643522,0.4783821,0.6308527,0.6094426,0.65281713,0.5882215,0.5715961,0.6413808,0.64707804,0.6662139,0.6174223,0.6035032
1292,0.4540663,0.46953842,0.62195796,0.59919804,0.6470731,0.5838587,0.5659137,0.6406727,0.6485478,0.66219515,0.62203383,0.6107537
1293,0.45474645,0.47331357,0.61822593,0.5959433,0.6466363,0.58200425,0.5667003,0.6416754,0.65319264,0.65877795,0.6280211,0.6206415
1294,0.44344422,0.4648427,0.6114584,0.5888668,0.6397682,0.58172524,0.5589648,0.6431039,0.65110165,0.6536464,0.6305536,0.6243093
1295,0.45423657,0.47693175,0.6120624,0.59017193,0.6432735,0.58293575,0.5647273,0.64568144,0.6578706,0.65243316,0.6375458,0.6353463
1296,0.4879083,0.51109225,0.6227725,0.6047669,0.65686905,0.58889,0.5820128,0.6520244,0.6702895,0.65253186,0.6469956,0.6511906
1297,0.6088845,0.6262216,0.6675356,0.661376,0.7074676,0.6059026,0.6484755,0.6684568,0.70808935,0.661467,0.6673502,0.6903895
1298,0.6945088,0.7055945,0.70688206,0.713767,0.7376423,0.63307905,0.6842978,0.68808836,0.7175329,0.66326135,0.67178535,0.7005812
1299,0.7541635,0.75577474,0.7360179,0.7500169,0.7560503,0.6575569,0.7052658,0.7016531,0.7178595,0.66891897,0.6696348,0.6967447
1300,0.7749911,0.7685966,0.75004554,0.76620716,0.7603261,0.67412895,0.70691663,0.70754683,0.7089124,0.6745308,0.66139555,0.68024063
1301,0.7646506,0.75282794,0.7509786,0.7646672,0.7546785,0.6808061,0.6963601,0.7062319,0.6967291,0.6797083,0.65071625,0.6592578
1302,0.7409302,0.72605383,0.74522245,0.75368047,0.7459867,0.67907614,0.6838694,0.70049125,0.6862377,0.68432385,0.6412688,0.6410354
1303,0.706248,0.6911026,0.7342671,0.7366527,0.73414975,0.6718898,0.6682163,0.69239134,0.67598134,0.6866105,0.63269347,0.62521464
1304,0.69464236,0.6795174,0.7305688,0.7287085,0.7336012,0.6634105,0.66878927,0.68618166,0.6764536,0.6905404,0.6309343,0.6219141
1305,0.67864543,0.66570693,0.7259094,0.72264045,0.73049206,0.6563402,0.6643031,0.68135214,0.6738827,0.6902953,0.6276216,0.6171517
1306,0.6925699,0.6805412,0.73038423,0.7281668,0.7378871,0.6505449,0.6766322,0.67727745,0.68036056,0.6916061,0.6280339,0.62098926
1307,0.68752533,0.6782004,0.7287147,0.72902495,0.7342017,0.64685476,0.6726781,0.6726776,0.67573076,0.6870942,0.6218114,0.61405545
1308,0.6356616,0.6293485,0.7099883,0.70754987,0.71167296,0.6411246,0.6417489,0.66613454,0.65912974,0.680879,0.61142,0.59677106
1309,0.5848213,0.58014005,0.6886421,0.67856336,0.6916566,0.6299606,0.6176269,0.6580381,0.64972967,0.6793182,0.6076729,0.588725
1310,0.5416496,0.5399369,0.66913635,0.65211225,0.67601323,0.61715776,0.5996819,0.65109,0.6444694,0.67741627,0.6078197,0.5871441
1311,0.51732695,0.51970375,0.6559834,0.6351576,0.6685617,0.6060315,0.592024,0.6462957,0.64580077,0.67516005,0.6115471,0.5928213
1312,0.5010456,0.50817144,0.64633095,0.6244519,0.66339636,0.5981994,0.5863907,0.64380246,0.64777124,0.6710084,0.6153299,0.5996583
1313,0.4783889,0.4899586,0.63467354,0.61159104,0.65376943,0.59230244,0.5749761,0.6420085,0.6455771,0.6652845,0.61712116,0.60302156
1314,0.460531,0.47557178,0.62413347,0.59952563,0.6457968,0.58718866,0.5663602,0.6406094,0.6451298,0.6609345,0.6202342,0.60801864
1315,0.448335,0.46647397,0.6157201,0.5901985,0.6400071,0.5833004,0.5605429,0.64015496,0.64581835,0.6569845,0.62415034,0.6141132
1316,0.4524331,0.47309566,0.6135417,0.58896154,0.64133215,0.5820321,0.5633779,0.6415989,0.6515199,0.6544285,0.63047916,0.6244689
1317,0.45049983,0.47349656,0.6105838,0.5869553,0.63887256,0.58295006,0.56088877,0.64391947,0.6523537,0.6503762,0.63409996,0.63017607
1318,0.44095516,0.46541488,0.60491794,0.58047533,0.63258713,0.5836176,0.5541704,0.64535534,0.65002245,0.6468259,0.63607985,0.63254404
1319,0.43763453,0.4628881,0.6010809,0.57550275,0.62954867,0.5838405,0.5519457,0.6466215,0.6504649,0.64503825,0.6395828,0.6371156
1320,0.43774235,0.4638503,0.59901685,0.5728419,0.62818134,0.584716,0.5514469,0.6484293,0.6514521,0.64328986,0.6432004,0.64201546
1321,0.44689822,0.4735716,0.60059816,0.5747835,0.630748,0.5869577,0.5555999,0.65106064,0.65508443,0.6422482,0.6477781,0.64889294
1322,0.44449303,0.47217456,0.5976403,0.5715141,0.6254232,0.5875406,0.5515281,0.65061724,0.6511806,0.6378761,0.64685756,0.6477738
1323,0.4391022,0.4669792,0.59435654,0.5666894,0.6208028,0.5885011,0.5473468,0.65110993,0.64828116,0.6360017,0.64721113,0.64764404
1324,0.4362421,0.4641925,0.5918012,0.56250453,0.6179341,0.58870894,0.54538786,0.65137684,0.6468852,0.6349393,0.6483709,0.64873713
1325,0.5425744,0.5660854,0.62894785,0.6078558,0.6649433,0.59999174,0.6051826,0.66319376,0.68578506,0.6455108,0.6701272,0.6871084
1326,0.53039724,0.55639285,0.63146,0.6152665,0.6545723,0.6140622,0.5867398,0.6698816,0.6682244,0.6365291,0.6601559,0.6709168
1327,0.5450763,0.5671755,0.6365402,0.6184837,0.6569119,0.61951345,0.59186786,0.66993797,0.6693804,0.6400913,0.65921056,0.6693764
1328,0.51388514,0.53490627,0.62775934,0.6054782,0.64267975,0.6214204,0.57284456,0.66914064,0.65486306,0.63944286,0.6518096,0.6549858
1329,0.4996863,0.5190867,0.6213397,0.5935599,0.63672435,0.617326,0.5677892,0.66505754,0.651057,0.6420915,0.6498875,0.6505127
1330,0.494823,0.5146617,0.61736625,0.5870962,0.6334422,0.61153275,0.56688863,0.6598576,0.6485735,0.64118934,0.64754105,0.64742535
1331,0.4777709,0.49903327,0.61135566,0.5788943,0.6268973,0.60825336,0.55884176,0.6576842,0.64321643,0.63954055,0.6448619,0.64311457
1332,0.46570945,0.48802936,0.60590523,0.57123244,0.6224779,0.604073,0.5542934,0.6550405,0.64101994,0.63887435,0.6440109,0.64182824
1333,0.46465304,0.48812523,0.6042877,0.569096,0.622962,0.60112745,0.5555014,0.6538407,0.6428027,0.6385657,0.6455184,0.6444744
1334,0.46366933,0.48861015,0.60264975,0.5679664,0.6218635,0.5987859,0.5550678,0.652307,0.6426533,0.6363239,0.6452622,0.6450248
1335,0.46457407,0.4904208,0.60250515,0.5684268,0.62226665,0.5985632,0.55552566,0.652651,0.6437083,0.63534427,0.6462817,0.64695114
1336,0.4690284,0.49528748,0.6039219,0.5706478,0.62432915,0.5995192,0.5577704,0.6539195,0.6459328,0.63518906,0.6481421,0.6499149
1337,0.46045008,0.48725876,0.6008566,0.56723636,0.62004775,0.59956104,0.5523713,0.6539352,0.64253443,0.63357097,0.64684445,0.64758915
1338,0.45266268,0.47953802,0.597201,0.5623311,0.6164204,0.5981924,0.54856455,0.6530774,0.6405396,0.63309973,0.6464836,0.646519
1339,0.4515348,0.47858712,0.59585816,0.5604189,0.61617684,0.5970733,0.5487536,0.6529107,0.6413174,0.63316095,0.6478286,0.6482114
1340,0.45930594,0.4866207,0.5981527,0.5634666,0.61986065,0.5976583,0.55324537,0.6541357,0.64493793,0.63347846,0.6505832,0.65252364
1341,0.45014772,0.47823396,0.59503794,0.56009793,0.6151614,0.5977148,0.5473471,0.6541018,0.6409125,0.6313558,0.6488349,0.64967036
1342,0.44563618,0.4736943,0.5925619,0.5565956,0.6129629,0.59671897,0.54532015,0.65349984,0.6400777,0.63119566,0.6490238,0.6496205
1343,0.44836524,0.47655335,0.5926726,0.5566594,0.614082,0.5961793,0.54720145,0.6535739,0.6416677,0.6311862,0.65055025,0.6518709
1344,0.53315085,0.5582255,0.6229794,0.59446377,0.65186447,0.605474,0.5940943,0.66302615,0.6728075,0.6394219,0.6673632,0.6813398
1345,0.5740578,0.5985749,0.64334106,0.6234224,0.66584855,0.6205654,0.60806686,0.6724827,0.67654043,0.63756746,0.6673626,0.68362516
1346,0.65607667,0.6732215,0.6770204,0.664601,0.6965559,0.6376073,0.6477505,0.6831173,0.6945832,0.6457646,0.6734984,0.69702756
1347,0.6568965,0.6713631,0.6841915,0.67603016,0.6923323,0.65148175,0.63709456,0.68675756,0.68017423,0.644612,0.66127515,0.6766827
1348,0.6569863,0.6662883,0.686889,0.6762804,0.6902907,0.65564966,0.6343417,0.6843127,0.67409414,0.6499713,0.6534368,0.6632783
1349,0.65308315,0.6590073,0.6879534,0.67478865,0.6890128,0.65561926,0.6326202,0.6810491,0.6689023,0.6545666,0.6470163,0.6520722
1350,0.67205346,0.6747712,0.69706,0.6836244,0.6986022,0.65547246,0.6457162,0.67965424,0.67299026,0.66075224,0.645603,0.650486
1351,0.66011345,0.662632,0.6963258,0.683207,0.69501054,0.65487254,0.63857347,0.67699033,0.6653008,0.6610615,0.63760644,0.63808435
1352,0.63971335,0.6420343,0.69004345,0.6746403,0.6875472,0.6497701,0.62883437,0.67074025,0.6581339,0.6616095,0.62991506,0.626405
1353,0.63903874,0.6409951,0.68975925,0.6733631,0.6892259,0.64400816,0.63237953,0.66579187,0.65954,0.6641029,0.6276532,0.6239111
1354,0.6584343,0.66032696,0.6969348,0.68341,0.69804996,0.6408128,0.64555794,0.6629531,0.66528755,0.6656313,0.6268878,0.6257321
1355,0.65005213,0.65319395,0.69535047,0.6845238,0.693982,0.6391211,0.63907874,0.65978515,0.65917695,0.66255563,0.619846,0.6163822
1356,0.609411,0.61338013,0.6813131,0.66785705,0.6776606,0.63407105,0.61633354,0.65452445,0.64633155,0.6597905,0.6112733,0.6018832
1357,0.5848541,0.588957,0.6708868,0.6531,0.6702134,0.62584424,0.6077502,0.6493158,0.64408875,0.66137534,0.610329,0.5990274
1358,0.5424403,0.5487331,0.65418357,0.6319087,0.6547927,0.6161537,0.58809245,0.64398474,0.6349289,0.65856075,0.60676926,0.59192675
1359,0.50959074,0.5183603,0.6388778,0.6119917,0.6430634,0.6049554,0.57507783,0.6379919,0.63109255,0.6564967,0.60649186,0.5908108
1360,0.49654886,0.5085948,0.63043517,0.6021523,0.63981336,0.59593034,0.57255447,0.6342705,0.63395196,0.6545181,0.6098684,0.5965114
1361,0.47944868,0.49522352,0.6216839,0.5932445,0.63367885,0.58977634,0.5651337,0.6324826,0.633103,0.6500943,0.6114826,0.5994959
1362,0.4605,0.47925186,0.6118798,0.5825551,0.6257967,0.584397,0.556076,0.6307975,0.6311785,0.6458703,0.61286205,0.60168356
1363,0.44935617,0.47054514,0.6045009,0.5746539,0.6211302,0.5799058,0.55144763,0.629799,0.63193613,0.64275575,0.61595964,0.60638523
1364,0.4520252,0.47540846,0.6023232,0.5737031,0.62207586,0.5777157,0.5536954,0.63030124,0.63657486,0.6402978,0.6208339,0.61438763
1365,0.45254654,0.477847,0.6006648,0.57355833,0.6213688,0.577975,0.5531373,0.6321006,0.6383957,0.6370489,0.6241749,0.6197215
1366,0.45345348,0.4797621,0.5995637,0.57326543,0.6207724,0.5793865,0.5526899,0.6343635,0.639991,0.63496673,0.6275114,0.6245265
1367,0.44996428,0.47685027,0.59708124,0.57062954,0.6180541,0.5806154,0.54979855,0.6361732,0.6393503,0.6330162,0.6296741,0.62703055
1368,0.44114274,0.46838784,0.592476,0.56470704,0.6129324,0.58064157,0.54443055,0.63688976,0.6367012,0.6311067,0.6307008,0.62750006
1369,0.4363293,0.46387297,0.58881986,0.5596725,0.60974205,0.5798128,0.5419373,0.63702697,0.6358366,0.62981737,0.63247555,0.6293904
1370,0.4460591,0.47391343,0.59090894,0.56207013,0.61364824,0.58090633,0.5474658,0.6389588,0.64047086,0.6298517,0.6370455,0.6361942
1371,0.44166067,0.4702878,0.5892405,0.56016606,0.61070555,0.5826233,0.54382646,0.64072096,0.63815147,0.62767047,0.6376261,0.6365357
1372,0.439491,0.46814695,0.58761716,0.55746406,0.6089208,0.5834088,0.5423627,0.6416094,0.63761216,0.62705904,0.6390181,0.6380589
1373,0.4671374,0.495453,0.5951806,0.5670438,0.6185507,0.5848763,0.5565154,0.6423211,0.64626724,0.6272797,0.6436809,0.64681435
1374,0.5082685,0.5358055,0.6117968,0.5883911,0.63551295,0.5941201,0.5763403,0.6495,0.65819985,0.62921625,0.65048313,0.6588834
1375,0.48400518,0.51182234,0.60607904,0.5820471,0.6218336,0.5994895,0.55750203,0.6507213,0.64328164,0.62460274,0.6421827,0.64496785
1376,0.4715276,0.4971395,0.6011237,0.57261604,0.61614096,0.5990806,0.551741,0.6494272,0.63948196,0.6272479,0.64098155,0.64129674
1377,0.4660593,0.49094802,0.59864104,0.5673727,0.6146498,0.59736043,0.55072945,0.64864016,0.6384836,0.62896025,0.64164704,0.6409837
1378,0.46935317,0.4944093,0.59952354,0.56746566,0.6168922,0.5966519,0.5538045,0.6487116,0.64049214,0.6298733,0.6433621,0.6434756
1379,0.45870858,0.4846427,0.59615266,0.5629535,0.61254936,0.5958956,0.54815495,0.6483325,0.6365988,0.6285239,0.64172566,0.6407221
1380,0.50477904,0.5294025,0.6124121,0.5824186,0.63430005,0.6002605,0.57495224,0.65311146,0.6554609,0.6343619,0.6522745,0.6585131
1381,0.66650015,0.681762,0.67500645,0.66025645,0.70339876,0.622385,0.6645255,0.67495966,0.70621496,0.6501618,0.6775038,0.7078119
1382,0.6001775,0.6198743,0.663772,0.65536135,0.6707713,0.6420581,0.6076841,0.6807455,0.66428137,0.6366183,0.65176684,0.6631578
1383,0.6206367,0.63231146,0.67101,0.65628564,0.67994046,0.6451442,0.6217003,0.67977417,0.67341095,0.649944,0.6548081,0.6658068
1384,0.58436435,0.5954039,0.6615534,0.6428515,0.66620374,0.6444657,0.60132277,0.6773403,0.657708,0.65010333,0.645636,0.64781356
1385,0.55911154,0.5691135,0.6525574,0.6275752,0.65824157,0.6381538,0.5919362,0.6718827,0.6523412,0.65345365,0.64201015,0.6402426
1386,0.5332415,0.5443613,0.64300984,0.6134414,0.6504129,0.63022196,0.5824657,0.66667867,0.64711213,0.6540529,0.63908744,0.634574
1387,0.5063903,0.5197112,0.63225204,0.598966,0.64151794,0.6214118,0.5720494,0.66115814,0.64205766,0.652755,0.63634497,0.6300878
1388,0.4888312,0.50465065,0.62388766,0.5883895,0.63612366,0.6130148,0.5664626,0.65637565,0.64067763,0.6512157,0.6358141,0.6296577
1389,0.486622,0.50491446,0.6212348,0.58608615,0.6372228,0.6076336,0.56829965,0.65433466,0.64440274,0.65010595,0.6383237,0.6344069
1390,0.5256807,0.54491013,0.63442105,0.60457146,0.65605617,0.609177,0.59163034,0.65802675,0.6614795,0.6523424,0.6475993,0.6512694
1391,0.5246758,0.5458866,0.63637483,0.6105898,0.6547947,0.6136398,0.5871952,0.6614342,0.65835446,0.6480526,0.64582765,0.6491147
1392,0.5318336,0.5523222,0.6382934,0.6137931,0.6560675,0.615235,0.58951515,0.6615122,0.6599838,0.6479154,0.64592,0.64981943
1393,0.67941976,0.68979937,0.69187224,0.67955077,0.71832407,0.6289019,0.6750982,0.67650187,0.7075328,0.66397333,0.66899616,0.6947673
1394,0.65983003,0.6726097,0.6944027,0.6922469,0.7041431,0.6468026,0.6460188,0.68312675,0.68070817,0.65270895,0.65097976,0.6645151
1395,0.6590345,0.6662015,0.69555074,0.69024557,0.70153356,0.6515247,0.6426256,0.68124545,0.67705965,0.658519,0.645607,0.65429753
1396,0.65299094,0.656892,0.6952356,0.687336,0.6995697,0.6517964,0.63968825,0.67924565,0.6723009,0.66267276,0.6413153,0.6449726
1397,0.6647959,0.6659754,0.70101374,0.69228154,0.70606554,0.65115976,0.6486415,0.67798907,0.67503756,0.66764224,0.6406115,0.6433874
1398,0.72504693,0.7214737,0.72506684,0.72107613,0.73197675,0.6547858,0.6849416,0.6815814,0.6907511,0.675261,0.64546347,0.6545511
1399,0.74161047,0.73651016,0.7367554,0.7391702,0.7380854,0.6621914,0.68876404,0.6847887,0.6858605,0.674728,0.6384482,0.64464664
1400,0.7242609,0.7176433,0.7339992,0.7369179,0.7306127,0.6641463,0.67541844,0.6819531,0.675078,0.6748413,0.62814045,0.62746435
1401,0.6952838,0.6875833,0.72445184,0.7238057,0.7195495,0.65916175,0.66039526,0.6751483,0.66561484,0.67607725,0.61968124,0.6125669
1402,0.6766031,0.66876066,0.71695405,0.7127673,0.7134332,0.65082926,0.654213,0.6676659,0.6620045,0.6776425,0.6151721,0.60502756
1403,0.69882184,0.69030565,0.72470707,0.721749,0.72543734,0.6457893,0.6724575,0.66506076,0.6718882,0.6817301,0.6179964,0.61171186
1404,0.6714009,0.6655275,0.717229,0.71591747,0.715427,0.6433119,0.6556254,0.6626581,0.6612929,0.6770554,0.6103221,0.599488
1405,0.6258128,0.62141746,0.6999311,0.6940746,0.6974063,0.63557166,0.6317469,0.6559267,0.6501703,0.6744406,0.603596,0.58760667
1406,0.59697056,0.59394133,0.68706435,0.6762236,0.6884299,0.6255929,0.6215372,0.6501819,0.64851516,0.6749694,0.6039516,0.5867493
1407,0.55439204,0.55463314,0.6694372,0.6539206,0.6728522,0.61528,0.6018428,0.6449508,0.64100903,0.67129916,0.60215724,0.58259314
1408,0.5168585,0.5205759,0.65188044,0.63123906,0.6587063,0.60399026,0.5856084,0.63922817,0.6366244,0.66785556,0.60254675,0.58252907
1409,0.502174,0.5097725,0.64215463,0.6194998,0.6547869,0.59491694,0.58230776,0.6359222,0.6404686,0.66555727,0.6074517,0.5906308
1410,0.48242518,0.49441025,0.6318128,0.6084489,0.64725643,0.5887683,0.573183,0.6345186,0.63961965,0.6603469,0.6100274,0.59510535
1411,0.46194148,0.4774703,0.62070227,0.5958974,0.6383004,0.58346313,0.56301427,0.6331181,0.6379959,0.6554993,0.61242825,0.5989328
1412,0.45599586,0.47444266,0.6144145,0.5893504,0.6355556,0.5796053,0.56109595,0.63275903,0.6412874,0.6523121,0.617427,0.6070359
1413,0.45331514,0.47449723,0.61034817,0.5860499,0.6336312,0.57822984,0.55956167,0.6339802,0.64372814,0.6485535,0.62192917,0.6143094
1414,0.44091484,0.464281,0.60327685,0.57843995,0.62647057,0.57738584,0.5516548,0.6348604,0.64117306,0.64403546,0.62385905,0.61684537
1415,0.4350357,0.45973635,0.59809,0.57227296,0.6225192,0.5764633,0.54833007,0.6356616,0.6415678,0.6415221,0.6274436,0.6217308
1416,0.44323495,0.46902293,0.59861594,0.5734068,0.6253379,0.57756996,0.5527791,0.6382459,0.6466636,0.6403617,0.6333951,0.6306798
1417,0.438971,0.4660209,0.5959707,0.57070076,0.6217685,0.57957155,0.5487848,0.6407167,0.64501476,0.6372093,0.63548267,0.6332288
1418,0.4338556,0.4613988,0.5923394,0.56577677,0.61766106,0.58041346,0.54506993,0.641852,0.6434586,0.63522214,0.6373359,0.6352577
1419,0.44295874,0.47061986,0.59397036,0.5672643,0.6207541,0.5823083,0.5498571,0.64427274,0.6475872,0.63520217,0.64220244,0.6422476
1420,0.4623228,0.4900244,0.6006238,0.5754966,0.6284391,0.5870764,0.5592801,0.6487724,0.654147,0.63552856,0.6479452,0.6511565
1421,0.49722877,0.52400726,0.6139688,0.59213454,0.6423545,0.5953012,0.57608604,0.65531796,0.6644499,0.63717186,0.65483314,0.6626948
1422,0.49022242,0.5169534,0.6136824,0.5920271,0.63632053,0.60193974,0.5674026,0.6583812,0.65658736,0.63425076,0.6513146,0.656372
1423,0.5733693,0.59420645,0.6442446,0.62701553,0.672708,0.61347663,0.6142117,0.66865337,0.685385,0.6457153,0.6673729,0.6836421
1424,0.55565906,0.577127,0.64473164,0.62981206,0.6629195,0.6255677,0.5957761,0.6746338,0.6690137,0.6411502,0.65853393,0.66761965
1425,0.5390871,0.55757916,0.6398338,0.61980677,0.6550636,0.62764895,0.5860279,0.6732576,0.66229624,0.6445269,0.6544533,0.659186
1426,0.5266579,0.5435742,0.6355672,0.6109892,0.65084946,0.6256738,0.5814644,0.6712421,0.6585144,0.647535,0.6529125,0.65477294
1427,0.5026798,0.52000046,0.6270775,0.59816253,0.64178526,0.6213939,0.57058746,0.66792786,0.6511705,0.6474722,0.64928913,0.647934
1428,0.48542124,0.50368947,0.61930645,0.5866862,0.6352011,0.61500305,0.5641837,0.6633389,0.64735776,0.6470669,0.64726466,0.64465284
1429,0.483075,0.5029696,0.61560684,0.5819582,0.63340706,0.6084468,0.5648727,0.65835714,0.6474357,0.6451445,0.6463443,0.64471036
1430,0.47309875,0.4950536,0.6115248,0.5775425,0.62958634,0.60551983,0.5601908,0.6569003,0.6450266,0.6426683,0.64528507,0.64363784
1431,0.46063548,0.4841329,0.60543966,0.5704214,0.6235858,0.60153234,0.5540212,0.65403867,0.6416591,0.64004874,0.6434795,0.6414217
1432,0.4568492,0.4814227,0.60243386,0.5670036,0.6221553,0.5986814,0.55311954,0.6527609,0.64229506,0.639025,0.64454365,0.64326507
1433,0.49503803,0.51943386,0.61513835,0.583668,0.6398145,0.60155195,0.5749576,0.65677106,0.6580446,0.6420198,0.6536982,0.6589342
1434,0.48514187,0.5112039,0.61396295,0.5845533,0.6341692,0.6057694,0.5656202,0.65942675,0.6511048,0.63762283,0.6502201,0.6534713
1435,0.48122036,0.5064129,0.6121876,0.58159864,0.6318078,0.6067328,0.56303674,0.65953654,0.6501367,0.6383408,0.65014327,0.65271807
1436,0.5082846,0.53194684,0.6216766,0.5927399,0.6443333,0.6099202,0.5785984,0.6629852,0.6606067,0.6421963,0.65666324,0.66279083
1437,0.5031282,0.5272023,0.62187773,0.59389424,0.6413934,0.6135074,0.57320094,0.66511476,0.6559531,0.6403395,0.6543255,0.6586612
1438,0.49479836,0.5181954,0.618751,0.5891704,0.6368329,0.6133818,0.56810695,0.66389054,0.65233225,0.640308,0.6520903,0.6547351
1439,0.50663,0.52895993,0.62261814,0.5929426,0.6424742,0.6139621,0.5755913,0.6646652,0.6571665,0.6428313,0.65498745,0.65901476
1440,0.58802825,0.6063187,0.6531343,0.63047254,0.6785381,0.6233205,0.62136555,0.67418754,0.68454474,0.6514866,0.66912466,0.6843975
1441,0.5932708,0.6121922,0.66040486,0.6436984,0.6767648,0.63382107,0.6151119,0.67833066,0.67484397,0.64639705,0.6608591,0.6724743
1442,0.63754267,0.6508314,0.6788656,0.664615,0.694296,0.6429577,0.63763225,0.6832734,0.68543285,0.6540001,0.6640253,0.6785212
1443,0.656328,0.66617835,0.6904971,0.6793592,0.7013345,0.65195084,0.6437496,0.68761,0.68366337,0.65712833,0.6605309,0.6724873
1444,0.6764771,0.68192405,0.7015309,0.6917786,0.70959294,0.65819985,0.652963,0.68984324,0.6846592,0.6625035,0.65784055,0.66808474
1445,0.68915397,0.69112945,0.7097435,0.70126885,0.7149788,0.6621589,0.6585296,0.6903092,0.6831339,0.6665849,0.65331244,0.66089535
1446,0.72423655,0.72158164,0.7249799,0.71916777,0.72896534,0.66501194,0.67819244,0.69046605,0.6886142,0.6723806,0.6513648,0.6599104
1447,0.7154467,0.7119012,0.7257886,0.7223399,0.72438824,0.66687566,0.6693999,0.6876808,0.6779,0.6714267,0.640187,0.6427069
1448,0.7074543,0.70188403,0.7246606,0.72005624,0.7217359,0.6643799,0.66571665,0.6826746,0.6732197,0.6741264,0.6330312,0.6315955
1449,0.68187255,0.6762416,0.71688324,0.7102041,0.71281266,0.6589505,0.65314084,0.6764753,0.6645088,0.6744247,0.6248348,0.61809486
1450,0.7065558,0.69876975,0.7257766,0.7196605,0.7258772,0.65423113,0.67305213,0.6735099,0.6749183,0.6804678,0.62722176,0.6238871
1451,0.66710067,0.6625155,0.7132835,0.7080443,0.709032,0.64934987,0.64840734,0.6672223,0.6583832,0.6737455,0.6144995,0.6043118
1452,0.6178868,0.6146394,0.69379675,0.68279535,0.68914014,0.63881296,0.6236938,0.65766597,0.64636046,0.6713612,0.6062251,0.59062046
1453,0.56961834,0.5684597,0.673422,0.65549254,0.67132485,0.62537235,0.60273296,0.6488954,0.6377725,0.6695844,0.6024935,0.5833026
1454,0.5411289,0.5432059,0.6590987,0.63671416,0.6623018,0.61236256,0.59364283,0.6419009,0.63714,0.66804373,0.6037193,0.5850397
1455,0.5201334,0.52649206,0.64830583,0.6243808,0.6561073,0.6026408,0.5866289,0.6379562,0.6377626,0.66462094,0.60596097,0.58915013
1456,0.4995804,0.51007515,0.63785267,0.6131162,0.64891833,0.5952973,0.5779731,0.6354451,0.6373234,0.6601979,0.607938,0.5928662
1457,0.47447434,0.48861554,0.6251832,0.5988863,0.63825786,0.5883761,0.56566167,0.6327241,0.6341388,0.6549857,0.60882795,0.5944502
1458,0.45970067,0.4768635,0.6157306,0.58834636,0.63213325,0.58250576,0.5595159,0.6309703,0.6349393,0.651402,0.6122625,0.5998488
1459,0.45973378,0.47969344,0.6122777,0.58587676,0.63255674,0.5796223,0.5609374,0.63158625,0.64010525,0.6487367,0.61801773,0.6092233
1460,0.4498595,0.47245315,0.60629237,0.5804175,0.6271449,0.5783568,0.5547134,0.63255835,0.63895416,0.64402765,0.62036556,0.6128078
1461,0.43963873,0.46387887,0.59969246,0.5730839,0.62120426,0.5768652,0.54870296,0.6328797,0.6377051,0.6405587,0.6227397,0.6159647
1462,0.43873033,0.4641824,0.5966429,0.5698236,0.61997694,0.5763301,0.54838085,0.6341999,0.6399645,0.6386711,0.62714064,0.62219596
1463,0.44541878,0.47195324,0.59717226,0.5712265,0.62205637,0.57778794,0.551588,0.6368569,0.643909,0.63712287,0.6321626,0.62970775
1464,0.4379901,0.46558562,0.593312,0.5669579,0.61683506,0.579105,0.54582626,0.6384723,0.6408262,0.6337756,0.633096,0.63043976
1465,0.43360856,0.46147415,0.5899513,0.5622449,0.6135014,0.5795254,0.54302496,0.6394366,0.63996863,0.6323889,0.6352379,0.6328184
1466,0.4384397,0.4665518,0.5902021,0.56209785,0.6148556,0.5807372,0.5455855,0.6413464,0.6425315,0.6319693,0.63913906,0.6381848
1467,0.44561368,0.47411075,0.59202677,0.56427157,0.6169099,0.58318466,0.54856664,0.6438138,0.6447966,0.63106865,0.64238656,0.642931
1468,0.43857792,0.46752933,0.5890272,0.5602815,0.6118941,0.58458734,0.5431475,0.64464265,0.64073783,0.6286435,0.64176846,0.64141935
1469,0.56828743,0.5911983,0.63475853,0.6160384,0.66870534,0.5983248,0.61645496,0.65837383,0.68800586,0.6423255,0.66695887,0.68714833
1470,0.6717157,0.68916124,0.6822459,0.67829305,0.7090339,0.6275491,0.6632828,0.6810504,0.7064366,0.6466385,0.6758925,0.70582455
1471,0.62830216,0.6452725,0.67536384,0.6736488,0.68413556,0.6456179,0.62197936,0.6839168,0.67459977,0.64008474,0.65475506,0.66877574
1472,0.5811249,0.5929585,0.6592905,0.64655244,0.6633331,0.6442763,0.5962235,0.67726415,0.6582205,0.645594,0.6441949,0.6476584
1473,0.5479939,0.5575184,0.6467271,0.6241669,0.65227836,0.63590205,0.58449906,0.6705607,0.65035945,0.65083176,0.6406547,0.6381654
1474,0.5373073,0.54734325,0.6420969,0.61463434,0.6517004,0.6280398,0.5851413,0.6660984,0.6510789,0.6540486,0.641527,0.6382254
1475,0.55870116,0.5698956,0.6501077,0.62374973,0.66469705,0.62576157,0.60140747,0.66658676,0.66191113,0.6572213,0.6470354,0.648109
1476,0.52911025,0.5436665,0.64177936,0.6150469,0.65291995,0.6238587,0.5839421,0.6648989,0.65065837,0.6519627,0.64024025,0.63777167
1477,0.50276166,0.5184345,0.6308719,0.60025454,0.64242697,0.6175318,0.57189834,0.65998507,0.644925,0.6508671,0.6370435,0.632524
1478,0.4914719,0.5085152,0.6247063,0.59196883,0.6393672,0.6112127,0.56927276,0.6567139,0.6452965,0.65076077,0.63813233,0.6338864
1479,0.485603,0.504665,0.6211413,0.58826303,0.6382584,0.6070222,0.5682071,0.65526235,0.64652103,0.6493601,0.63969153,0.63654315
1480,0.468283,0.4895608,0.61367303,0.5800419,0.6309522,0.6030582,0.5594329,0.6532977,0.6424754,0.64599067,0.6383659,0.6345838
1481,0.45687863,0.4797037,0.6069523,0.57230616,0.6255915,0.59824055,0.5544212,0.650501,0.64095515,0.6436,0.63836044,0.6347875
1482,0.45589796,0.4801258,0.6044559,0.57012767,0.625351,0.59547657,0.5549872,0.6498604,0.64319646,0.64215666,0.6408761,0.63883024
1483,0.45836547,0.4839177,0.6039957,0.5708621,0.626213,0.59485507,0.5563147,0.6505968,0.6455366,0.6404134,0.6433795,0.64297545
1484,0.44806856,0.474872,0.59910387,0.56592244,0.62026685,0.5936942,0.5496782,0.6499818,0.6418142,0.63707215,0.64231104,0.6412837
1485,0.44251743,0.4697761,0.5952885,0.5613747,0.616977,0.59210044,0.5468131,0.64930516,0.64098746,0.63570666,0.64315194,0.64220417
1486,0.4460881,0.4737639,0.59507024,0.56143063,0.6181593,0.5917154,0.5489832,0.64994615,0.6434065,0.63511527,0.64589757,0.64620835
1487,0.45070162,0.47892419,0.5958864,0.5631075,0.6193166,0.5925815,0.5507676,0.6511369,0.64502764,0.63387114,0.64785916,0.6492815
1488,0.5176418,0.5437683,0.61904114,0.5925729,0.6476611,0.5999576,0.58680314,0.65796196,0.6685639,0.6388208,0.66046166,0.67179066
1489,0.56195,0.58679086,0.63980037,0.62084013,0.664378,0.614692,0.60455847,0.66836184,0.6762175,0.6390983,0.66406155,0.67900693
1490,0.5894453,0.6109648,0.6538335,0.6386285,0.67281497,0.62759674,0.6130911,0.67483336,0.67751175,0.64119256,0.6630001,0.6776348
1491,0.8263094,0.8215641,0.74251944,0.7418367,0.7666437,0.65360504,0.7497222,0.7034134,0.7412072,0.67055756,0.6938733,0.7418183
1492,0.77184534,0.7722706,0.74016684,0.7546829,0.73795635,0.68444324,0.6876416,0.711453,0.69083613,0.6559192,0.65958226,0.68020725
1493,0.7584567,0.7503174,0.7377058,0.74316597,0.73105425,0.6870828,0.6784885,0.7039317,0.6837821,0.66741216,0.6484611,0.65954614
1494,0.7547769,0.7421284,0.7393317,0.73980945,0.73175293,0.6837697,0.68028635,0.6979653,0.6791248,0.6753766,0.6414706,0.64552283
1495,0.7340478,0.7209003,0.7352055,0.7326506,0.72618943,0.67827535,0.6717343,0.69077295,0.6703172,0.6779085,0.63169163,0.6288915
1496,0.71931815,0.70636344,0.73166597,0.72637534,0.72338754,0.6704767,0.66837263,0.6829432,0.6665486,0.6803608,0.6249194,0.6185101
1497,0.69755423,0.68628484,0.7253292,0.7183504,0.71779925,0.66220254,0.66048956,0.6756095,0.66129774,0.68039083,0.61816,0.6083327
1498,0.72900856,0.71695197,0.73651373,0.7317661,0.73339504,0.6561593,0.6847113,0.6715905,0.6736995,0.68504065,0.6204363,0.61582464
1499,0.6831273,0.67522365,0.7230849,0.7203228,0.7154422,0.6521719,0.6559354,0.6665811,0.65574664,0.6773449,0.6072327,0.5948423
1500,0.6301872,0.6236271,0.70259815,0.6936728,0.6953908,0.6413349,0.6300511,0.65736544,0.64463186,0.6757133,0.59998053,0.58196974
1501,0.58402854,0.57966584,0.68305457,0.6673879,0.6796539,0.62760705,0.61131245,0.6490442,0.63854474,0.67483723,0.59808505,0.57705605
1502,0.55213606,0.5513995,0.6678555,0.6478401,0.6698282,0.61452585,0.60044724,0.6424218,0.63760406,0.6729328,0.59955543,0.57880944
1503,0.51908106,0.52299345,0.65229976,0.62938637,0.65812993,0.6032435,0.5865457,0.6372566,0.6346641,0.6681957,0.60029376,0.58011913
1504,0.4890227,0.49738118,0.6371945,0.6116551,0.6467361,0.5932267,0.5734387,0.63297623,0.6324927,0.6632233,0.6019623,0.5829704
1505,0.47385353,0.4863339,0.6272446,0.60083854,0.6416907,0.58559847,0.5683339,0.6307147,0.63536096,0.6594573,0.6066292,0.59076935
1506,0.46785924,0.48423433,0.62132674,0.5959233,0.6397865,0.58125424,0.5666268,0.63062876,0.6394615,0.655368,0.61187553,0.599758
1507,0.45306486,0.47275627,0.61278653,0.5875654,0.6323495,0.5783994,0.5580516,0.63075006,0.6379405,0.64982474,0.6142731,0.60361797
1508,0.44120175,0.46313146,0.6049269,0.5789648,0.62610894,0.575883,0.5516595,0.6309014,0.6376377,0.6460132,0.6176517,0.6084085
1509,0.4406211,0.4643704,0.60141635,0.5756525,0.62518144,0.5748412,0.5517188,0.63231087,0.6410466,0.6436085,0.6230419,0.61640745
1510,0.4451729,0.4705408,0.60072386,0.5760501,0.6261018,0.57595897,0.553576,0.63496286,0.6446664,0.64112,0.62823755,0.6243094
1511,0.43735594,0.46403557,0.5962261,0.5712173,0.62059474,0.5771683,0.5475771,0.6368,0.642077,0.6374144,0.6299392,0.6261819
1512,0.43230072,0.459488,0.5922683,0.5659588,0.61684245,0.5776409,0.544319,0.63809156,0.64140177,0.6356333,0.6327127,0.6294173
1513,0.4363573,0.46398053,0.59186643,0.56513554,0.6176556,0.5788374,0.54638135,0.64019275,0.64397556,0.6348236,0.6370791,0.63540846
1514,0.44428384,0.47239792,0.59368294,0.5673649,0.6199823,0.58151376,0.5497834,0.64309824,0.64684814,0.6338163,0.6411459,0.64132154
1515,0.44069296,0.46927863,0.59193355,0.5649539,0.6166408,0.58388036,0.54618704,0.6450135,0.6444,0.63168895,0.6419791,0.6419109
1516,0.4763736,0.5037409,0.6040135,0.57909536,0.63213426,0.58948535,0.56564367,0.65031165,0.65800965,0.63521725,0.65125287,0.6567078
1517,0.4740944,0.5022082,0.6040154,0.58006084,0.6271008,0.59390175,0.55968875,0.6518261,0.651295,0.6306553,0.647883,0.6516745
1518,0.51647604,0.54214746,0.6179991,0.59626687,0.64236236,0.59944695,0.58116925,0.65460974,0.66345274,0.6338315,0.6537478,0.6626746
1519,0.6152601,0.6351147,0.6576841,0.6448023,0.68394804,0.6171723,0.6333527,0.6695557,0.69178534,0.643421,0.66842055,0.6897431
1520,0.5940935,0.613867,0.65891325,0.6493376,0.672152,0.63353103,0.609762,0.6766698,0.67147964,0.6390658,0.65629166,0.66789246
1521,0.82699746,0.8193757,0.7447538,0.74490374,0.7670126,0.65602094,0.74866796,0.70281893,0.73961407,0.6736195,0.6903838,0.73529905
1522,0.76006866,0.7588222,0.7382221,0.75214165,0.7356179,0.68429786,0.6820114,0.7105747,0.68755144,0.65858,0.6562982,0.67327434
1523,0.6909957,0.68514,0.7150058,0.7155576,0.70654607,0.6806985,0.64260024,0.6973058,0.6663903,0.664597,0.63783824,0.6402052
1524,0.6372043,0.6295315,0.6956184,0.6829202,0.6894768,0.6671389,0.622497,0.68559617,0.6550653,0.67113614,0.6306967,0.6238009
1525,0.62689555,0.62002784,0.6912663,0.67231613,0.69220763,0.65462476,0.62800735,0.6783468,0.6596189,0.6770501,0.6328401,0.6253879
1526,0.60416424,0.60159594,0.6841476,0.66347855,0.6874735,0.64540315,0.6207626,0.6729744,0.6561699,0.67497724,0.62976694,0.62100476
1527,0.59068394,0.59148484,0.6789284,0.6572936,0.6853261,0.6375332,0.617902,0.66822344,0.65691215,0.67374235,0.6289603,0.6209613
1528,0.56659395,0.57092077,0.6698188,0.64717925,0.6776045,0.6304749,0.6073157,0.66406196,0.6531073,0.67049515,0.6266022,0.6177114
1529,0.5415999,0.548795,0.65910476,0.6344724,0.6688932,0.6228971,0.596518,0.6596641,0.64999944,0.66783017,0.6254515,0.615894
1530,0.5287887,0.5385001,0.65202904,0.62642825,0.66532725,0.6161361,0.592823,0.6565229,0.65144795,0.6662093,0.6273056,0.6189555
1531,0.5369447,0.54874927,0.6529437,0.6293119,0.67056423,0.6128643,0.59993625,0.65640295,0.65903336,0.6655712,0.6323242,0.62788963
1532,0.53515863,0.5491436,0.6518366,0.6305304,0.6701397,0.6125594,0.59845746,0.65763956,0.66011035,0.66251475,0.6339332,0.6309337
1533,0.5396111,0.554321,0.65254974,0.63285244,0.67210114,0.61321163,0.6007449,0.6591407,0.6635922,0.6616425,0.6368885,0.6357796
1534,0.5803796,0.5937401,0.6669263,0.65192807,0.6901045,0.6177165,0.6240557,0.6644033,0.6785335,0.66489685,0.6454544,0.6508675
1535,0.5755993,0.58948964,0.6676741,0.6556772,0.6864931,0.62376565,0.6164533,0.66829485,0.6725167,0.66132194,0.64277935,0.64582455
1536,0.57490087,0.58724505,0.6671243,0.6543876,0.6848759,0.62575287,0.61475116,0.6686269,0.6717133,0.6622301,0.64254344,0.64454126
1537,0.57690865,0.58812445,0.6676872,0.65443474,0.6853473,0.62663525,0.6156993,0.66909254,0.67193085,0.66331387,0.64317256,0.6445622
1538,0.5786436,0.58922786,0.668458,0.65498686,0.6859035,0.6273885,0.6164796,0.66954714,0.67195445,0.6638812,0.64345,0.64445126
1539,0.5680685,0.57921517,0.6631469,0.6486213,0.67823374,0.6247483,0.6089229,0.665461,0.6657789,0.66082436,0.63872385,0.63763356
1540,0.55009586,0.5616601,0.655808,0.63868177,0.66988873,0.6218695,0.5991299,0.6626667,0.6600394,0.6593779,0.63584983,0.63241976
1541,0.54076034,0.5528103,0.65073794,0.63128746,0.66590416,0.6179332,0.5956372,0.659916,0.65875965,0.6590502,0.6356435,0.6318167
1542,0.6071362,0.616963,0.6733353,0.6591411,0.6953068,0.6205326,0.6362019,0.66426224,0.68308425,0.66570497,0.6476651,0.6547758
1543,0.6435604,0.65295345,0.69078517,0.684831,0.70879763,0.63102204,0.65086466,0.67191076,0.68669444,0.6640226,0.6478463,0.65769136
1544,0.6415525,0.64957714,0.69324183,0.68972206,0.7049378,0.6386775,0.64307517,0.67400223,0.6786991,0.66235,0.64135927,0.64714473
1545,0.62920004,0.6349387,0.68975365,0.68401057,0.69850624,0.64016813,0.63432217,0.6723294,0.6720393,0.66381675,0.6364878,0.6377093
1546,0.6396636,0.6430217,0.69309294,0.68607914,0.7025562,0.6390061,0.64168644,0.6703257,0.67459697,0.6674472,0.63635015,0.63735855
1547,0.64657307,0.64894724,0.6972941,0.6911456,0.706256,0.64000005,0.6457654,0.67079705,0.67482454,0.6690122,0.63524425,0.6355721
1548,0.6020935,0.60568774,0.6829626,0.67359227,0.68765813,0.6374989,0.6192405,0.66712415,0.6587124,0.66531265,0.62585765,0.6189147
1549,0.5634335,0.56730235,0.6671853,0.6506926,0.6729543,0.628856,0.6018987,0.66063344,0.6509785,0.6657553,0.62244165,0.6115809
1550,0.54059285,0.54619235,0.6563638,0.63513285,0.66598743,0.61941445,0.59478045,0.65556604,0.6496289,0.6659194,0.6232892,0.61187774
1551,0.5202787,0.52896786,0.64690405,0.6231927,0.65950936,0.61165893,0.587315,0.6520871,0.6480816,0.6635909,0.6240284,0.6130198
1552,0.5050312,0.51682836,0.6390809,0.613976,0.6544956,0.6055198,0.5816402,0.6496812,0.6479883,0.66089886,0.6256031,0.6159123
1553,0.4939176,0.5085924,0.6326641,0.60699594,0.6504833,0.6008842,0.5772572,0.64821184,0.6484926,0.65796167,0.6276142,0.6195598
1554,0.47252893,0.48997027,0.622564,0.5954302,0.64086115,0.5963722,0.5660173,0.6463532,0.64415526,0.6535658,0.6273343,0.6190672
1555,0.45953438,0.4790091,0.6146677,0.58599174,0.63512534,0.5919429,0.56034493,0.64479613,0.6437569,0.6510341,0.629531,0.6222646
1556,0.46252304,0.48386955,0.61290824,0.5847845,0.6366384,0.58987474,0.5631955,0.64537895,0.6485339,0.64952064,0.6345013,0.6302322
1557,0.45539987,0.4788318,0.6087092,0.5809867,0.63249135,0.5893318,0.55841726,0.6463088,0.6472263,0.64577657,0.6360419,0.63259834
1558,0.44592455,0.47061738,0.6031394,0.5745362,0.6269291,0.5882458,0.55270356,0.6463259,0.64524233,0.6429442,0.63720006,0.63398993
1559,0.4461326,0.4716157,0.6009732,0.57199603,0.6262299,0.587771,0.55297804,0.64717835,0.6471401,0.64172256,0.6406187,0.63884836
1560,0.45268297,0.47893032,0.60190815,0.5736194,0.6283364,0.58911055,0.5560858,0.64936274,0.65038425,0.640624,0.6445831,0.6448085
1561,0.4442215,0.47139275,0.59813935,0.56926936,0.6229791,0.5901459,0.54995143,0.65043736,0.64673597,0.6377593,0.64453423,0.6441513
1562,0.4420237,0.4693152,0.5956899,0.565648,0.62078935,0.5901901,0.5485389,0.65083873,0.6465366,0.63692355,0.64628637,0.6462568
1563,0.46612385,0.49303102,0.6032417,0.5747861,0.6311801,0.5933421,0.56173253,0.65442824,0.65603125,0.6386369,0.6532375,0.65719604
1564,0.51263416,0.53842777,0.6210261,0.5975352,0.6505808,0.602237,0.58505315,0.6620834,0.6703756,0.64102966,0.66185945,0.6721562
1565,0.5013503,0.5275226,0.6205476,0.5980603,0.6430133,0.610268,0.57297903,0.66594714,0.660314,0.6373691,0.6567783,0.66331375
1566,0.48533145,0.509787,0.6145381,0.58822215,0.6341079,0.6109056,0.563206,0.66427296,0.65323883,0.63792366,0.6531331,0.6562448
1567,0.48607758,0.5092833,0.61309755,0.5842631,0.63340956,0.60884243,0.5647365,0.66207373,0.65309614,0.6393734,0.65331566,0.6558456
1568,0.475635,0.4992356,0.6093402,0.57863975,0.6286303,0.6074935,0.5593226,0.66087943,0.6486349,0.638369,0.65134436,0.6522497
1569,0.46186098,0.48634067,0.6010141,0.56812996,0.61849344,0.6007106,0.5512988,0.6534891,0.6408562,0.63388634,0.6451093,0.6441071
1570,0.46758625,0.49243838,0.6014442,0.56818,0.620707,0.59847236,0.5555191,0.6519933,0.64358145,0.6339481,0.6465647,0.6469823
1571,0.5125083,0.53668624,0.6180332,0.589092,0.6413173,0.6037704,0.58044827,0.6574537,0.66023916,0.63787293,0.65571904,0.6629962
1572,0.51794904,0.54280335,0.62369835,0.59793264,0.6427759,0.6113388,0.57905525,0.6622584,0.6576639,0.63587534,0.6539904,0.6606058
1573,0.53503555,0.55786055,0.6311195,0.60635215,0.6492255,0.61661524,0.5866818,0.66488045,0.66162074,0.638671,0.65530366,0.6628989
1574,0.51616704,0.5384775,0.6263094,0.6000486,0.6401471,0.61845225,0.5741136,0.66441244,0.65181375,0.6374752,0.64942354,0.65255684
1575,0.5191457,0.5396916,0.62693137,0.5986248,0.6419237,0.6176124,0.5773552,0.66323954,0.6536869,0.64080954,0.6500991,0.65299493
1576,0.51932627,0.5396319,0.6278008,0.5990631,0.64289457,0.6175591,0.5781232,0.6632826,0.65342706,0.6418249,0.64976996,0.6521436
1577,0.5062152,0.52686876,0.62379986,0.5936468,0.6377598,0.6162427,0.57125604,0.66191655,0.6487187,0.6412335,0.646849,0.64729196
1578,0.50139344,0.52204955,0.6215768,0.59002954,0.6365346,0.61380047,0.57022494,0.6602135,0.64845663,0.64204913,0.6465251,0.64669293
1579,0.49437577,0.5157432,0.6185578,0.5862925,0.63386303,0.6110786,0.56733507,0.65832245,0.64663506,0.6412422,0.64525133,0.6449125
1580,0.4760563,0.4984912,0.6112152,0.5772717,0.62583286,0.6070958,0.5580574,0.6552741,0.64082015,0.6390375,0.64191526,0.63977456
1581,0.47380683,0.49680918,0.6085099,0.5737731,0.6252252,0.6031748,0.5586731,0.6529031,0.64217335,0.638925,0.64272636,0.64135873
1582,0.51497114,0.5377718,0.6219631,0.59166765,0.6433021,0.6047839,0.5821391,0.6553186,0.6578104,0.6414716,0.6504864,0.6558059
1583,0.5401323,0.56329346,0.63369423,0.60897434,0.6530857,0.61221784,0.59216624,0.6607239,0.66260695,0.64043486,0.65214336,0.6600351
1584,0.5511933,0.5731342,0.64005095,0.61790127,0.65621895,0.61890626,0.59441316,0.6640149,0.6624773,0.64072335,0.6508781,0.65838975
1585,0.570712,0.5900156,0.64875877,0.62820846,0.6638143,0.62443286,0.6034006,0.66693807,0.6663995,0.64405674,0.6519341,0.6599895
1586,0.6006789,0.616928,0.66202885,0.6442781,0.67629576,0.631105,0.6183985,0.6711895,0.67294174,0.64837897,0.65407115,0.6637274
1587,0.6407292,0.6530889,0.68023705,0.66668653,0.69310457,0.64011383,0.63846433,0.67727166,0.6811624,0.6537321,0.65648973,0.66847646
1588,0.6114086,0.6232093,0.67435324,0.66067326,0.67996323,0.6448,0.616908,0.6770402,0.6648495,0.65160924,0.64530873,0.6490928
1589,0.614088,0.62247515,0.6757166,0.6587863,0.68259174,0.6434297,0.62124234,0.6747055,0.6670699,0.65780646,0.64482206,0.6473443
1590,0.74562925,0.7435853,0.7241282,0.71606433,0.7378194,0.65093535,0.7010685,0.68461084,0.70648557,0.6740216,0.6619324,0.6825353
1591,0.8379033,0.82806545,0.76708776,0.77505785,0.7707272,0.6719024,0.74210525,0.700053,0.71221894,0.6766634,0.65956867,0.6846192
1592,0.7993705,0.7893427,0.76181686,0.7762277,0.7510326,0.68549126,0.7031741,0.6988423,0.68233436,0.6710325,0.6349113,0.64273006
1593,0.80230385,0.78507155,0.76484674,0.7744163,0.75322026,0.6844826,0.70701694,0.69324714,0.68152845,0.6812333,0.62885815,0.6310489
1594,0.75272727,0.7358493,0.7499344,0.75612473,0.7349522,0.67810166,0.6796578,0.6838756,0.66306263,0.6806471,0.6136315,0.6040363
1595,0.7307996,0.7132864,0.7415906,0.74219024,0.7293971,0.6665827,0.6748547,0.67347157,0.66069615,0.684762,0.60839057,0.5950885
1596,0.70426327,0.68879455,0.7330026,0.7311955,0.7232532,0.6564884,0.6661908,0.6664352,0.6565052,0.68510383,0.60372305,0.58726466
1597,0.6378366,0.62631035,0.7090274,0.70175815,0.69890636,0.6437562,0.63285494,0.65696645,0.640412,0.6800912,0.5938632,0.5705046
1598,0.597243,0.58865947,0.6907311,0.67659086,0.68607265,0.6282514,0.6188826,0.64736724,0.638359,0.6798459,0.59353924,0.5693138
1599,0.5546916,0.5509788,0.6719753,0.65326875,0.6716506,0.61406827,0.6015238,0.6401317,0.63375723,0.6756398,0.5930563,0.56831086
1600,0.5151634,0.51650274,0.6532916,0.6304359,0.6572554,0.6009599,0.5847237,0.6337926,0.63019395,0.6705577,0.5937815,0.56967866
1601,0.49047503,0.4968447,0.6392853,0.61420506,0.6487355,0.58999413,0.57564896,0.6293136,0.631554,0.6660676,0.5975078,0.5762707
1602,0.47972694,0.49098578,0.63098717,0.60634017,0.6457957,0.5829648,0.572778,0.62783915,0.63626564,0.66168547,0.60312086,0.5862289
1603,0.45814285,0.47376987,0.61957526,0.59472495,0.63621706,0.57809144,0.561212,0.6272162,0.6341788,0.65518224,0.6055549,0.5903501
1604,0.44392258,0.46271035,0.6098623,0.584222,0.62921315,0.573694,0.5541591,0.6264214,0.63473195,0.6506301,0.609528,0.5965749
1605,0.4444292,0.46593207,0.6060415,0.58126605,0.62900215,0.5717845,0.5551566,0.6276588,0.63980025,0.6475482,0.61594045,0.6067442
1606,0.44066498,0.46458563,0.60206026,0.57814586,0.62609565,0.57208705,0.5521333,0.63000304,0.6409465,0.6434113,0.6202734,0.6132299
1607,0.43210506,0.45760623,0.59633607,0.5718533,0.6204297,0.57231617,0.5463135,0.6315955,0.63958395,0.63969254,0.62320995,0.6169904
1608,0.42968494,0.45620722,0.5925892,0.56738675,0.6176875,0.57247514,0.5445452,0.6330721,0.6404794,0.6373803,0.6272309,0.6224034
1609,0.43892354,0.46623805,0.59388417,0.5692608,0.6207132,0.5746334,0.54916686,0.6362228,0.64524823,0.6363297,0.63312864,0.631071
1610,0.44434255,0.4723867,0.5950145,0.5709886,0.62155247,0.5782508,0.55049396,0.6398478,0.64687836,0.63446766,0.63696414,0.63645977
1611,0.44967687,0.47784114,0.5960025,0.5719501,0.62186897,0.58169085,0.5516977,0.6426366,0.64788073,0.63316476,0.63991666,0.64050126
1612,0.48241308,0.5096326,0.60695213,0.58514094,0.6345601,0.5875978,0.56831837,0.64744985,0.65856105,0.63493925,0.6473248,0.6526637
1613,0.5042426,0.530732,0.61702704,0.5977921,0.6425026,0.5969373,0.57672817,0.65424454,0.66247654,0.6352179,0.65097034,0.6582001
1614,0.71269715,0.7224854,0.69489205,0.6908747,0.72987336,0.6222214,0.6960964,0.6804585,0.7274451,0.658992,0.683931,0.72351277
1615,0.6433617,0.6585188,0.6852823,0.69040406,0.6946308,0.64949876,0.6310865,0.68953675,0.6780406,0.6430055,0.65488344,0.6705613
1616,0.6109333,0.61925936,0.67391676,0.66701144,0.6799639,0.6502999,0.61349744,0.6833761,0.668662,0.652191,0.6475647,0.65457356
1617,0.58498555,0.59078854,0.66525304,0.64961857,0.6722941,0.64496547,0.60461026,0.67879486,0.66188973,0.6580979,0.6448434,0.645481
1618,0.649651,0.6512683,0.6889213,0.6742651,0.7043324,0.6453102,0.6484862,0.6822512,0.6866059,0.6702044,0.6575493,0.66677356
1619,0.6374406,0.6418799,0.69044423,0.67933685,0.6996263,0.6497748,0.6369372,0.6838212,0.6748241,0.66521794,0.6486761,0.6529801
1620,0.60703117,0.6117299,0.6810908,0.6663216,0.68727505,0.6474461,0.6197029,0.67909867,0.6644822,0.6646568,0.6407187,0.6397295
1621,0.5608324,0.5665115,0.6638787,0.6424157,0.6691,0.63873684,0.597208,0.67142314,0.65185195,0.6634729,0.63331753,0.62638944
1622,0.5415991,0.5484251,0.6545381,0.62814957,0.6641978,0.62880576,0.5929705,0.6654236,0.65192175,0.66514915,0.63402784,0.6265185
1623,0.5143715,0.5245042,0.6431174,0.61392653,0.65471286,0.6198782,0.581656,0.6604458,0.646987,0.66204333,0.6320935,0.62342095
1624,0.49031547,0.5036088,0.63180584,0.6000486,0.64574873,0.6112212,0.57174253,0.65556186,0.6437902,0.65889186,0.63125736,0.6224812
1625,0.47490558,0.49123123,0.6232725,0.5902303,0.6403023,0.6039592,0.5661987,0.6521544,0.6435654,0.6560516,0.6324926,0.6248494
1626,0.47371182,0.49274763,0.62004703,0.58782977,0.64063454,0.59953547,0.5674981,0.65098554,0.6475674,0.6537742,0.6360421,0.6312348
1627,0.46043217,0.4822086,0.61346394,0.5816423,0.6343293,0.5966308,0.5600108,0.65020525,0.64497805,0.6492868,0.6361732,0.6317808
1628,0.45936558,0.4825693,0.610574,0.57914346,0.63357884,0.5947212,0.5600249,0.65018576,0.64766496,0.64757633,0.6394029,0.6369308
1629,0.4828616,0.50670624,0.61733973,0.5890861,0.6438353,0.5967073,0.57304484,0.65352225,0.65807843,0.64790386,0.64666486,0.6490205
1630,0.48827597,0.51314473,0.61954206,0.5939276,0.64431167,0.6006558,0.57296836,0.6567226,0.6580712,0.6448387,0.64778936,0.6510094
1631,0.54430354,0.5665151,0.6394953,0.6190489,0.6677675,0.6088329,0.6029925,0.6639999,0.67712975,0.6497206,0.65857816,0.66974103
1632,0.60406435,0.62290144,0.6650567,0.65247047,0.691443,0.62369466,0.6311414,0.67561346,0.6903639,0.6530121,0.6655426,0.68250436
1633,0.62997854,0.6453176,0.67969215,0.6718997,0.6994058,0.6384004,0.6377816,0.68383116,0.6892063,0.65447855,0.6637005,0.6791116
1634,0.6451895,0.65581274,0.68881744,0.6818447,0.70386153,0.647979,0.6417097,0.68771124,0.6873192,0.65874434,0.6609346,0.67330575
1635,0.65536505,0.6618031,0.69545645,0.6880508,0.70742863,0.6534327,0.64535123,0.68915766,0.6853335,0.6633431,0.6578458,0.66700554
1636,0.68871695,0.68999445,0.71065146,0.70436543,0.7223785,0.65878296,0.66456145,0.69257385,0.6921606,0.6708476,0.65938395,0.6693884
1637,0.6929577,0.6920682,0.7166839,0.7121423,0.72446424,0.66347694,0.66433525,0.6937884,0.68700945,0.6727293,0.6534924,0.65963954
1638,0.6945105,0.6914273,0.7190604,0.71425354,0.72419626,0.6632375,0.66442865,0.69016236,0.6830858,0.6748527,0.646874,0.6499123
1639,0.69975704,0.6950279,0.72198856,0.7174103,0.72544324,0.6610539,0.6676411,0.6856064,0.6807762,0.67653936,0.6409459,0.64197886
1640,0.69154435,0.68632734,0.7210018,0.7165662,0.7226395,0.6589904,0.66320294,0.6819173,0.6753688,0.67696625,0.63434595,0.631985
1641,0.6813531,0.67592883,0.7179515,0.71267664,0.7189113,0.6546457,0.658878,0.6766528,0.67122954,0.6774322,0.62856233,0.6235799
1642,0.69146025,0.6850576,0.72230214,0.7178353,0.725056,0.6514673,0.6678135,0.6742175,0.67514837,0.68034184,0.6279301,0.62388766
1643,0.6704698,0.66552734,0.7161485,0.71228385,0.7169049,0.64819294,0.65551496,0.6703632,0.66675395,0.6775533,0.62073857,0.61283034
1644,0.6268039,0.6234167,0.6997078,0.6918431,0.6991031,0.64053583,0.6322653,0.6630901,0.6546976,0.6745825,0.61274606,0.59938645
1645,0.5919367,0.58994186,0.6848908,0.67160827,0.6870303,0.630291,0.6180462,0.656437,0.649962,0.67436475,0.61087734,0.5951076
1646,0.5528806,0.5538846,0.66812646,0.6499646,0.67283666,0.6192328,0.6010118,0.65022117,0.64370346,0.6715317,0.609146,0.59144706
1647,0.5181089,0.52265435,0.6519974,0.6293722,0.6601693,0.60818934,0.586443,0.6446342,0.6397877,0.66827434,0.6093503,0.5913429
1648,0.5040431,0.5123485,0.6429391,0.61865425,0.6565653,0.59948194,0.5833118,0.6414069,0.6432977,0.66603,0.6136689,0.5986522
1649,0.4821988,0.49475282,0.6319895,0.60685325,0.6478812,0.5930893,0.57286924,0.63944685,0.6411798,0.66067535,0.6151438,0.6014487
1650,0.462946,0.47887284,0.6211757,0.59464395,0.6393681,0.5873064,0.56360936,0.6374142,0.63984835,0.6561488,0.6172301,0.60497284
1651,0.4520183,0.47085172,0.613413,0.58624417,0.63453794,0.5829987,0.5589127,0.63668984,0.6411129,0.65261996,0.62105906,0.6110061
1652,0.45479783,0.47611293,0.6111403,0.5850812,0.635574,0.5814371,0.5611348,0.6379398,0.6462629,0.6500392,0.62680274,0.6203921
1653,0.44610724,0.4697492,0.6058225,0.5801446,0.63018394,0.58119845,0.5550486,0.6392804,0.64465207,0.6454991,0.6288805,0.6234715
1654,0.43818736,0.46313438,0.6002959,0.57377774,0.6250728,0.5806141,0.55009526,0.6400053,0.6436999,0.64257824,0.63138264,0.62674683
1655,0.43532616,0.46128795,0.59675986,0.5695872,0.6225943,0.58039796,0.54833436,0.6412061,0.6444514,0.64057666,0.6348824,0.6314498
1656,0.44460332,0.4713215,0.5981196,0.571618,0.6257116,0.58202374,0.5530442,0.64381397,0.649116,0.63962984,0.64017874,0.63942254
1657,0.4409181,0.46861827,0.59592175,0.5693131,0.6221815,0.5841077,0.5492088,0.64589447,0.6470122,0.63670135,0.64148027,0.6408708
1658,0.43615976,0.46410578,0.5927507,0.5648059,0.61833274,0.58502203,0.54572517,0.6468238,0.6452415,0.63510096,0.6428005,0.6421133
1659,0.4340951,0.46223894,0.59048414,0.5612578,0.616103,0.58544564,0.5442744,0.64762205,0.64462227,0.6340373,0.644685,0.64424896
1660,0.47835985,0.50549394,0.6050567,0.5790534,0.63516325,0.5906472,0.5684789,0.65290326,0.66119045,0.6374434,0.6552045,0.6617326
1661,0.4651923,0.49369168,0.60278946,0.57749236,0.62650794,0.5963283,0.5562588,0.6558319,0.65100753,0.6322296,0.6506463,0.65409815
1662,0.47903168,0.50599843,0.60494334,0.57886845,0.6281363,0.5967503,0.56211966,0.6537293,0.6530779,0.6322174,0.6508988,0.6554813
1663,0.47133112,0.4980939,0.60315096,0.5758701,0.6234979,0.5992066,0.55620635,0.65482867,0.6476145,0.6310046,0.6488838,0.65131646
1664,0.47208825,0.49792206,0.60320616,0.5741228,0.6234792,0.6002016,0.5568688,0.6552113,0.64769375,0.632398,0.6497263,0.6519157
1665,0.4668722,0.49262944,0.6014937,0.57083756,0.62099886,0.6004027,0.5540929,0.65520537,0.6451823,0.6323,0.6490852,0.6503103
1666,0.61660755,0.6341465,0.6546799,0.6352626,0.68567693,0.6141084,0.6396742,0.6695373,0.6973955,0.648506,0.67523396,0.69962144
1667,0.5842612,0.6057912,0.65412146,0.64197683,0.6676097,0.6322333,0.6054427,0.677164,0.6684882,0.6369186,0.65748876,0.6698247
1668,0.5807658,0.5972733,0.6540984,0.6369269,0.66503674,0.636416,0.6024312,0.67590433,0.6662967,0.6436723,0.6542716,0.663025
1669,0.59418774,0.6071703,0.6611101,0.6419956,0.6729478,0.6391886,0.6118067,0.6777526,0.6699089,0.6506118,0.6561285,0.6637395
1670,0.57169175,0.5845004,0.6559993,0.63443184,0.6647053,0.63916135,0.599102,0.67620486,0.6600248,0.6507625,0.6496526,0.65199846
1671,0.5525748,0.5648812,0.6496472,0.6238537,0.6586567,0.63499665,0.59150976,0.6724057,0.65547377,0.65289074,0.64635944,0.64578384
1672,0.5209363,0.53438914,0.63822114,0.6079685,0.64727694,0.6280372,0.5773962,0.6673299,0.64710414,0.65217996,0.6415902,0.63742745
1673,0.49871194,0.5136465,0.6285676,0.594516,0.6400761,0.61967283,0.56966114,0.6620958,0.6438808,0.65195984,0.6400311,0.63470495
1674,0.534315,0.54976904,0.6395327,0.6083545,0.65865016,0.6173116,0.59392416,0.663078,0.6614319,0.6561906,0.6494428,0.65129125
1675,0.5172937,0.5360678,0.6357148,0.60696626,0.65140796,0.6180302,0.58192533,0.6638933,0.6534799,0.6503442,0.6447952,0.6446919
1676,0.508008,0.527127,0.63140625,0.6016285,0.6474796,0.61596465,0.57743543,0.6621176,0.65237767,0.6499599,0.6440806,0.64366156
1677,0.52074313,0.5397644,0.6348438,0.6062462,0.65374976,0.6151643,0.58587086,0.6625679,0.6587825,0.65141827,0.6478722,0.64987683
1678,0.5394836,0.55852485,0.64218855,0.616778,0.66216004,0.61797535,0.59564596,0.6655782,0.6649508,0.6519953,0.65123796,0.65587705
1679,0.5177952,0.53786254,0.63528836,0.60978156,0.6509896,0.6183349,0.58071196,0.66438067,0.65473753,0.64777964,0.6451583,0.6460702
1680,0.50471675,0.5243104,0.62855,0.60049725,0.6441986,0.6144881,0.5742987,0.660584,0.6511784,0.64740264,0.6429715,0.6422519
1681,0.61929125,0.6328847,0.66836655,0.6492059,0.69470656,0.6217704,0.6425064,0.67010814,0.69244254,0.6604352,0.66377467,0.68074244
1682,0.82879865,0.8233305,0.7515771,0.7541,0.7758094,0.6509598,0.7570693,0.70063245,0.7391936,0.6766159,0.6850584,0.7303654
1683,0.7442122,0.7455112,0.73613244,0.75200236,0.7333403,0.67850846,0.67668116,0.70417047,0.68264484,0.6583497,0.6465869,0.6621183
1684,0.7139589,0.7076188,0.7245639,0.7283363,0.71949863,0.6755529,0.66079956,0.6931365,0.67474234,0.6688101,0.6365979,0.6422532
1685,0.7222752,0.7114975,0.728619,0.7272712,0.7265341,0.6702159,0.67255926,0.6885682,0.67791206,0.67821217,0.63642824,0.63863
1686,0.69381917,0.6844499,0.7212492,0.71782035,0.7171233,0.6648172,0.6581994,0.6823728,0.6666089,0.677174,0.6268866,0.62212646
1687,0.6762343,0.6676602,0.71511626,0.7083105,0.71213716,0.65653986,0.6527825,0.67457867,0.6633422,0.6783423,0.62176144,0.6142136
1688,0.66906077,0.6619295,0.7126659,0.7048985,0.71173817,0.64917845,0.65314615,0.6688981,0.66348565,0.67883545,0.61916834,0.61104494
1689,0.65031046,0.6456113,0.7061263,0.6979644,0.70551467,0.64258265,0.6447653,0.66349584,0.65896106,0.6764119,0.61439127,0.6043441
1690,0.6791352,0.6742775,0.7154707,0.70996267,0.7191539,0.63853514,0.66554034,0.6612126,0.67122406,0.67950195,0.6181697,0.61370766
1691,0.667833,0.66518945,0.713317,0.711442,0.71449274,0.63804084,0.6567074,0.660163,0.66463304,0.67492324,0.6124749,0.6055376
1692,0.6332193,0.6315393,0.70079756,0.6967532,0.70035183,0.63396806,0.63689655,0.65591353,0.65490663,0.67222047,0.6064384,0.594715
1693,0.5916542,0.59098357,0.68382555,0.6742831,0.6842665,0.62541264,0.61675066,0.64995384,0.6464921,0.67074585,0.6030162,0.5870938
1694,0.5649648,0.56607324,0.6712283,0.65705794,0.6757543,0.61581725,0.6072976,0.64509225,0.6453642,0.6704754,0.60455966,0.58803165
1695,0.5542861,0.55821687,0.66482115,0.6492749,0.6741758,0.6086631,0.605981,0.6428157,0.649002,0.66946775,0.60858214,0.59433234
1696,0.53388315,0.5412842,0.6554583,0.63901675,0.6665879,0.60331845,0.5961627,0.641134,0.6467642,0.6652099,0.6094519,0.5958046
1697,0.5169261,0.527003,0.64664745,0.62870383,0.6601468,0.59852695,0.588522,0.6397122,0.64639294,0.66223407,0.61175454,0.5992537
1698,0.5148296,0.52715844,0.6432219,0.6253097,0.66034055,0.5955781,0.5893528,0.6400109,0.65100056,0.66071457,0.6168227,0.607382
1699,0.51705027,0.5314662,0.64232415,0.6257275,0.66168374,0.5952809,0.59095836,0.6419548,0.65502095,0.65857005,0.62140656,0.61490804
1700,0.5153973,0.5313499,0.64042234,0.624629,0.6603415,0.5962114,0.5891377,0.6439836,0.65614146,0.65603393,0.6243411,0.619423
1701,0.5040255,0.5210137,0.63505,0.6182919,0.6545539,0.5966315,0.5818571,0.6452571,0.6536469,0.6535437,0.6257216,0.6205188
1702,0.49773756,0.5152845,0.63094383,0.6126457,0.6515107,0.5962426,0.5787325,0.64620245,0.6539405,0.6527,0.6287362,0.6240945
1703,0.5045562,0.52262545,0.6318912,0.61358404,0.6545786,0.59708554,0.5831068,0.648427,0.6585386,0.6527975,0.6337732,0.6315156
1704,0.50505143,0.5239906,0.63153434,0.61344147,0.6540787,0.5990646,0.58233535,0.65083766,0.6589273,0.65116745,0.6361827,0.63483435
1705,0.4978155,0.51726824,0.6283141,0.60904056,0.65006363,0.6003634,0.57738125,0.652265,0.6567551,0.64967513,0.6372021,0.635491
1706,0.4940079,0.513644,0.625861,0.6050179,0.6480314,0.6007971,0.5753974,0.65330964,0.65664506,0.6493886,0.63938165,0.63791406
1707,0.50661916,0.5261963,0.6295502,0.6089344,0.653684,0.6026512,0.5828529,0.65591174,0.662319,0.6505309,0.644375,0.6454922
1708,0.6233138,0.6370677,0.6720272,0.6614135,0.70404315,0.61491793,0.6498755,0.6690059,0.7011654,0.6616981,0.6643969,0.68372774
1709,0.6206283,0.6355262,0.67961574,0.6765754,0.69910353,0.6328261,0.63497454,0.678955,0.68522006,0.65457517,0.6552917,0.66789705
1710,0.624883,0.63519377,0.6831767,0.67808,0.6987766,0.6404629,0.63370997,0.68075097,0.6827834,0.6591842,0.6527354,0.66204244
1711,0.60285974,0.6110168,0.677297,0.6682358,0.68946564,0.6422199,0.62029034,0.6798185,0.67277116,0.66106963,0.6473584,0.65016425
1712,0.5810765,0.5879745,0.6696387,0.6551169,0.6815516,0.63886195,0.61061895,0.67638403,0.6667966,0.66357213,0.6443226,0.6429809
1713,0.55865484,0.566034,0.66121256,0.64197195,0.6739946,0.63332033,0.6015766,0.67250127,0.6618282,0.664382,0.64214635,0.6380758
1714,0.5400086,0.5491457,0.65250903,0.629681,0.6662796,0.6257437,0.5940923,0.66670716,0.657588,0.6628006,0.639439,0.63413906
1715,0.5393216,0.550099,0.6508989,0.6271511,0.6677493,0.6211713,0.596879,0.6646487,0.66081345,0.6628878,0.64147675,0.63803315
1716,0.5402453,0.55294794,0.65079576,0.62792116,0.6690319,0.6192634,0.5984142,0.6643071,0.6627124,0.6614198,0.6426378,0.64088684
1717,0.53371036,0.5480331,0.64800364,0.6254445,0.66600484,0.6179528,0.5945247,0.663567,0.6611015,0.65908015,0.64186156,0.64030063
1718,0.5308741,0.545963,0.6461865,0.6235093,0.66492057,0.6169061,0.5933621,0.6632775,0.6616089,0.65834576,0.6427049,0.6417342
1719,0.5756005,0.58921075,0.6617831,0.6432279,0.6852056,0.62035304,0.6198901,0.6678555,0.6784654,0.6628346,0.6518909,0.65811783
1720,0.5828131,0.5968859,0.66752416,0.6531292,0.6873742,0.62726146,0.6195117,0.6727772,0.6761691,0.6604261,0.65057373,0.65619737
1721,0.56875366,0.58207816,0.663702,0.6483776,0.68025476,0.6300598,0.60906297,0.67314464,0.6695633,0.6596809,0.6468847,0.6491711
1722,0.5569206,0.56922746,0.6587941,0.6406941,0.6749926,0.6285456,0.6031117,0.6712625,0.66622174,0.6607228,0.64540887,0.64544624
1723,0.5598259,0.57149804,0.65928245,0.6400564,0.67735666,0.62722415,0.6066679,0.6709999,0.668856,0.6627706,0.6474627,0.6479791
1724,0.5920938,0.6025068,0.67132515,0.65487456,0.69243336,0.62972265,0.6261192,0.67443454,0.68018895,0.66633755,0.6534477,0.65862596
1725,0.6119722,0.6217962,0.68107694,0.6686563,0.7005008,0.6354612,0.6346516,0.67869675,0.6829078,0.66641176,0.6539785,0.66053534
1726,0.6323827,0.64009356,0.6906385,0.6810608,0.70835215,0.64123344,0.6436936,0.6820636,0.68589693,0.66836274,0.6541325,0.6615045
1727,0.7231694,0.7223993,0.7260962,0.72365934,0.7462524,0.6517333,0.69574994,0.6923291,0.7100789,0.67934597,0.66483057,0.6828209
1728,0.74727637,0.7433196,0.74233246,0.7483266,0.7537993,0.6662813,0.69956475,0.7003887,0.70283335,0.6786353,0.6576081,0.67134064
1729,0.75727606,0.74838835,0.74966294,0.7574411,0.75545967,0.6732787,0.69983816,0.7006032,0.6972438,0.6820331,0.6497245,0.65835226
1730,0.7636869,0.75079817,0.753991,0.7619774,0.75606906,0.6743981,0.70139104,0.69697917,0.6922514,0.685333,0.64183474,0.64565265
1731,0.77208745,0.75553477,0.760088,0.7685866,0.76071477,0.6749164,0.7067778,0.6954125,0.6906125,0.68987095,0.63700646,0.6374893
1732,0.7734829,0.7547532,0.7635913,0.7729974,0.7627714,0.67404747,0.70828074,0.6928589,0.6874266,0.69260466,0.63110197,0.62808067
1733,0.7586121,0.7395128,0.76036507,0.76969606,0.7578539,0.6706566,0.7005059,0.68774503,0.68054515,0.6930327,0.62304693,0.6152043
1734,0.9185393,0.8806747,0.8187079,0.8342848,0.8239077,0.6735946,0.8046752,0.6991402,0.7251258,0.7144432,0.6439709,0.6607441
1735,0.8715552,0.84102654,0.81248754,0.8443089,0.80184764,0.68779546,0.75579417,0.7011015,0.68704545,0.6977301,0.61559916,0.61292523
1736,0.8478123,0.8140088,0.80432045,0.83190733,0.79184127,0.6841999,0.7420351,0.69115627,0.6804281,0.70199126,0.60499495,0.59464264
1737,0.80321413,0.77019614,0.7891486,0.8128774,0.7763564,0.6752953,0.7201843,0.68132406,0.6687124,0.70269537,0.5947351,0.5747903
1738,0.7669299,0.7355175,0.7750556,0.7936783,0.7647057,0.66272694,0.7065461,0.670666,0.6635378,0.7038106,0.5892346,0.56431764
1739,0.7587543,0.7291604,0.7710005,0.7877577,0.76553226,0.65157396,0.7102544,0.6635487,0.66788244,0.70559573,0.58968675,0.5658809
1740,0.71721077,0.69235754,0.7560737,0.77198625,0.7506696,0.642695,0.6889067,0.65722305,0.6585858,0.7002309,0.5833632,0.5556325
1741,0.6653688,0.64425814,0.7350361,0.74569744,0.7309641,0.63136584,0.66349864,0.64932853,0.6501704,0.6965003,0.57941365,0.5481022
1742,0.61820877,0.6009746,0.71409917,0.7182581,0.71366876,0.6184396,0.6427147,0.64203,0.6455705,0.69367623,0.57960045,0.5469107
1743,0.5825704,0.57003653,0.69661266,0.6957097,0.70128083,0.60633475,0.6284615,0.6364323,0.64506555,0.69040704,0.5828044,0.5515176
1744,0.5626025,0.55522305,0.68487734,0.68171823,0.6953376,0.5971321,0.62198836,0.63334423,0.6489076,0.6867763,0.5882595,0.56107205
1745,0.53745705,0.535321,0.6719138,0.6670909,0.6855554,0.5907625,0.6095701,0.6319364,0.6483352,0.6808396,0.5918206,0.56729484
1746,0.51527387,0.5175045,0.659402,0.6523094,0.6761706,0.5855197,0.5984313,0.6309024,0.6484919,0.6758033,0.59619486,0.5743993
1747,0.49989596,0.5060411,0.6492873,0.6404158,0.669444,0.58155084,0.59094423,0.63081074,0.6502296,0.67146736,0.6016463,0.58307666
1748,0.5022099,0.5117095,0.64602655,0.63750875,0.67047995,0.58020383,0.59329325,0.63260967,0.657124,0.6686217,0.6093527,0.59609413
1749,0.4987603,0.51127434,0.64218736,0.6342224,0.66785365,0.58151543,0.59004164,0.6357458,0.658909,0.66425896,0.6144506,0.60424805
1750,0.4888651,0.50340164,0.6359979,0.6267991,0.661743,0.5829312,0.5829045,0.63821346,0.65785784,0.66053134,0.6182451,0.60933644
1751,0.4834577,0.4993766,0.6311073,0.6201222,0.6578708,0.583846,0.57926303,0.64032537,0.65864533,0.658358,0.62300277,0.6157295
1752,0.48686096,0.5039776,0.62988335,0.618094,0.65822387,0.58565086,0.5807582,0.64326334,0.66197723,0.6570044,0.6287815,0.6241189
1753,0.49728894,0.51530796,0.63216615,0.6207103,0.6616145,0.5893171,0.58554465,0.64738923,0.666504,0.6560093,0.6346864,0.6331134
1754,0.49465057,0.51352453,0.630619,0.61841005,0.6585556,0.593315,0.5817423,0.6508856,0.6647827,0.6536626,0.6370797,0.6358422
1755,0.4906713,0.50974274,0.6279272,0.6136212,0.6550862,0.59578174,0.5782875,0.65298444,0.6634555,0.65265244,0.6394803,0.6383283
1756,0.49921557,0.51830494,0.6292373,0.61379796,0.65700096,0.59783155,0.5823821,0.6548509,0.66624314,0.6525844,0.6434103,0.64407665
1757,0.54849267,0.5660142,0.6467878,0.6348677,0.67788124,0.60503453,0.60957646,0.66181034,0.6825619,0.65648735,0.65367186,0.6619152
1758,0.59762865,0.6130055,0.6678663,0.661845,0.6969933,0.6181236,0.63249725,0.67191744,0.6925817,0.6583847,0.6595022,0.6729266
1759,0.57305455,0.5882042,0.66319716,0.65681547,0.6830388,0.627611,0.61076444,0.6751518,0.6760643,0.65442204,0.6508833,0.6568876
1760,0.5928482,0.6035977,0.6701141,0.6608309,0.69140667,0.6311994,0.62303036,0.6769211,0.68299055,0.66164196,0.65515333,0.66220105
1761,0.5806405,0.59086335,0.6679984,0.65692204,0.68618035,0.6339262,0.6146689,0.6780327,0.675524,0.6616038,0.6518066,0.6548203
1762,0.5691264,0.57855266,0.66424143,0.6495776,0.68176025,0.633191,0.609206,0.67663646,0.67191774,0.6632592,0.6501301,0.650858
1763,0.5504327,0.5603236,0.6574693,0.63909525,0.6745505,0.6301991,0.6003431,0.6741567,0.66650057,0.6632491,0.6477374,0.645965
1764,0.5452409,0.55567557,0.6546741,0.6338279,0.6736305,0.62676215,0.6001098,0.6722119,0.66715217,0.6642772,0.64863193,0.6471194
1765,0.54125243,0.5529925,0.6528935,0.6312019,0.6728976,0.6245818,0.5993116,0.6713705,0.6671859,0.6637011,0.6491097,0.6481063
1766,0.5479334,0.56045014,0.65492684,0.6337116,0.6764819,0.6240448,0.60401416,0.6717774,0.6707124,0.6639227,0.65124434,0.65221196
1767,0.5419536,0.5557092,0.6529485,0.63191444,0.6735056,0.6239466,0.5998925,0.67164224,0.66815627,0.66189826,0.6499697,0.65054363
1768,0.55197525,0.56554854,0.6559856,0.63550544,0.67791736,0.62443006,0.6059638,0.672397,0.6724248,0.66294444,0.6524415,0.6549361
1769,0.58776027,0.599904,0.66948014,0.6527197,0.69361544,0.6288003,0.6259759,0.67692757,0.6837787,0.665983,0.6584023,0.6658175
1770,0.5769378,0.5897941,0.66831034,0.6532542,0.6875725,0.6335158,0.6154977,0.6790062,0.6754844,0.66267055,0.6535179,0.6576164
1771,0.5744524,0.58583534,0.66737336,0.65077305,0.68610287,0.6343128,0.6139174,0.67849576,0.6746786,0.6644621,0.6528275,0.65578836
1772,0.5741327,0.5847702,0.66736495,0.649932,0.68622416,0.63415486,0.6142344,0.6782345,0.6743854,0.6656633,0.65273213,0.65494955
1773,0.58522403,0.59503675,0.6716242,0.6547397,0.6914493,0.6348587,0.6210974,0.67904246,0.67795706,0.66746646,0.65437245,0.65773773
1774,0.5887481,0.598403,0.673973,0.65805995,0.6928969,0.6363631,0.6222413,0.6798705,0.6775415,0.6674208,0.6535529,0.6566627
1775,0.6050512,0.6134924,0.68032724,0.66586345,0.69953436,0.6380843,0.6311681,0.6808308,0.6816661,0.66919327,0.6546398,0.6592817
1776,0.6171382,0.6246076,0.6861764,0.6737962,0.7041853,0.6410019,0.636516,0.68240845,0.6827988,0.66989183,0.65398556,0.65887535
1777,0.667867,0.67119116,0.70600224,0.69810385,0.725431,0.646654,0.6651764,0.6872772,0.69633305,0.6756583,0.6592447,0.6696924
1778,0.6800866,0.681884,0.7146765,0.7115438,0.72894526,0.65426695,0.66663283,0.6909237,0.69190514,0.67488486,0.6542779,0.6622603
1779,0.6556134,0.6564256,0.7080902,0.703859,0.71722573,0.65599203,0.64917284,0.6882113,0.67966133,0.6738005,0.64495695,0.6461601
1780,0.6272866,0.6270892,0.69759876,0.6885627,0.7057283,0.65116936,0.6349342,0.68242586,0.6714613,0.6750412,0.6391169,0.6351204
1781,0.61309123,0.61281264,0.6913892,0.67870003,0.7016514,0.64446235,0.63120395,0.67747647,0.66999346,0.67688304,0.6377651,0.632102
1782,0.5836771,0.5859039,0.67900765,0.66324973,0.68863124,0.6358043,0.6164801,0.6700271,0.6612403,0.6730581,0.63163686,0.62295973
1783,0.5567338,0.5613045,0.6668312,0.6474409,0.67765707,0.62694985,0.604467,0.66355294,0.6560082,0.67048717,0.6285966,0.6185052
1784,0.53802496,0.5452574,0.6570782,0.6352394,0.6702347,0.61852723,0.5971826,0.6582018,0.6539824,0.6678877,0.6278222,0.61798406
1785,0.53550345,0.54528874,0.65342265,0.63160235,0.6698703,0.61284214,0.5983561,0.6554821,0.6572285,0.66596633,0.63002574,0.62280613
1786,0.526158,0.5387226,0.6482402,0.6270093,0.665351,0.609362,0.593282,0.65382785,0.65588665,0.66191775,0.6298737,0.6236596
1787,0.538875,0.55271566,0.6503685,0.6310693,0.67001766,0.6079058,0.6009091,0.65353286,0.6623312,0.6608394,0.63349825,0.6311493
1788,0.60571826,0.6178203,0.6742057,0.662739,0.69841737,0.61435086,0.6388391,0.6605694,0.68472224,0.6650477,0.6446716,0.6532212
1789,0.60400677,0.61690074,0.6777448,0.67170906,0.69474953,0.6243179,0.6295396,0.6662916,0.67571276,0.6596189,0.63952047,0.6447011
1790,0.58756816,0.5985736,0.672426,0.6642382,0.6858576,0.6274398,0.6173224,0.66612417,0.66837806,0.6597637,0.63562983,0.63649815
1791,0.5735507,0.5830159,0.66674703,0.65488464,0.6800366,0.6260562,0.6105101,0.66460806,0.664724,0.6615797,0.6347548,0.63269067
1792,0.5511015,0.56076705,0.65782195,0.6420593,0.67094827,0.6222593,0.5995341,0.6619261,0.65871793,0.66113454,0.63275105,0.62767607
1793,0.5361136,0.5465719,0.6508425,0.63170946,0.66564417,0.61746705,0.59392023,0.65926105,0.65691316,0.6610966,0.6330943,0.62725514
1794,0.5283588,0.54029626,0.6466228,0.62582445,0.6635125,0.61361116,0.5919257,0.65777427,0.6574074,0.6604158,0.63464314,0.6295039
1795,0.52869666,0.5421648,0.6456189,0.62476814,0.66449213,0.6116207,0.5935156,0.6576566,0.66000766,0.65955913,0.63708556,0.6337907
1796,0.52212125,0.53723633,0.6425034,0.62158704,0.6614479,0.6104967,0.5897081,0.6575102,0.65874547,0.6571954,0.6373387,0.6344596
1797,0.5108528,0.5271661,0.63726795,0.61519176,0.65612394,0.60882705,0.583469,0.6567054,0.65620375,0.65515155,0.63715005,0.63393444
1798,0.50382715,0.52102494,0.63318056,0.6098671,0.6530157,0.6069206,0.5803338,0.6561105,0.65581286,0.6541108,0.6384308,0.6355528
1799,0.5078966,0.52583367,0.63327533,0.6100616,0.6549374,0.60631716,0.5833354,0.6568307,0.659105,0.6538363,0.6416278,0.6405944
1800,0.5131671,0.5318899,0.6346083,0.6123379,0.65685344,0.6074172,0.5857582,0.6584672,0.66134804,0.6528411,0.6439842,0.6445089
1801,0.5098602,0.5292225,0.63309246,0.61087143,0.654416,0.60853505,0.5826859,0.6593907,0.6597814,0.65112984,0.6441411,0.6445812
1802,0.5030405,0.5226448,0.62991995,0.6065806,0.6507037,0.6086087,0.578443,0.65951073,0.65771496,0.65015686,0.6442179,0.6440844
1803,0.5002034,0.5199478,0.6279175,0.6034856,0.6491932,0.6082051,0.57717633,0.6596648,0.6576399,0.64995426,0.64548904,0.6454847
1804,0.5160193,0.5355475,0.6328206,0.6093226,0.6561106,0.60961443,0.58635366,0.66164315,0.6639633,0.65122426,0.64988357,0.65263593
1805,0.561332,0.57946324,0.6496212,0.6308291,0.6750317,0.61581916,0.6105356,0.6672802,0.6778969,0.6540935,0.6572237,0.6662603
1806,0.839104,0.8289006,0.7517501,0.7540504,0.7851311,0.6423955,0.77308506,0.7004424,0.7536267,0.6829727,0.69338423,0.74706954
1807,0.7284548,0.7303769,0.7310122,0.75061613,0.7313289,0.676104,0.67089707,0.7068612,0.6826539,0.65721107,0.6481469,0.6651758
1808,0.6756646,0.6704608,0.7105523,0.7137707,0.70793265,0.67174053,0.64262944,0.6934599,0.6703825,0.66742784,0.63628244,0.64136386
1809,0.64635646,0.6389264,0.6997885,0.69245225,0.70047563,0.661631,0.6350395,0.6854293,0.6652862,0.67480904,0.6340451,0.6317416
1810,0.8020833,0.78173304,0.7560613,0.7551674,0.7699905,0.6637501,0.7378167,0.6958261,0.7166087,0.69755113,0.65935737,0.6801534
1811,0.71121085,0.7018316,0.7352834,0.7433871,0.73101264,0.6730729,0.667854,0.694747,0.66895807,0.6770307,0.6279469,0.6268332
1812,0.6603168,0.64947474,0.71505964,0.71162736,0.71118677,0.6626994,0.64394706,0.68176734,0.66023386,0.68105316,0.6198208,0.6115205
1813,0.6167675,0.6077916,0.69774204,0.6860872,0.69738567,0.64886373,0.62762445,0.6721417,0.6533873,0.6821572,0.61673087,0.6032136
1814,0.58875406,0.5833354,0.68534464,0.6687913,0.68981934,0.6358845,0.6194231,0.66437906,0.652267,0.6814227,0.61676687,0.6023136
1815,0.57135326,0.57030076,0.6769618,0.658696,0.6858406,0.6259014,0.615009,0.6592479,0.6536217,0.6789284,0.61808985,0.6049724
1816,0.54817104,0.55161786,0.6665358,0.6471714,0.6776065,0.6179123,0.60469234,0.655059,0.65131515,0.67419755,0.6176879,0.60503155
1817,0.5276449,0.53478557,0.6560167,0.63522327,0.6693959,0.6104878,0.5954065,0.6510047,0.64987534,0.66998154,0.6181535,0.60631186
1818,0.5130603,0.523369,0.6476061,0.6259582,0.6637496,0.604596,0.5892396,0.6485576,0.6503242,0.6665236,0.6203359,0.60995185
1819,0.5045575,0.5176666,0.64154303,0.61985856,0.66028386,0.6004642,0.5857463,0.6474268,0.6519967,0.66329426,0.6233602,0.6149654
1820,0.5092409,0.52446055,0.64061666,0.6203671,0.6622591,0.5989241,0.5890123,0.6481623,0.6572896,0.66118574,0.6281766,0.623184
1821,0.5068535,0.52397424,0.6381364,0.6191217,0.66003335,0.5991725,0.5863961,0.6494647,0.65769786,0.6576814,0.63037544,0.6267734
1822,0.49780974,0.5160815,0.63306445,0.6135685,0.6545391,0.59905595,0.5801417,0.649941,0.65567565,0.65472835,0.6314664,0.6278751
1823,0.49258292,0.51154786,0.62887174,0.608357,0.6509209,0.5982303,0.5769349,0.65000355,0.6553955,0.6529765,0.6335512,0.6304415
1824,0.4928762,0.5125548,0.6269589,0.6060494,0.6498962,0.59798235,0.57684743,0.6506625,0.65664095,0.65154105,0.636321,0.6343616
1825,0.53463835,0.5536528,0.64031464,0.62315935,0.66702384,0.6018228,0.60009134,0.65481085,0.67164004,0.6537962,0.6451991,0.6502491
1826,0.5629704,0.5816756,0.6524628,0.6403028,0.67681247,0.6106945,0.611328,0.66129273,0.6762163,0.65255004,0.6479964,0.65587974
1827,0.5963904,0.6123382,0.66683203,0.6583494,0.6890292,0.62098604,0.6259855,0.668087,0.6826126,0.65498126,0.6513493,0.6617614
1828,0.6374076,0.64902294,0.68494356,0.6803299,0.704947,0.63241416,0.6453085,0.67588955,0.69010824,0.6596142,0.6549135,0.66767836
1829,0.68043625,0.68672365,0.7047989,0.7043553,0.72151434,0.6445489,0.6653203,0.683765,0.69604003,0.66497046,0.65669817,0.670813
1830,0.68786186,0.69054985,0.7124834,0.71394354,0.7233288,0.65425205,0.6639428,0.68785083,0.6897859,0.6672911,0.65129554,0.66062087
1831,0.6903768,0.689071,0.7165359,0.71672225,0.72460264,0.65850765,0.6639852,0.68839437,0.68639576,0.672029,0.6472858,0.65253884
1832,0.6859161,0.6820719,0.7175652,0.7160194,0.72408557,0.659265,0.6620059,0.68722534,0.68245,0.6757171,0.6431222,0.6444021
1833,0.67863923,0.6734448,0.7168403,0.713493,0.7228179,0.65752083,0.65964496,0.68470436,0.6791887,0.6784123,0.6392384,0.63744634
1834,0.73209894,0.7221169,0.7376675,0.7370714,0.7476251,0.6584664,0.69489497,0.6873084,0.6958436,0.68720734,0.6455083,0.6503062
1835,0.6982188,0.6908394,0.7303521,0.73271745,0.7332538,0.6607018,0.6698592,0.68573636,0.677319,0.680885,0.6321075,0.62832576
1836,0.65887797,0.6515853,0.7155329,0.71252114,0.71685255,0.6539304,0.6490877,0.6773123,0.66660345,0.68056476,0.6235853,0.6138622
1837,0.6171817,0.6112372,0.6988867,0.6895316,0.7014727,0.6433648,0.63049185,0.6691746,0.6580157,0.68009967,0.6187398,0.6044593
1838,0.58218634,0.5788234,0.6837935,0.6689714,0.6895364,0.63181984,0.61677945,0.66199255,0.6534218,0.6789659,0.61712766,0.6010017
1839,0.5671942,0.5670614,0.67551935,0.6583036,0.6861925,0.62218416,0.61407924,0.6572341,0.65586066,0.6779262,0.6194494,0.6052365
1840,0.55236894,0.55611765,0.6681573,0.65058064,0.6817539,0.6156059,0.6086665,0.65462214,0.6561781,0.67443883,0.62073195,0.60828674
1841,0.5304473,0.5376869,0.65797824,0.63927054,0.67295444,0.61003846,0.59778196,0.65212184,0.6533178,0.6700674,0.6207551,0.60880446
1842,0.5158403,0.52577305,0.64960927,0.62962705,0.6671183,0.60488456,0.5914876,0.6500672,0.65352887,0.6672028,0.62290007,0.6124069
1843,0.5049229,0.5174663,0.6427429,0.62216127,0.66248715,0.60095197,0.58658963,0.6490249,0.65405315,0.66410726,0.625466,0.61660004
1844,0.5074793,0.52203804,0.6409944,0.6212175,0.66364896,0.5992643,0.5889229,0.64970076,0.6587414,0.66227037,0.6301467,0.6245139
1845,0.51065457,0.5269392,0.64058834,0.6222846,0.66444904,0.60002536,0.5900385,0.65179294,0.6616383,0.6598589,0.6338273,0.63065493
1846,0.5083353,0.5257443,0.63855153,0.6207312,0.66227007,0.60147786,0.5873821,0.6537016,0.66168493,0.6574759,0.636011,0.633807
1847,0.5033394,0.5213528,0.6353219,0.6168435,0.6588649,0.60232025,0.58364856,0.6548982,0.66084516,0.65578026,0.63780093,0.635863
1848,0.49784204,0.5163403,0.6318082,0.6121361,0.6554485,0.60253006,0.58015233,0.655687,0.65995705,0.65448296,0.6396026,0.6377866
1849,0.50288683,0.52162015,0.632184,0.61217034,0.6571391,0.60340273,0.58304787,0.6573175,0.6629987,0.6544249,0.6433487,0.643195
1850,0.5100795,0.5291541,0.63425946,0.6147633,0.6596331,0.6057751,0.58626604,0.65990853,0.6655714,0.65392536,0.6465513,0.6479883
1851,0.51558447,0.53473663,0.6361662,0.61702776,0.6611128,0.60880077,0.58801836,0.6624902,0.66685456,0.6534259,0.64874923,0.6511412
1852,0.51492465,0.5340283,0.63586116,0.61621416,0.65966976,0.6111541,0.5862713,0.6640955,0.66566706,0.6527087,0.649406,0.6515834
1853,0.50777024,0.52688223,0.6327061,0.6114373,0.6552349,0.6116954,0.58141345,0.6640545,0.6624459,0.6517191,0.64876276,0.6498496
1854,0.5288715,0.54740584,0.6375677,0.6169053,0.6612541,0.6111256,0.5926165,0.66268915,0.6680263,0.651886,0.651037,0.6550437
1855,0.55842906,0.57608324,0.6497118,0.63236976,0.6735944,0.61742777,0.6073916,0.6680116,0.6757137,0.65347886,0.65551317,0.6630022
1856,0.5493485,0.56701165,0.6490477,0.6321322,0.66819024,0.6227887,0.5983243,0.67042184,0.6683097,0.65140116,0.65156054,0.65601087
1857,0.5402368,0.5565858,0.64589167,0.62627196,0.6636346,0.62349844,0.59292024,0.6696739,0.6646856,0.65265185,0.64980716,0.6520816
1858,0.55238134,0.56770307,0.6485186,0.62822086,0.66700715,0.6219546,0.600118,0.66743165,0.6674233,0.65384746,0.6502094,0.6535054
1859,0.5578416,0.57302433,0.65182066,0.6322209,0.66956353,0.6241515,0.6024764,0.6690468,0.66763854,0.6542014,0.6502314,0.65353465
1860,0.5492615,0.5644358,0.64984053,0.629334,0.6658451,0.62506735,0.5969144,0.6689915,0.6635988,0.6538004,0.64783967,0.64935285
1861,0.54616255,0.56086403,0.6488014,0.626855,0.6651335,0.62445337,0.5961145,0.6684002,0.66323197,0.6550681,0.64770836,0.648684
1862,0.5316808,0.5469053,0.64370304,0.6199322,0.65931326,0.622507,0.58865494,0.66681683,0.6585846,0.65424454,0.6453866,0.6444602
1863,0.520607,0.5363269,0.63881516,0.6129509,0.65512,0.61923194,0.5841216,0.66457516,0.6564821,0.6540657,0.64454603,0.6428397
1864,0.51202303,0.52867687,0.6347867,0.60755885,0.65216386,0.6160777,0.5809529,0.66289544,0.65538156,0.65345913,0.6444874,0.64263105
1865,0.5106032,0.52820843,0.6333425,0.6058127,0.6522721,0.6139682,0.5814768,0.66221774,0.65678746,0.65307254,0.6457994,0.6449245
1866,0.5165873,0.5349656,0.63498366,0.60840696,0.6553336,0.6137202,0.58531743,0.6629381,0.6600598,0.65284634,0.6480263,0.64893967
1867,0.51120085,0.5305408,0.63310486,0.60688734,0.652684,0.61389846,0.58157027,0.66325986,0.658073,0.65103716,0.6473649,0.6480021
1868,0.50454724,0.5242731,0.6299653,0.60300434,0.6493782,0.61294997,0.5778613,0.6625631,0.6564066,0.6501175,0.6469561,0.6471807
1869,0.4999099,0.5199891,0.6273736,0.59965676,0.6472592,0.6116745,0.57575446,0.66198397,0.6557732,0.64957744,0.64735657,0.6475039
1870,0.49822646,0.5187411,0.62598675,0.59793365,0.64658505,0.6108415,0.5752648,0.6619371,0.65618354,0.64914167,0.64838856,0.6489308
1871,0.62376046,0.6375096,0.6708499,0.65316594,0.70193756,0.62181264,0.64860857,0.6749976,0.7003855,0.66274613,0.6711888,0.6913738
1872,0.6605351,0.6735334,0.6933181,0.68733335,0.71409476,0.64225596,0.6567586,0.688603,0.6966041,0.6589863,0.6674856,0.68658954
1873,0.6843283,0.69187987,0.7066414,0.7037624,0.7206373,0.65569144,0.6624373,0.69389987,0.6948081,0.66296744,0.66319746,0.6794156
1874,0.6913343,0.69397455,0.71308887,0.7103848,0.7223045,0.66309226,0.6624044,0.6956078,0.6897844,0.66758525,0.6577129,0.6686066
1875,0.7133296,0.71055275,0.7239903,0.7212973,0.7317545,0.6670508,0.6746959,0.69656736,0.69201916,0.67458683,0.6558743,0.66487104
1876,0.7253847,0.7193131,0.7320724,0.7307565,0.73710704,0.66997474,0.6804235,0.6965068,0.68979293,0.6782902,0.6508455,0.6567535
1877,0.74471545,0.7350481,0.74213,0.74249184,0.7454697,0.671624,0.6913764,0.69570994,0.6907859,0.68270814,0.646861,0.651467
1878,0.81456274,0.7968628,0.7709517,0.7766491,0.7744751,0.6765194,0.732938,0.70044184,0.7054056,0.6921426,0.6500771,0.6606685
1879,0.78931075,0.7726597,0.7683821,0.77989423,0.76305515,0.68191946,0.70973176,0.6986949,0.68523693,0.68697995,0.6327908,0.6324664
1880,0.74472004,0.7273845,0.7535853,0.76081854,0.7453553,0.6762535,0.684664,0.6888598,0.6710854,0.6875297,0.61957395,0.6099259
1881,0.70488155,0.6877925,0.73857015,0.73958915,0.7319245,0.6647081,0.66830945,0.6784657,0.66320056,0.68938875,0.61255664,0.5969396
1882,0.7184092,0.7012191,0.741664,0.74150264,0.74103045,0.65432936,0.68485606,0.6718154,0.6730223,0.69394225,0.61507577,0.6029936
1883,0.6771965,0.6646331,0.7282237,0.728627,0.72546583,0.64750457,0.66151744,0.66621315,0.659666,0.68709356,0.6056255,0.58833015
1884,0.6536743,0.64293444,0.717795,0.71514785,0.71791655,0.6383378,0.65305054,0.65950453,0.6586993,0.68672395,0.60403866,0.58623
1885,0.6102073,0.6029034,0.7004591,0.6942306,0.7016234,0.62865096,0.6317164,0.6534814,0.65009534,0.6825454,0.6002169,0.5792543
1886,0.57367873,0.56950325,0.6837876,0.67275065,0.68832844,0.61772436,0.6160915,0.64732844,0.64653,0.6799896,0.60022414,0.5785419
1887,0.5462116,0.54588765,0.66988295,0.655503,0.67864716,0.6075926,0.6052576,0.64256746,0.6457689,0.6767888,0.6023207,0.5817735
1888,0.53472435,0.53840095,0.6618287,0.6466538,0.675475,0.6002401,0.60248876,0.6400914,0.64968246,0.67375344,0.606793,0.5898084
1889,0.52800184,0.5354807,0.6564554,0.64211935,0.67342156,0.5963484,0.6002172,0.6398955,0.65301216,0.6698368,0.61098367,0.5975413
1890,0.5113073,0.52197677,0.64781564,0.6331439,0.66569495,0.59380734,0.5905568,0.63990915,0.6511743,0.66491127,0.6128977,0.60063887
1891,0.5004141,0.51326823,0.6406034,0.62483877,0.6604764,0.59137964,0.5850014,0.6399249,0.6519311,0.6619735,0.6165219,0.60601485
1892,0.4924888,0.50741714,0.6347015,0.6181536,0.65631884,0.5896758,0.5807965,0.6404978,0.6527413,0.65903676,0.6202644,0.6114858
1893,0.50066715,0.5171108,0.6349603,0.61921495,0.6593366,0.5900444,0.585641,0.6426216,0.65870255,0.65771633,0.6263268,0.6213099
1894,0.5008689,0.51882964,0.6337783,0.6187994,0.6580644,0.5923083,0.5840837,0.64551044,0.65935177,0.65479296,0.62950325,0.626053
1895,0.49357796,0.5123541,0.6297634,0.61376095,0.6532548,0.59396446,0.5785137,0.64733183,0.65739655,0.6524322,0.63133126,0.62795204
1896,0.48996675,0.5091188,0.6267069,0.60915446,0.65060467,0.59478414,0.5761558,0.6487659,0.6574576,0.6514918,0.6342824,0.63147897
1897,0.4925964,0.51218975,0.6261588,0.607822,0.6509111,0.5959991,0.5773921,0.650653,0.65935785,0.65089196,0.63793385,0.63650686
1898,0.50161487,0.52154565,0.6285315,0.6104176,0.6539609,0.598565,0.58169436,0.6534081,0.66269135,0.65053374,0.64189637,0.6424978
1899,0.5024745,0.5228051,0.62869424,0.61035705,0.65300226,0.6015583,0.58050495,0.6558444,0.66196036,0.6491817,0.6434025,0.64434034
1900,0.55251515,0.570639,0.64646035,0.6315246,0.6746142,0.60831153,0.60861427,0.6623379,0.67942333,0.65428495,0.65384173,0.66230375
1901,0.53165704,0.5509304,0.6423857,0.627971,0.6631609,0.6151467,0.5909103,0.6657305,0.66584116,0.64909303,0.6475762,0.6508901
1902,0.5693797,0.5849056,0.6551667,0.6407696,0.6790903,0.619772,0.6129843,0.6691722,0.6794675,0.655994,0.655303,0.66340506
1903,0.7379447,0.73967797,0.71889395,0.71746576,0.7488856,0.63800544,0.7103538,0.68930036,0.7270555,0.6737891,0.6785725,0.71078885
1904,0.6503121,0.65835756,0.6995945,0.70500606,0.7063939,0.65704197,0.63779044,0.69248265,0.6759529,0.65634114,0.6473835,0.6557793
1905,0.6171604,0.61957765,0.6857909,0.6787913,0.6922028,0.6526389,0.62248474,0.683844,0.66971475,0.6649465,0.6421564,0.6437064
1906,0.60043514,0.601641,0.6792131,0.66548055,0.6884887,0.6454751,0.61934006,0.6789955,0.6672337,0.6696659,0.64173484,0.6394693
1907,0.6418768,0.6415043,0.69423664,0.68163615,0.70975983,0.643575,0.6487011,0.6800987,0.6836694,0.6766143,0.64975274,0.65357715
1908,0.76572216,0.75692004,0.7428713,0.74198896,0.7621599,0.65446186,0.7216039,0.6936145,0.7166562,0.68782306,0.66394466,0.68499225
1909,0.6876545,0.68543035,0.7242646,0.7298728,0.72597194,0.6656529,0.6594897,0.6931208,0.67470926,0.67192864,0.6363514,0.6380702
1910,0.6725238,0.66584796,0.71700513,0.71423215,0.7208108,0.6601786,0.65553653,0.6853957,0.67548734,0.68008864,0.6343097,0.6325537
1911,0.63533413,0.62964666,0.7041248,0.6964324,0.70814246,0.65260494,0.63839036,0.6795452,0.66554576,0.6800638,0.62887615,0.6207729
1912,0.617478,0.6129459,0.69642633,0.6846128,0.70397896,0.6438706,0.6342203,0.6738676,0.66539735,0.68161386,0.628644,0.6194433
1913,0.5984523,0.5966924,0.6887913,0.67503023,0.69865257,0.6364379,0.6274457,0.6696267,0.6634557,0.68002135,0.6276622,0.6178221
1914,0.6011016,0.60131663,0.6884273,0.6750082,0.7021681,0.63129276,0.6327655,0.6674569,0.66904235,0.6800635,0.63046974,0.6235359
1915,0.6209607,0.62236124,0.6954696,0.68570495,0.71219426,0.630583,0.6457606,0.6687621,0.67761034,0.68018,0.63447297,0.6321161
1916,0.6272444,0.6296652,0.6988896,0.6927791,0.7148179,0.6326756,0.64760095,0.67068565,0.6784246,0.67803746,0.6342613,0.63293636
1917,0.60489076,0.60823774,0.6912622,0.6847583,0.7045313,0.63267475,0.6327333,0.66962796,0.6704819,0.6748868,0.6300391,0.62521976
1918,0.6376843,0.6385409,0.7016616,0.6965144,0.71981996,0.63263756,0.6548058,0.67106956,0.6845902,0.6804782,0.63748276,0.63815206
1919,0.6934294,0.69135445,0.72349054,0.7256306,0.742757,0.63866955,0.6858774,0.67729557,0.6982046,0.6835918,0.6430365,0.6506583
1920,0.70252556,0.69942164,0.7306986,0.73861253,0.74388796,0.64727247,0.6837721,0.68137467,0.6919374,0.6807949,0.63740927,0.64209515
1921,0.77579325,0.7638786,0.75892067,0.7717121,0.7728452,0.6551205,0.725823,0.6877897,0.70938873,0.6903763,0.6437998,0.6559935
1922,0.7726758,0.7591903,0.76344764,0.7822682,0.7689802,0.66483575,0.7144957,0.69100744,0.69534767,0.68733585,0.6328971,0.6369173
1923,0.7963097,0.7766389,0.7738232,0.79295343,0.7777878,0.6680856,0.7272812,0.69078714,0.6980941,0.69380355,0.6306512,0.63331825
1924,0.8200767,0.7956788,0.7856464,0.80749446,0.7874417,0.6712355,0.739835,0.691783,0.6983674,0.6980167,0.6272616,0.6280437
1925,0.8365876,0.8084542,0.7949376,0.81970996,0.79384166,0.6738132,0.747398,0.69150513,0.6961898,0.7007042,0.6217415,0.61975783
1926,0.9316998,0.8907566,0.8317922,0.8608632,0.83105206,0.6783504,0.80513996,0.697968,0.7152556,0.7122715,0.6286448,0.63709533
1927,0.8980668,0.8602759,0.82675904,0.8655177,0.81506634,0.68720275,0.77102333,0.69689757,0.6883184,0.7031397,0.6069302,0.6000605
1928,0.8955838,0.8532741,0.82685816,0.86271423,0.8146871,0.68412006,0.7713303,0.69007874,0.6870228,0.7090986,0.60061634,0.5890022
1929,0.8510344,0.81056374,0.8129241,0.8477022,0.79868174,0.67795825,0.74645644,0.6816325,0.6726143,0.7077121,0.5879699,0.56568015
1930,0.81842506,0.7789667,0.8005468,0.8306364,0.788243,0.6667322,0.73427427,0.67127395,0.6681445,0.70962393,0.5820962,0.55473053
1931,0.7614853,0.7261384,0.7795056,0.80501676,0.7678158,0.6541062,0.706914,0.6611006,0.6565802,0.70679516,0.5739372,0.53961515
1932,0.7089704,0.6775561,0.7578781,0.77649885,0.7492782,0.63912743,0.68466616,0.65074056,0.6504519,0.70522267,0.5707322,0.5329992
1933,0.65500647,0.6286111,0.73500735,0.7468426,0.7300369,0.62406206,0.66121984,0.6420982,0.6445896,0.7018657,0.5696838,0.53004515
1934,0.60644513,0.58556986,0.71297634,0.7182661,0.7126473,0.60968155,0.6404266,0.6349654,0.64133567,0.6978209,0.57142985,0.5321749
1935,0.5665306,0.55166286,0.6933897,0.69341326,0.698439,0.5970325,0.6235601,0.6297265,0.64071965,0.6930488,0.57540745,0.5385898
1936,0.54060745,0.5319232,0.6785688,0.6755606,0.68964744,0.5871642,0.6134433,0.62659556,0.6438589,0.6881059,0.5814394,0.5492839
1937,0.52929,0.526505,0.6694736,0.6660855,0.68635905,0.58110625,0.6099225,0.6259537,0.64993477,0.6831235,0.5886799,0.56275654
1938,0.5197705,0.52208304,0.6619779,0.65908957,0.6824686,0.57863706,0.6049881,0.62731683,0.653725,0.677447,0.5948752,0.57404387
1939,0.5131748,0.51929003,0.655812,0.6530876,0.67896056,0.57827973,0.60082716,0.6295669,0.6570585,0.6727842,0.60106397,0.5845093
1940,0.51230466,0.5211856,0.6521271,0.64959925,0.67764086,0.5795116,0.599659,0.632677,0.66116226,0.66938895,0.60772485,0.5952157
1941,0.5024764,0.51364475,0.6458309,0.64221317,0.67158556,0.5813565,0.59232056,0.63569474,0.66034913,0.66533124,0.6121224,0.60116506
1942,0.49297464,0.505739,0.63935995,0.63343525,0.6658294,0.5825177,0.5860697,0.63804173,0.6600588,0.66268414,0.61686116,0.60721725
1943,0.48703533,0.5012889,0.6343652,0.62621933,0.6620167,0.5835264,0.5823709,0.6404578,0.6608481,0.6606873,0.62204844,0.614043
1944,0.49485335,0.5103295,0.6347777,0.62598103,0.66460735,0.58581656,0.5866532,0.6439371,0.66602075,0.65990376,0.6289236,0.6244069
1945,0.50048524,0.51717824,0.63565516,0.626787,0.6656225,0.5898211,0.5881886,0.6481449,0.6682477,0.65806055,0.63380444,0.6316051
1946,0.49497736,0.51252687,0.63274246,0.62226266,0.6611972,0.59334844,0.58297133,0.65117013,0.6658822,0.6557964,0.6360727,0.6339558
1947,0.50910777,0.52638143,0.6363816,0.62519705,0.6663893,0.59698117,0.59055626,0.65480286,0.6716982,0.6569482,0.6422659,0.64316285
1948,0.51182884,0.5295766,0.6373191,0.6256285,0.6658358,0.6013902,0.5898603,0.65838206,0.67086875,0.65548354,0.64454204,0.6459051
1949,0.61251736,0.62463146,0.6735249,0.6688126,0.7093735,0.61265844,0.6482899,0.6700811,0.7046357,0.6661623,0.6629663,0.68010855
1950,0.61736083,0.62994385,0.6822576,0.683545,0.7073318,0.6292183,0.6394165,0.679693,0.69232905,0.66045344,0.6567298,0.66900223
1951,0.5845434,0.5952619,0.6718878,0.6682283,0.6891946,0.63426685,0.6153232,0.67802614,0.6761624,0.65935576,0.647527,0.6515481
1952,0.56342727,0.5718093,0.6634218,0.6524828,0.6805411,0.63192147,0.6058344,0.6750809,0.67067885,0.6631936,0.64608914,0.6457718
1953,0.5626531,0.5703852,0.66236925,0.6476427,0.6821511,0.6290296,0.6090958,0.6739316,0.67278576,0.66655254,0.64871174,0.64827234
1954,0.56350213,0.57214147,0.66300994,0.64721435,0.68378156,0.62802863,0.6110784,0.67402893,0.6736864,0.66692346,0.6498504,0.64998055
1955,0.5638434,0.57345694,0.6634068,0.64715385,0.684194,0.6277922,0.6115668,0.67396677,0.6737461,0.66642064,0.64994264,0.65061414
1956,0.5427967,0.5540628,0.65567136,0.6372016,0.67409027,0.62570614,0.59900427,0.67141676,0.66579205,0.66328806,0.6456385,0.6437283
1957,0.5290659,0.5410682,0.64933723,0.6278561,0.6686263,0.6221428,0.59313226,0.6689702,0.66358596,0.6630911,0.6453114,0.6426631
1958,0.524376,0.53750074,0.646205,0.623288,0.6673157,0.61903924,0.59237397,0.667636,0.66435367,0.66275823,0.6467553,0.64483124
1959,0.5269309,0.54125804,0.6462108,0.62346816,0.66893023,0.6178599,0.5947263,0.6678454,0.6668729,0.66215056,0.64897877,0.6487435
1960,0.5209104,0.53662956,0.6436402,0.62085253,0.66599053,0.6174344,0.59091246,0.66793126,0.6651896,0.66007215,0.6488387,0.6486935
1961,0.5116328,0.528271,0.63934577,0.6154628,0.661504,0.61625206,0.58571255,0.66723907,0.6629698,0.65856487,0.64857167,0.6480526
1962,0.5056048,0.52297217,0.63580316,0.6107878,0.6585962,0.61460644,0.58288276,0.6664903,0.6622751,0.6576445,0.6493024,0.6489182
1963,0.51153994,0.52940243,0.6366351,0.6118333,0.6610381,0.614142,0.5867056,0.66698915,0.66557693,0.6575532,0.6520822,0.6534699
1964,0.5226937,0.5409503,0.640307,0.61699635,0.6654398,0.615914,0.5922725,0.66900635,0.6693089,0.6572049,0.6548369,0.6582758
1965,0.55202645,0.5693157,0.6512956,0.63116854,0.6777244,0.6208735,0.6075436,0.67352617,0.6784141,0.65903914,0.66011083,0.66759694
1966,0.5576817,0.57472795,0.65529484,0.637322,0.67851937,0.6265623,0.606998,0.67686236,0.6763269,0.6576803,0.65892446,0.66570246
1967,0.56695044,0.58230543,0.6593227,0.6417103,0.6812206,0.6303452,0.6104062,0.6785539,0.67729956,0.6591772,0.659119,0.6657673
1968,0.6149669,0.62642795,0.6777426,0.66352814,0.7015886,0.636803,0.63712275,0.6841442,0.691086,0.6651728,0.6659211,0.67774117
1969,0.6868763,0.6925434,0.7076366,0.7010975,0.7302533,0.6491457,0.6743696,0.6941255,0.7061873,0.67126894,0.67180765,0.6903432
1970,0.6946566,0.69804317,0.71683043,0.7155675,0.7305378,0.6616678,0.66946,0.69919807,0.6961844,0.67011803,0.66307884,0.675991
1971,0.7046868,0.7031618,0.7233376,0.72186303,0.73338675,0.6670081,0.6723077,0.69931006,0.6936837,0.67510897,0.6581096,0.66731906
1972,0.77164596,0.7611958,0.7503235,0.75205606,0.7611204,0.6728217,0.71197224,0.70422727,0.7085776,0.6862391,0.6625906,0.676652
1973,0.9528495,0.9175739,0.8212326,0.8343816,0.82958555,0.6895225,0.8167261,0.72583145,0.7423058,0.7061357,0.6776622,0.7124221
1974,0.87888485,0.8520202,0.8072219,0.836496,0.79374444,0.7090604,0.7451672,0.72321045,0.6909773,0.6884421,0.6375268,0.6440525
1975,0.8259712,0.7955545,0.7884996,0.8080549,0.7722966,0.70183575,0.7160803,0.70703304,0.6769445,0.6945579,0.6202784,0.61377347
1976,0.7915229,0.7602558,0.7762452,0.7880593,0.7626227,0.6881454,0.7057457,0.69397503,0.6705614,0.70002013,0.6123119,0.5978215
1977,0.7674059,0.73806113,0.76806486,0.7761679,0.75769067,0.67495465,0.7007848,0.68357,0.66765356,0.7018695,0.606931,0.58870727
1978,0.74261314,0.7168521,0.75941527,0.76600343,0.75136733,0.66318476,0.69308263,0.67441636,0.6642401,0.70044893,0.60142547,0.58103436
1979,0.7412012,0.71777445,0.7586373,0.76589096,0.75460535,0.6539193,0.6989328,0.668354,0.66899973,0.7008592,0.6009264,0.5827302
1980,0.7064526,0.68734795,0.74661607,0.75454056,0.7421659,0.64644283,0.6805275,0.66248477,0.6603808,0.69538736,0.5940656,0.5724419
1981,0.65961754,0.6437212,0.72785366,0.7318414,0.7243132,0.6362259,0.6572341,0.6547786,0.65197194,0.6917096,0.5892097,0.5638795
1982,0.61533374,0.6026779,0.7084833,0.7069314,0.70813715,0.6240959,0.6376216,0.6474697,0.64691263,0.6891117,0.5882871,0.56102383
1983,0.57554597,0.5669723,0.69004583,0.6834156,0.69383925,0.6120585,0.62063164,0.6414413,0.6438469,0.6857199,0.5896346,0.5621983
1984,0.54644346,0.54249924,0.6749714,0.6647875,0.6837176,0.60152173,0.60909426,0.6370085,0.64420575,0.6819406,0.59318745,0.56781644
1985,0.53692985,0.53767204,0.66706324,0.65635645,0.68158096,0.59424573,0.60761034,0.63504183,0.65010977,0.6785549,0.59930027,0.5788607
1986,0.5271066,0.5323267,0.660181,0.6502314,0.6778008,0.59060085,0.60297436,0.6351942,0.6527242,0.6734145,0.6037306,0.5870926
1987,0.5086597,0.51738113,0.65023905,0.6394491,0.6689669,0.58813405,0.5920945,0.6354111,0.65102124,0.6680131,0.606462,0.59139186
1988,0.4970576,0.50831443,0.64216423,0.6299184,0.6631803,0.58579534,0.58601487,0.63570166,0.65214145,0.6646709,0.6110033,0.59815264
1989,0.49481487,0.50834453,0.63800627,0.6253952,0.66170776,0.58497465,0.5851529,0.63733715,0.6556897,0.6621195,0.6167976,0.60705435
1990,0.49965593,0.51507103,0.6373181,0.62540466,0.6630511,0.58638567,0.5874193,0.6403579,0.6601923,0.6598834,0.62276405,0.6164876
1991,0.49715048,0.5140807,0.63481677,0.6228769,0.66042155,0.58887684,0.58429927,0.6434555,0.6603521,0.6569121,0.62637895,0.6215508
1992,0.49040246,0.5082297,0.63051844,0.61709726,0.65571934,0.59056926,0.5791858,0.64550084,0.65901375,0.6546431,0.6291591,0.62477344
1993,0.4869236,0.50537586,0.6272443,0.6120757,0.65287876,0.5916489,0.5767463,0.6472564,0.65915406,0.6533792,0.6326445,0.6290909
1994,0.49663013,0.51547575,0.6291637,0.61370605,0.6564085,0.59394735,0.582016,0.6502604,0.66382295,0.6534057,0.6381537,0.63725317
1995,0.5030074,0.5224397,0.63097847,0.61572826,0.6578475,0.59759575,0.5839727,0.65367216,0.66535294,0.6521672,0.6414919,0.6421042
1996,0.5390852,0.5573023,0.6437846,0.63101447,0.67279327,0.60409886,0.6033115,0.65958416,0.6773596,0.65494514,0.64961505,0.6557955
1997,0.5276724,0.5466231,0.6412746,0.62853795,0.6644006,0.6098056,0.59161884,0.6621302,0.6677188,0.65056986,0.6455966,0.6485249
1998,0.5709905,0.5864942,0.656289,0.6446308,0.68237156,0.6157501,0.61623025,0.66686934,0.6823605,0.6568408,0.6541614,0.662803
1999,0.60107285,0.6146624,0.6706103,0.66267776,0.69430393,0.6258819,0.6293955,0.67445326,0.6866064,0.6585919,0.65693015,0.66726327
2000,0.5801533,0.5930977,0.6663233,0.6571108,0.6834525,0.6320172,0.6126319,0.6760654,0.67398816,0.65669405,0.650013,0.6543436
2001,0.5707207,0.5814807,0.6628284,0.6491471,0.6794241,0.6318352,0.60835785,0.6745411,0.67118263,0.65998924,0.6488317,0.6505822
2002,0.5636861,0.5738758,0.6604011,0.6437578,0.67740273,0.6302413,0.6062028,0.67337465,0.66929036,0.66174,0.64842415,0.6486249
2003,0.5446493,0.5557053,0.65362036,0.63388324,0.66988647,0.62731165,0.5967691,0.67101413,0.6634146,0.6608756,0.6456404,0.6434491
2004,0.5694904,0.57977605,0.66164917,0.6422626,0.6824968,0.6265759,0.6139911,0.6719994,0.6747685,0.665137,0.65192974,0.654295
2005,0.56776625,0.57950383,0.6629537,0.64524406,0.68199986,0.6286339,0.6114385,0.67373836,0.67201024,0.66289556,0.6503171,0.65217125
2006,0.5636571,0.5754798,0.661891,0.6436614,0.6801501,0.6291801,0.60869616,0.6735655,0.6705053,0.66277254,0.64922893,0.6505166
2007,0.560134,0.5719179,0.6606193,0.6415803,0.67893404,0.62871975,0.6071257,0.6731497,0.6697079,0.66312444,0.64893216,0.64971966
2008,0.5568639,0.56880116,0.6593886,0.63969725,0.67799705,0.62801605,0.6058735,0.6728081,0.66920596,0.66331494,0.6489096,0.6493971
2009,0.54877615,0.5612224,0.6563789,0.63574535,0.674898,0.6268546,0.6017964,0.6720741,0.6671399,0.6627774,0.648131,0.647821
2010,0.56453747,0.57646364,0.66152745,0.6417355,0.6826114,0.627055,0.6120907,0.67321664,0.6740444,0.6650242,0.65206003,0.6545373
2011,0.59454864,0.60554415,0.6734406,0.6574341,0.69582707,0.6311692,0.62848324,0.67737746,0.68283767,0.6670083,0.6564093,0.6628362
2012,0.58111566,0.59281844,0.67101043,0.65623367,0.6887854,0.6348499,0.61696875,0.6785532,0.6742549,0.6637877,0.6511358,0.65408576
2013,0.575296,0.5857963,0.6686023,0.651957,0.6859903,0.6344962,0.6139036,0.6772119,0.67272204,0.6652321,0.64996946,0.6515298
2014,0.66705966,0.67095083,0.7016433,0.69115514,0.72643006,0.64043635,0.6697659,0.68532765,0.70328003,0.6769447,0.6651342,0.67979205
2015,0.66017824,0.66538185,0.70593166,0.7022382,0.72121066,0.65141517,0.656015,0.6907434,0.68872815,0.6706463,0.6552198,0.6635464
2016,0.6952497,0.6947074,0.7200096,0.71751213,0.7348507,0.65693605,0.67498124,0.692938,0.69693923,0.67772156,0.65671235,0.6669249
2017,0.6849253,0.68313354,0.719833,0.7187105,0.72951746,0.6607667,0.66501224,0.6927374,0.68668723,0.67700464,0.64858997,0.6526093
2018,0.6739348,0.6701011,0.7170271,0.71364456,0.7252768,0.6595525,0.65922225,0.6893706,0.6819546,0.6795258,0.6435911,0.6435369
2019,0.6878773,0.68162686,0.7228139,0.71912944,0.73281324,0.65764743,0.67022955,0.6878441,0.686458,0.684145,0.6439305,0.6443149
2020,0.70277226,0.69536644,0.7300605,0.72889394,0.7396277,0.6575958,0.6791931,0.68731725,0.6881629,0.68562794,0.64187336,0.64252365
2021,0.7032403,0.69576454,0.73135185,0.7322507,0.73807466,0.6565739,0.67759806,0.68376917,0.68365073,0.68409145,0.63518494,0.6337452
2022,0.69171715,0.6839928,0.7283387,0.7292777,0.73329705,0.65471214,0.6706479,0.680317,0.6781979,0.6836891,0.6293669,0.62464094
2023,0.6951158,0.68623173,0.72988707,0.73079854,0.7359258,0.6518668,0.67490095,0.677652,0.67986745,0.6860231,0.6280317,0.6230426
2024,0.69769025,0.68852866,0.7317458,0.7340851,0.7379363,0.6499415,0.6774535,0.6758649,0.67985946,0.68653625,0.62580013,0.6203317
2025,0.6867734,0.67812526,0.7285339,0.7314348,0.7336679,0.64758253,0.6711994,0.6729648,0.6755076,0.6852896,0.6213136,0.6135486
2026,0.6986026,0.688913,0.7326274,0.73653305,0.7395603,0.64519644,0.68035316,0.6711744,0.680288,0.6875663,0.6218719,0.61581784
2027,0.7049845,0.69523245,0.735822,0.7423693,0.7422812,0.6446283,0.68377423,0.6703394,0.6803877,0.68704814,0.61975306,0.6137837
2028,0.6542248,0.64672124,0.71819645,0.7225561,0.72005177,0.6412724,0.6519925,0.6654079,0.6627182,0.6812029,0.6091521,0.59511477
2029,0.6221261,0.6149775,0.7037787,0.70176184,0.70802456,0.632384,0.63849026,0.6587726,0.6590525,0.6822009,0.6079699,0.5913805
2030,0.59534913,0.59049696,0.6916573,0.68544984,0.69914305,0.62345177,0.6281879,0.654114,0.65676534,0.6811567,0.6085863,0.59112924
2031,0.5767959,0.5749786,0.6824236,0.67375076,0.693429,0.61598045,0.6217199,0.6508576,0.6571238,0.6792261,0.610602,0.59430784
2032,0.5535636,0.55525506,0.67161703,0.660837,0.6846655,0.609772,0.6108374,0.64832056,0.6547501,0.6754415,0.6114916,0.5957469
2033,0.53093445,0.5358482,0.6602839,0.6469498,0.6754329,0.60377294,0.60004103,0.6457743,0.65270084,0.6717746,0.612942,0.59796566
2034,0.52262026,0.5303841,0.65381604,0.6393227,0.6725091,0.5991527,0.59759843,0.6446122,0.6556673,0.66944873,0.61716264,0.60500723
2035,0.52044314,0.5309545,0.65048826,0.63642836,0.6718098,0.59722453,0.59719634,0.6454039,0.6590012,0.6666658,0.62153536,0.61248666
2036,0.50590664,0.5189278,0.6432311,0.62845457,0.66456276,0.59619105,0.58817244,0.6460472,0.6563526,0.6624282,0.6229907,0.6144689
2037,0.49762836,0.51222914,0.6374206,0.62120104,0.6601538,0.5947749,0.58376527,0.64634234,0.65678525,0.66025037,0.62621605,0.6190391
2038,0.50455415,0.52041423,0.63745093,0.62151355,0.6627137,0.59497917,0.5880241,0.6482037,0.661952,0.6593176,0.6317277,0.62777996
2039,0.5037369,0.52103305,0.6360224,0.62046236,0.6611387,0.59687805,0.58610773,0.6507052,0.66214705,0.6566797,0.6344504,0.63177514
2040,0.49655882,0.51469326,0.63213867,0.61542726,0.6565671,0.5982111,0.5808275,0.6522291,0.6602559,0.6545664,0.6360566,0.63344115
2041,0.49651888,0.5150008,0.6304738,0.6125746,0.65566313,0.59912634,0.580605,0.6537374,0.661544,0.65404683,0.63934076,0.63779014
2042,0.5060521,0.52480906,0.63277453,0.61501616,0.6590853,0.60126716,0.58551526,0.65631634,0.6654513,0.653983,0.64365226,0.64430165
2043,0.4995782,0.5191067,0.63023484,0.6117083,0.6547897,0.60346586,0.58008665,0.6580789,0.6621298,0.6517204,0.6438603,0.64387935
2044,0.5092809,0.5284469,0.6324653,0.61340845,0.6579706,0.6052783,0.585209,0.65972924,0.66587424,0.65246546,0.6474608,0.64934236
2045,0.5721054,0.58859664,0.655383,0.64141256,0.68527377,0.6133414,0.6204924,0.66786903,0.68683225,0.65830576,0.65944684,0.67059773
2046,0.58142376,0.59794337,0.6630326,0.65320617,0.6863877,0.6242786,0.61849874,0.67433214,0.68146926,0.65514946,0.65649223,0.66586757
2047,0.5629033,0.5779942,0.657865,0.6454917,0.67581004,0.6285505,0.60419625,0.67419136,0.6711835,0.6544374,0.6506047,0.65490824
2048,0.55324596,0.56638557,0.6540757,0.6374933,0.6717036,0.6280213,0.5999203,0.6728362,0.6682893,0.65730244,0.6497812,0.6515485
2049,0.54951936,0.5620828,0.6526102,0.6334907,0.67103386,0.62666315,0.5995994,0.67206436,0.6677181,0.65910715,0.65023124,0.651095
2050,0.53294754,0.5463805,0.64677256,0.6250946,0.6643562,0.6243798,0.59118235,0.6702532,0.662351,0.65805405,0.64778423,0.64657384
2051,0.52222586,0.5363787,0.64200777,0.6177716,0.6605458,0.6210773,0.5871551,0.66814023,0.6607211,0.65806144,0.647488,0.64578956
2052,0.5792552,0.5915872,0.6614868,0.64134765,0.68674666,0.6234834,0.6220908,0.6724487,0.68249476,0.6643438,0.65891516,0.6665547
2053,0.591216,0.6046594,0.6698151,0.65497947,0.6906922,0.63126737,0.62361324,0.67782366,0.6801123,0.6610698,0.65677816,0.6642852
2054,0.5737151,0.5867906,0.6652949,0.6496086,0.6815462,0.6344255,0.6103017,0.6775166,0.67111605,0.6594495,0.65090084,0.6542869
2055,0.55285704,0.56501764,0.6573738,0.63776463,0.6725336,0.63212013,0.5994323,0.67454404,0.6647691,0.6602517,0.6475514,0.64736396
2056,0.5426241,0.5545735,0.65255284,0.62991744,0.66927624,0.62813354,0.59640944,0.6719308,0.66360426,0.6616084,0.6475145,0.6462183
2057,0.5419628,0.5545533,0.6515845,0.628117,0.6702742,0.62539953,0.5981639,0.67086154,0.6653564,0.6621317,0.64888716,0.64832985
2058,0.5802317,0.59200513,0.66513854,0.6452296,0.68787324,0.6273309,0.62122846,0.6740724,0.67944485,0.6655837,0.65603316,0.6616767
2059,0.57389414,0.5871361,0.6654351,0.6482559,0.6838633,0.6311878,0.6135808,0.6759178,0.67279047,0.66152775,0.6515856,0.655121
2060,0.58154005,0.59335333,0.668405,0.6513384,0.68680257,0.6330041,0.61745834,0.6764856,0.6751613,0.6635095,0.6522048,0.65620184
2061,0.74479526,0.74269706,0.72816247,0.7227884,0.75560397,0.6458034,0.71519154,0.69305205,0.7249024,0.682721,0.676181,0.70436597
2062,0.75827694,0.75631315,0.74435264,0.75320184,0.7555945,0.66788596,0.70384556,0.7040539,0.7046558,0.6742791,0.66099983,0.67966825
2063,0.7311191,0.7255357,0.7385054,0.745973,0.741193,0.6751184,0.6802641,0.7008394,0.68819016,0.6755505,0.6465292,0.65401244
2064,0.7601738,0.74705994,0.7500797,0.75487804,0.7543612,0.6750645,0.70058984,0.6993132,0.69574344,0.68658733,0.64748436,0.6541886
2065,0.75655925,0.74180424,0.75300044,0.75924176,0.7541957,0.67598087,0.69756806,0.69786525,0.68843126,0.68807846,0.63983756,0.64071876
2066,0.74751854,0.7313319,0.75217307,0.757593,0.7520317,0.67350245,0.69362247,0.6934623,0.6836279,0.6903611,0.6330401,0.6295356
2067,0.7403451,0.7234285,0.75114864,0.75582576,0.7510779,0.668964,0.69229513,0.68851095,0.6809761,0.6923702,0.62786806,0.6214226
2068,0.74956924,0.73160046,0.7556931,0.7613978,0.7569736,0.66484755,0.7010683,0.68503624,0.68374836,0.69504166,0.62571824,0.619481
2069,0.7163182,0.7007239,0.7455279,0.75150615,0.7440867,0.6602886,0.68151045,0.679376,0.67164415,0.69107914,0.6157686,0.6034828
2070,0.69185245,0.6770996,0.73575956,0.73864233,0.73573893,0.6521311,0.67157376,0.6722058,0.6680448,0.69136924,0.6116874,0.5967913
2071,0.73861057,0.72158414,0.75153816,0.7573433,0.7583609,0.6474207,0.7060781,0.67133665,0.6870889,0.69802225,0.619469,0.6133308
2072,0.74034894,0.7252807,0.755178,0.7675894,0.7589223,0.6490596,0.7035696,0.67213446,0.6818969,0.6930981,0.61369675,0.60617256
2073,0.7418178,0.7259829,0.75645113,0.7710679,0.75904167,0.6490284,0.7032788,0.6703463,0.68086225,0.6928177,0.6102028,0.6017908
2074,0.7338113,0.71764636,0.75393975,0.7694586,0.755531,0.6474308,0.6981912,0.667695,0.67726856,0.69221056,0.6061894,0.59522116
2075,0.73948556,0.7221937,0.75579274,0.7720611,0.75839365,0.6451394,0.70312464,0.6655348,0.6795118,0.6938052,0.6055649,0.59483707
2076,0.7080248,0.6921916,0.7452433,0.7610348,0.745676,0.6424739,0.68393093,0.6624202,0.6691131,0.69049424,0.5990608,0.58279973
2077,0.6687685,0.6540635,0.72954386,0.7404204,0.7302507,0.6354086,0.6639492,0.65664357,0.66128737,0.68926793,0.5952486,0.574527
2078,0.62096405,0.608612,0.709668,0.71379364,0.7117545,0.62536293,0.64081436,0.6502742,0.6527708,0.68703365,0.5928669,0.568192
2079,0.58172745,0.57258874,0.69160485,0.6890679,0.69736254,0.61403537,0.62412417,0.64430827,0.6491062,0.68502164,0.5940783,0.56851035
2080,0.5580189,0.55305284,0.6789518,0.67244977,0.68981355,0.60429764,0.61597806,0.6403985,0.65061593,0.68257254,0.5981747,0.5748902
2081,0.54508126,0.54466814,0.67072725,0.6629961,0.68615234,0.59778994,0.61201316,0.6388468,0.6540597,0.67905116,0.60300875,0.583548
2082,0.5281224,0.532005,0.66149414,0.65284145,0.67918485,0.59368396,0.60333157,0.6383635,0.65391356,0.67401874,0.6061308,0.58914405
2083,0.5105671,0.5178803,0.65163684,0.6412308,0.67117846,0.59030974,0.5939148,0.6379866,0.65316474,0.66962665,0.60935074,0.5942259
2084,0.5007981,0.51092845,0.6444996,0.6327219,0.6666893,0.5878568,0.58923906,0.6384471,0.6550083,0.66654444,0.6141747,0.60167027
2085,0.5054434,0.5179213,0.64311117,0.63176805,0.6685025,0.58768255,0.59237754,0.64063084,0.660832,0.66454786,0.6207514,0.6124632
2086,0.50432813,0.5189616,0.6408123,0.6299549,0.66667646,0.58949846,0.5902464,0.64352804,0.66199344,0.66112673,0.6247337,0.61868364
2087,0.49970904,0.51564604,0.63724434,0.6255863,0.6630091,0.59138733,0.58616704,0.6459037,0.6616913,0.6585549,0.62797254,0.6230558
2088,0.50517774,0.5216918,0.6373216,0.625203,0.66433465,0.59366304,0.5886616,0.64879465,0.6652,0.6579396,0.6330975,0.630505
2089,0.5108349,0.52791744,0.6383786,0.62627906,0.6655765,0.59701705,0.5904971,0.65226793,0.66733354,0.6568843,0.63719803,0.63634443
2090,0.51018405,0.52766013,0.6374764,0.62457156,0.663716,0.6002331,0.5883891,0.655027,0.6665916,0.65551573,0.63948,0.639015
2091,0.50207764,0.5198177,0.6337329,0.6186827,0.6588092,0.60206187,0.5826995,0.6565695,0.66368115,0.6542977,0.64059365,0.63939345
2092,0.49762118,0.51553065,0.6307676,0.6133614,0.65597296,0.60261893,0.5801724,0.65745264,0.66291314,0.65398806,0.6427067,0.6415653
2093,0.5688546,0.5840158,0.655168,0.6425769,0.68714255,0.6090151,0.6218255,0.6647706,0.6884818,0.6610739,0.65720904,0.66756064
2094,0.55149734,0.5687544,0.65350556,0.6434669,0.6764235,0.6184359,0.603775,0.66978675,0.6735731,0.65391564,0.65000916,0.6550631
2095,0.54771477,0.56280065,0.6518513,0.63845223,0.673339,0.6212648,0.600658,0.670068,0.67199373,0.65636003,0.6498827,0.65343803
2096,0.5325203,0.5470653,0.6464233,0.6294825,0.66652405,0.6211381,0.5922823,0.6695293,0.66627425,0.6566918,0.64832234,0.64889103
2097,0.5221612,0.5366337,0.6418387,0.6214633,0.66239536,0.61911756,0.5880391,0.668168,0.6639968,0.6574464,0.6484006,0.6477812
2098,0.5246912,0.5395124,0.6419793,0.62020504,0.66435,0.6179191,0.5911324,0.6681839,0.6664548,0.65846145,0.6508674,0.6513614
2099,0.52676713,0.5424656,0.6427649,0.62087977,0.66556835,0.61825246,0.592496,0.66906816,0.66743326,0.6579941,0.6521708,0.6535823
2100,0.5171731,0.5339483,0.63913345,0.61620003,0.6606259,0.6177875,0.58646667,0.66838604,0.66360825,0.6560027,0.65051997,0.6510261
2101,0.50965476,0.52697235,0.63545483,0.6108486,0.65698904,0.61628354,0.58272237,0.6672378,0.6618209,0.65531635,0.650241,0.6503696
2102,0.5046174,0.52260196,0.6327142,0.6068988,0.6548371,0.6148433,0.58062035,0.66663074,0.6611567,0.6547524,0.65083045,0.6510334
2103,0.5144638,0.53271526,0.6354542,0.61007935,0.6594641,0.6150881,0.58680224,0.6677498,0.66579044,0.6554729,0.65418994,0.65657806
2104,0.55119765,0.56854427,0.64902437,0.6274102,0.67561656,0.6198498,0.60696685,0.6727113,0.67810273,0.65812427,0.6611435,0.6689737
2105,0.55718416,0.5747248,0.6538435,0.6350658,0.6767737,0.6263595,0.60614187,0.6767538,0.6756625,0.6562423,0.6596552,0.6668222
2106,0.54140484,0.5583848,0.6490826,0.6286989,0.66833156,0.6283452,0.59493446,0.676163,0.6679553,0.6551494,0.65514755,0.6588081
2107,0.5378267,0.5535089,0.6471558,0.62436205,0.6669152,0.6274675,0.59403926,0.67508286,0.6675351,0.6572713,0.6553086,0.6579635
2108,0.58197784,0.5951376,0.66295564,0.6428444,0.687122,0.6305864,0.62061,0.67917305,0.68312126,0.6630879,0.6637053,0.6723205
2109,0.5842142,0.59806347,0.66664296,0.6496508,0.6861245,0.6354935,0.6173432,0.6812447,0.6776303,0.6599199,0.65922475,0.66598207
2110,0.5808603,0.59355974,0.66640747,0.64881796,0.68343014,0.6374127,0.6136796,0.6805484,0.67417365,0.6603955,0.65589535,0.6606658
2111,0.6195837,0.6287884,0.68100005,0.6654086,0.70059294,0.6408804,0.6366683,0.6837206,0.6863301,0.6665773,0.6614152,0.6703273
2112,0.69960093,0.7026713,0.7132623,0.7056714,0.7335667,0.6512815,0.68062216,0.6932218,0.7055607,0.67412525,0.6691193,0.6866843
2113,0.70773816,0.7092405,0.7229966,0.7220597,0.7341677,0.6634955,0.6755305,0.6982585,0.6949437,0.6718408,0.65951705,0.6715015
2114,0.7152899,0.7121929,0.72874933,0.72804517,0.73610246,0.6684953,0.6767639,0.6979327,0.6916967,0.6762994,0.65369684,0.6616899
2115,0.7185399,0.71195424,0.7326595,0.7317592,0.73790467,0.66986465,0.67822623,0.69643784,0.68844706,0.680389,0.6485102,0.65247977
2116,0.7612327,0.7489438,0.75041074,0.75185204,0.7565852,0.6715533,0.70490247,0.69764924,0.69803625,0.68821484,0.6498058,0.6563523
2117,0.7671789,0.75324667,0.75741994,0.7632458,0.759265,0.67517596,0.70500326,0.69799167,0.6916857,0.68842703,0.6417412,0.6440819
2118,0.7596454,0.74388605,0.7575401,0.7640675,0.7567482,0.674753,0.6998364,0.6943847,0.6855504,0.69001234,0.6335773,0.63113916
2119,0.7444511,0.7279225,0.7533388,0.7589666,0.7513427,0.6702405,0.69251955,0.68817645,0.67933816,0.69103706,0.6258143,0.61871713
2120,0.71989596,0.7039601,0.7450024,0.74876726,0.74271446,0.6632977,0.6811629,0.6809969,0.6723642,0.69085664,0.6185576,0.60693395
2121,0.71424603,0.6985588,0.74244624,0.74513644,0.74257636,0.65575004,0.68278974,0.6750094,0.6735161,0.6924872,0.616347,0.604388
2122,0.7136023,0.6989793,0.74240726,0.7465122,0.744089,0.65039665,0.6854768,0.67115736,0.67456967,0.6922213,0.61422676,0.6027628
2123,0.6698859,0.6585425,0.726644,0.7295357,0.72572786,0.6440032,0.65989226,0.664658,0.66088516,0.686329,0.60483426,0.58766115
2124,0.64180183,0.631924,0.7138122,0.71243227,0.71547043,0.63451976,0.64852905,0.6576132,0.6583133,0.68591017,0.60316867,0.58460224
2125,0.61503214,0.6079087,0.7017986,0.69753224,0.7062807,0.6255545,0.6375908,0.65253943,0.6557476,0.6837851,0.6027517,0.5835373
2126,0.59285164,0.5887952,0.6912456,0.68479514,0.69887793,0.6177537,0.6287907,0.6487734,0.65504545,0.6813142,0.603852,0.5853373
2127,0.5585698,0.55808514,0.6761929,0.66662174,0.6852944,0.61023474,0.6116241,0.645176,0.6495453,0.67671806,0.6032991,0.58391744
2128,0.5492727,0.5516273,0.66889274,0.65759385,0.6829411,0.60358083,0.6103337,0.6427518,0.6542926,0.6753892,0.608244,0.59223187
2129,0.53720367,0.54307,0.66183954,0.6504121,0.6782944,0.5996067,0.604719,0.64222205,0.65496236,0.6713245,0.6111669,0.59735787
2130,0.5176465,0.52647287,0.65198636,0.6391274,0.66941345,0.5963417,0.5938879,0.6415569,0.6524445,0.6668934,0.61279064,0.5997106
2131,0.5044144,0.5155324,0.64385235,0.62920177,0.6634635,0.59314704,0.5874897,0.6411156,0.6527597,0.66411436,0.6162849,0.60476536
2132,0.50073665,0.51403064,0.63946533,0.62423515,0.66171646,0.5913289,0.58629006,0.64188457,0.6556778,0.6618678,0.62109226,0.6122199
2133,0.5045922,0.5197978,0.6384862,0.6239117,0.6627367,0.5916596,0.58829397,0.6439197,0.6596707,0.65966743,0.626079,0.62037426
2134,0.4994304,0.51629126,0.63508,0.62041664,0.6590259,0.5930464,0.5838642,0.64601874,0.6587957,0.65644276,0.62850696,0.62379974
2135,0.49226886,0.5100713,0.63062507,0.6145879,0.65449494,0.59379643,0.5789731,0.6473848,0.6576505,0.6543533,0.63088554,0.6266341
2136,0.488089,0.50665367,0.627113,0.6095839,0.65152323,0.59411293,0.57633495,0.6485681,0.6576332,0.6529405,0.63381946,0.63033473
2137,0.49729323,0.5163612,0.62874264,0.61116433,0.6547926,0.5957138,0.5813694,0.6509514,0.66212773,0.6527422,0.6387748,0.63788164
2138,0.5058822,0.5255041,0.6313927,0.6145239,0.657441,0.59916973,0.58474076,0.65431374,0.6646583,0.6517493,0.6423131,0.64328575
2139,0.49863523,0.51873004,0.6287143,0.61080295,0.65271014,0.60193163,0.5786972,0.6562958,0.6609837,0.64975744,0.6424214,0.6425075
2140,0.49542877,0.51532084,0.626535,0.606652,0.650387,0.60300714,0.5766318,0.6572731,0.6603192,0.64975303,0.64413977,0.6441598
2141,0.57021904,0.5868984,0.65234506,0.63767743,0.6827718,0.6099151,0.6198467,0.66471833,0.68662304,0.65726244,0.6586605,0.6702396
2142,0.71997225,0.7259697,0.71184653,0.712114,0.74352753,0.63253933,0.70141625,0.6865654,0.7245268,0.6691178,0.67698854,0.7089738
2143,0.6805074,0.6885248,0.7089929,0.7172108,0.72087675,0.6553249,0.65782356,0.69408804,0.6897071,0.65836287,0.6552493,0.6699596
2144,0.649846,0.6523985,0.69899327,0.6986592,0.70650935,0.6575675,0.638877,0.68928313,0.6786496,0.6646514,0.6468918,0.6525097
2145,0.6300092,0.6297094,0.6923189,0.68470687,0.700653,0.6533073,0.63219506,0.6850023,0.67366767,0.67049617,0.6443417,0.6443138
2146,0.6231784,0.62239796,0.6904082,0.6789325,0.70091313,0.6484723,0.63311625,0.6817897,0.673517,0.6740431,0.6439226,0.64212483
2147,0.62001336,0.6201641,0.6902489,0.6775326,0.7021211,0.6449591,0.6344139,0.679637,0.67377186,0.6751068,0.64310044,0.64097524
2148,0.5849154,0.58769256,0.67854655,0.66292864,0.688473,0.64001334,0.6156012,0.6752514,0.66296214,0.67164224,0.6365442,0.630173
2149,0.56816846,0.57220757,0.6708297,0.6515612,0.68342865,0.6329435,0.610469,0.6705253,0.66237044,0.6722192,0.6363189,0.6295954
2150,0.60204136,0.60617423,0.68178874,0.6651372,0.70080715,0.63066506,0.63427645,0.6715468,0.678026,0.6761942,0.6444379,0.64461416
2151,0.6010545,0.6075306,0.683566,0.67075306,0.70039546,0.6327571,0.63121164,0.6734533,0.67503375,0.6720819,0.6421035,0.64208347
2152,0.64747065,0.6512523,0.7005057,0.6921906,0.72014487,0.6367136,0.65822786,0.6772569,0.6901181,0.6767472,0.64855355,0.65528667
2153,0.77950656,0.77179354,0.75160074,0.75589126,0.7735942,0.650773,0.73397326,0.69279987,0.72308403,0.6888418,0.6630707,0.6873877
2154,0.6820727,0.68069196,0.7256364,0.7360694,0.7276222,0.66378796,0.65755117,0.69192326,0.67353207,0.6712557,0.6319704,0.63257754
2155,0.6410751,0.63517934,0.7074811,0.7053257,0.71088785,0.6553557,0.63949203,0.6812513,0.6680183,0.6787633,0.6276925,0.6216325
2156,0.61790085,0.61207837,0.69726366,0.68853146,0.70482355,0.645058,0.6337907,0.67491066,0.6660516,0.68201464,0.6279924,0.6186599
2157,0.59478706,0.5916841,0.6878016,0.6755465,0.6979892,0.636367,0.62558514,0.66988856,0.6631657,0.6808408,0.627075,0.616342
2158,0.64117295,0.63796556,0.70297706,0.69408333,0.7211328,0.6333012,0.6582785,0.67080224,0.68391377,0.6860213,0.637216,0.636104
2159,0.6857367,0.6826552,0.7219305,0.72179574,0.73992425,0.6388868,0.68179846,0.67671883,0.69362825,0.6851895,0.64017344,0.6452636
2160,0.716056,0.711168,0.73604786,0.74294484,0.75008446,0.6469952,0.69360006,0.6812657,0.6955377,0.684317,0.6381142,0.6446626
2161,0.73424923,0.7261224,0.7454028,0.756429,0.7555536,0.65382564,0.6992349,0.6839639,0.6943004,0.68546003,0.63468415,0.6395343
2162,0.74702907,0.7352407,0.75231737,0.76553327,0.7597129,0.6581493,0.70377433,0.68496567,0.6928295,0.68802845,0.63126314,0.6335068
2163,0.76061815,0.7452388,0.7593747,0.77425283,0.7650245,0.6606946,0.7104002,0.68519795,0.692534,0.6912492,0.62837344,0.6285159
2164,0.7625716,0.7450724,0.76215285,0.7782924,0.76545924,0.66161793,0.7101099,0.6836835,0.6886703,0.6925889,0.62317383,0.6198055
2165,0.761987,0.74273217,0.7634324,0.7798854,0.7654856,0.6606341,0.70988595,0.6810616,0.6859429,0.6943001,0.6186586,0.61236906
2166,0.7913617,0.7684887,0.7753699,0.79381067,0.77861154,0.6600905,0.7293251,0.68075836,0.69302326,0.6991346,0.61940324,0.61544746
2167,0.8099599,0.7850137,0.7851076,0.80804145,0.78630745,0.6622984,0.73845434,0.681574,0.6926565,0.6999348,0.615649,0.61107516
2168,0.7909904,0.76616657,0.78075475,0.80551577,0.7780451,0.66268575,0.72412485,0.67848885,0.68213284,0.6977725,0.60613173,0.59514666
2169,0.7870928,0.76055837,0.779598,0.8031128,0.7774148,0.65891135,0.7242892,0.6740079,0.6816342,0.70054644,0.60295445,0.58981293
2170,0.78999406,0.7626386,0.7814025,0.80561966,0.78006023,0.65543723,0.7284714,0.67107654,0.68233126,0.7021748,0.6008342,0.58695084
2171,0.73471165,0.71059406,0.762517,0.7850026,0.75749844,0.65042204,0.69499046,0.66490656,0.6647435,0.69661486,0.5894167,0.5663699
2172,0.6780753,0.6558224,0.73946065,0.75367206,0.73540723,0.63877505,0.6674791,0.6555697,0.6547309,0.69562125,0.5845243,0.5556919
2173,0.6389179,0.6196413,0.7216366,0.7286302,0.72230864,0.6254567,0.65294975,0.6479657,0.6527088,0.6953981,0.58581114,0.5558552
2174,0.6050223,0.59044826,0.70591295,0.7082384,0.71099436,0.6139358,0.63956296,0.6425809,0.65126914,0.69230896,0.58782816,0.5586603
2175,0.5763962,0.5668459,0.69186383,0.6908122,0.70112175,0.6045426,0.6276545,0.6388234,0.6510762,0.6882244,0.5908108,0.5637779
2176,0.55889064,0.5541186,0.68154734,0.6786609,0.69529814,0.59745944,0.621069,0.6366803,0.65383667,0.684333,0.59542847,0.5721257
2177,0.53705746,0.5368752,0.6700735,0.6655325,0.6863679,0.59249496,0.609885,0.6357832,0.6531156,0.6790185,0.59873736,0.5777757
2178,0.5160551,0.5196813,0.6584942,0.6515834,0.6772562,0.58831096,0.5989899,0.6352285,0.6525555,0.6744993,0.6026547,0.58378893
2179,0.5091178,0.5160045,0.6518704,0.64379454,0.67444414,0.5855145,0.5964921,0.6358529,0.65666544,0.67161214,0.608975,0.59397924
2180,0.5090574,0.51895994,0.6486906,0.640925,0.6740607,0.58527786,0.5965569,0.6381317,0.66102284,0.6684253,0.6151548,0.6041995
2181,0.49716127,0.50968385,0.64194405,0.63324785,0.6672649,0.5860834,0.5882121,0.6403094,0.65920156,0.6639311,0.6182875,0.6085475
2182,0.4896928,0.5038615,0.6362378,0.6256834,0.66264844,0.58644193,0.58351177,0.6420242,0.65971845,0.6615296,0.6227201,0.61461717
2183,0.496287,0.5117316,0.63601017,0.625078,0.6647478,0.58801395,0.5871799,0.6449952,0.6647601,0.6605715,0.6292264,0.62450045
2184,0.49648556,0.5133405,0.6347361,0.62354946,0.66334814,0.5910174,0.5856348,0.64844793,0.6653412,0.65810966,0.63311404,0.6299751
2185,0.49040145,0.5081574,0.63107926,0.61823833,0.65884346,0.59337133,0.5806306,0.6507765,0.6635904,0.655962,0.6355844,0.6327508
2186,0.4888015,0.50704575,0.6287337,0.61401856,0.65678674,0.59500396,0.57913357,0.6527454,0.6639864,0.6551147,0.63906544,0.63713896
2187,0.5005208,0.51898795,0.6316594,0.61665404,0.6611367,0.59787667,0.5853419,0.6560292,0.6688333,0.65546364,0.6445208,0.6452952
2188,0.5016653,0.5207735,0.63198406,0.61657876,0.66020966,0.6016233,0.5840607,0.6592281,0.66803604,0.6539016,0.6465933,0.64786893
2189,0.55740845,0.57409203,0.6514153,0.63954294,0.68373305,0.6088826,0.61526096,0.6661256,0.6869192,0.6591339,0.65786403,0.667677
2190,0.5544185,0.57189393,0.6535067,0.64372903,0.67870355,0.6177739,0.60653925,0.6707342,0.6777156,0.65445244,0.65356404,0.66029674
2191,0.55012727,0.5657409,0.65246207,0.64008063,0.6749536,0.62193847,0.6019835,0.67186093,0.67419213,0.65581983,0.6524016,0.6569918
2192,0.5352196,0.54995346,0.6472884,0.6311545,0.66795945,0.62248397,0.59342074,0.6713981,0.6681973,0.656454,0.65051,0.65192956
2193,0.5267508,0.54108053,0.6435342,0.6238879,0.6646345,0.62093025,0.59020925,0.67026144,0.66629755,0.6577345,0.65074253,0.6509855
2194,0.5437578,0.5576627,0.6490752,0.6291904,0.6729425,0.6212486,0.6014911,0.67159975,0.6733261,0.66036355,0.65535194,0.6584645
2195,0.5447566,0.5595761,0.6506579,0.63140255,0.6730931,0.6234335,0.6007161,0.6732264,0.6717876,0.65898764,0.65480244,0.6578585
2196,0.57831925,0.59140277,0.6632504,0.64622504,0.68784606,0.6277701,0.61970645,0.6771781,0.6828341,0.6628686,0.66059655,0.6682747
2197,0.5969262,0.60913366,0.67278683,0.65900034,0.6951172,0.6346206,0.62703246,0.6819326,0.6845778,0.6633156,0.66102386,0.66948533
2198,0.6080178,0.6184597,0.6789655,0.666543,0.69872534,0.6401456,0.63047636,0.6845297,0.6843042,0.66471136,0.6597643,0.66754055
2199,0.59224325,0.60191876,0.6751238,0.66125846,0.6912382,0.6421459,0.6194746,0.68386227,0.6760206,0.6643724,0.65442866,0.6578385
2200,0.57152444,0.5805494,0.667505,0.6497373,0.6824478,0.63928,0.60887194,0.68025565,0.6693941,0.6650713,0.65034425,0.6501019
2201,0.5652052,0.57412875,0.66388565,0.64343107,0.68026185,0.63461685,0.60796976,0.6765409,0.66878515,0.6662419,0.64955026,0.6486314
2202,0.54523486,0.5556678,0.6566326,0.6340199,0.67276335,0.6306686,0.59829473,0.67386883,0.6632829,0.66458935,0.6467591,0.64383
2203,0.5308462,0.542534,0.65015626,0.6251761,0.6676541,0.6258186,0.59267944,0.67078775,0.66136163,0.66394377,0.6460613,0.642692
2204,0.5332931,0.5461201,0.64959854,0.6244449,0.66996187,0.62254316,0.59640014,0.66964805,0.6651702,0.6641245,0.6485679,0.647223
2205,0.5967378,0.6077562,0.67209226,0.65332055,0.6985957,0.62670666,0.6340463,0.6757214,0.6880529,0.6695692,0.6602553,0.6693244
2206,0.6807309,0.6873492,0.706615,0.6993848,0.7322478,0.6407046,0.67729336,0.68820345,0.70709336,0.6734779,0.66813064,0.6872893
2207,0.6866518,0.6918858,0.71523666,0.71513486,0.73039013,0.6551855,0.66884416,0.6943006,0.69521105,0.6697545,0.65854645,0.67177045
2208,0.69195503,0.6923578,0.7194634,0.7190566,0.73051035,0.66112334,0.66803575,0.6944767,0.69148767,0.67395264,0.653483,0.6623282
2209,0.68162864,0.67921907,0.7178266,0.7157321,0.7260528,0.6621691,0.6611433,0.6923769,0.68447304,0.6766436,0.64742446,0.65049887
2210,0.70702624,0.7004024,0.7281038,0.72591007,0.73799634,0.66196513,0.67849565,0.6919219,0.6914403,0.6834023,0.6487086,0.6527755
2211,0.7163265,0.7082916,0.734608,0.7350125,0.74237555,0.66353583,0.68285185,0.6918986,0.68935436,0.68453664,0.6443659,0.6464867
2212,0.71084565,0.7019024,0.7349187,0.7360908,0.7402969,0.6632655,0.67884314,0.6893148,0.6842698,0.68497884,0.6380214,0.63672316
2213,0.71152306,0.7011761,0.7363391,0.7375206,0.74148166,0.66102225,0.68065137,0.68617254,0.68338555,0.6871312,0.6343735,0.6313896
2214,0.74663794,0.7330892,0.75013226,0.7543456,0.7569549,0.66037416,0.70339954,0.6859651,0.69251645,0.6919159,0.635723,0.63630134
2215,0.755148,0.74095684,0.75627565,0.76528555,0.75974756,0.6623515,0.7053549,0.68557566,0.68848085,0.69059575,0.6293507,0.6278544
2216,0.72199184,0.70858026,0.74602556,0.75487536,0.7451839,0.6605025,0.68350846,0.68020254,0.6747331,0.68744344,0.6180929,0.60916394
2217,0.71468437,0.69999766,0.7423365,0.7485202,0.74332863,0.65421844,0.68333584,0.67418504,0.67521745,0.6904778,0.61587614,0.6054984
2218,0.70104903,0.6874255,0.7372599,0.7429092,0.73875445,0.648434,0.6778588,0.6693455,0.6717407,0.68961865,0.6120074,0.5995334
2219,0.73203963,0.7168491,0.7482895,0.7564653,0.7538553,0.6455961,0.70038867,0.668713,0.6837894,0.693848,0.6161969,0.6092297
2220,0.7149922,0.701817,0.74458253,0.75615215,0.7470316,0.64580697,0.6876921,0.66798776,0.674841,0.6892131,0.6093832,0.5985361
2221,0.6666103,0.6549505,0.72667396,0.7344536,0.72664785,0.64061916,0.6595439,0.6620669,0.6613088,0.68566597,0.6012991,0.58370394
2222,0.6166417,0.60645247,0.7057333,0.70583975,0.70705986,0.62998605,0.63560814,0.65447783,0.65228206,0.68444985,0.59808147,0.57584476
2223,0.5825824,0.57512134,0.6895529,0.68337345,0.69540256,0.6182255,0.62279856,0.64820737,0.65038806,0.6836082,0.5998101,0.5770012
2224,0.56659657,0.5630951,0.68012345,0.6713926,0.69133586,0.6090105,0.6191044,0.64453316,0.6536488,0.68162274,0.60398537,0.5840464
2225,0.5425168,0.54360485,0.6686176,0.6582676,0.6821511,0.602503,0.60750306,0.6423619,0.65156937,0.6764432,0.6055252,0.5869767
2226,0.52185684,0.5266685,0.65759575,0.64511824,0.67378443,0.59688115,0.59770244,0.64052784,0.6510239,0.672356,0.6082998,0.5915775
2227,0.5129851,0.5210634,0.6506715,0.637274,0.6703725,0.59279937,0.5944664,0.63999337,0.65404326,0.6693051,0.61308,0.5995513
2228,0.5132428,0.52422136,0.6477454,0.63501436,0.6703751,0.59136534,0.59518236,0.6412227,0.6584759,0.66633695,0.61839443,0.6086848
2229,0.5009054,0.51446164,0.6411613,0.62802565,0.66379833,0.59124476,0.5869675,0.6426791,0.6564674,0.6618863,0.6206371,0.611873
2230,0.49328655,0.5083914,0.6356038,0.6210868,0.6594184,0.59077156,0.5824916,0.6437149,0.656944,0.6595606,0.62432694,0.61699927
2231,0.4961388,0.51253325,0.634101,0.61926925,0.65985113,0.59128094,0.58407307,0.64570373,0.6604974,0.65816927,0.6294657,0.624739
2232,0.50122446,0.518778,0.63440555,0.6199958,0.66096455,0.5935487,0.5859049,0.6486992,0.66329455,0.6564632,0.6338953,0.6314788
2233,0.51097244,0.52900743,0.6369766,0.6232709,0.6640237,0.59722203,0.5900043,0.6523835,0.666964,0.6556641,0.6384595,0.6384586
2234,0.52627814,0.5441095,0.6422389,0.629703,0.6694614,0.6022924,0.59687465,0.6568494,0.67155236,0.65576744,0.6431393,0.64566636
2235,0.5300479,0.547658,0.64404285,0.6316735,0.66937566,0.607352,0.59634,0.66046476,0.6707466,0.6548549,0.6446609,0.6472335
2236,0.6784439,0.6854649,0.6978531,0.69598013,0.73261565,0.6218363,0.6837983,0.6765558,0.71860033,0.6715695,0.6689975,0.6947275
2237,0.62788975,0.6390046,0.6895914,0.69427747,0.7051972,0.6402212,0.63607085,0.6831725,0.68173754,0.6574245,0.6482357,0.6574608
2238,0.63321507,0.63817716,0.6908286,0.6891138,0.7061249,0.6431908,0.63951993,0.6815323,0.68434656,0.66615456,0.64866775,0.6557266
2239,0.78237146,0.77202433,0.74644494,0.7516871,0.7692676,0.6540803,0.7312109,0.69646823,0.7268382,0.6869839,0.670063,0.6967083
2240,0.6840512,0.6813379,0.7221393,0.73306495,0.7244936,0.66739285,0.65520746,0.69615716,0.67537826,0.66928965,0.6380011,0.6401808
2241,0.64723104,0.64026165,0.70639426,0.70423913,0.71014917,0.65922177,0.6400699,0.6854115,0.67072153,0.67752856,0.6334918,0.62951565
2242,0.6617118,0.65313435,0.7108188,0.7048815,0.7210496,0.65206075,0.65699667,0.6822928,0.6801724,0.6850474,0.63887656,0.63636243
2243,0.6250579,0.62039256,0.69978994,0.69216293,0.7075519,0.64717895,0.6368093,0.67830914,0.66746664,0.68009526,0.63118076,0.6232846
2244,0.8087911,0.78855073,0.7642001,0.766668,0.7862397,0.65149444,0.7555259,0.69057095,0.7280343,0.7036741,0.6592264,0.68270594
2245,0.7072076,0.69905895,0.7396268,0.75406486,0.73946714,0.66538274,0.6729614,0.69144094,0.6725513,0.67855525,0.6243419,0.6226065
2246,0.71646357,0.70221835,0.73962027,0.7458559,0.7440582,0.66004,0.6843407,0.6837118,0.6832777,0.68999857,0.6270749,0.6259577
2247,0.67086965,0.65901726,0.7249075,0.72813565,0.72708225,0.6545188,0.65923446,0.67870444,0.66797435,0.68675816,0.61861503,0.60853076
2248,0.6397164,0.62907386,0.71203846,0.7093197,0.7166906,0.64504987,0.64695215,0.671493,0.6642565,0.68764377,0.6166147,0.60335034
2249,0.6212426,0.61311346,0.70369524,0.6977362,0.7121122,0.63609487,0.64201003,0.6664257,0.66452545,0.6873808,0.6174304,0.6038909
2250,0.6048451,0.6000001,0.6964065,0.6890556,0.70757484,0.62915295,0.63629705,0.6629576,0.6643694,0.6851254,0.6180443,0.6050492
2251,0.62455463,0.6212609,0.70192397,0.69680667,0.7183355,0.62583,0.65149945,0.66282237,0.6760122,0.68622047,0.6242277,0.6172301
2252,0.6527718,0.6503321,0.7127794,0.7133722,0.7309091,0.62812686,0.66747326,0.66631544,0.6849315,0.6854659,0.62825143,0.62663805
2253,0.6379497,0.63713217,0.70875037,0.71176994,0.72272265,0.6310856,0.6541901,0.6671948,0.676707,0.68027896,0.62347686,0.6187837
2254,0.64248455,0.64047736,0.7091064,0.7116853,0.7238949,0.6309623,0.657009,0.6664695,0.6795041,0.68169034,0.62486887,0.62084234
2255,0.6729408,0.6689105,0.7201349,0.72560996,0.7370754,0.63311976,0.67542285,0.66923183,0.6889878,0.68477994,0.6296101,0.62965167
2256,0.70792377,0.7014363,0.7348055,0.7455492,0.75096124,0.6390609,0.6934012,0.6741212,0.695477,0.68642324,0.63176227,0.63504374
2257,0.7187248,0.7103008,0.74148166,0.75597167,0.7537326,0.64556193,0.6948042,0.6772541,0.6924042,0.68597823,0.62844247,0.6297518
2258,0.7201309,0.7093134,0.7434936,0.75859284,0.75306183,0.64878225,0.6929767,0.67743486,0.6889754,0.68722445,0.6249285,0.62318903
2259,0.747516,0.7326011,0.7544626,0.7708374,0.7645492,0.6508512,0.7096176,0.678715,0.69514906,0.6922373,0.62644523,0.62623703
2260,0.73392165,0.71877766,0.75218844,0.7699442,0.7582518,0.6529949,0.69831294,0.6781212,0.6856123,0.69039905,0.61936647,0.6135868
2261,0.72978556,0.7129623,0.751067,0.7671738,0.7569219,0.6512732,0.69707394,0.6753212,0.6843047,0.6927906,0.6168521,0.6088989
2262,0.7491313,0.7302019,0.7586106,0.7755646,0.76598734,0.64991134,0.7107868,0.6745743,0.68980235,0.6963357,0.617903,0.6117519
2263,0.737238,0.7191208,0.75618404,0.77463335,0.76084685,0.649789,0.701933,0.6730025,0.68256044,0.6939711,0.61190873,0.6020263
2264,0.7257138,0.70737934,0.7522234,0.7694043,0.7565718,0.6470971,0.69627,0.6697423,0.6796021,0.69444275,0.6086929,0.5965034
2265,0.7222501,0.7038254,0.7508392,0.767296,0.7562925,0.6436687,0.696609,0.66709954,0.67995495,0.69549173,0.6077507,0.59506917
2266,0.7127822,0.6952395,0.7475668,0.7638627,0.75321436,0.64068294,0.6923255,0.6647627,0.67775625,0.69468945,0.6056234,0.5917306
2267,0.66587335,0.651079,0.7299847,0.742608,0.7330705,0.63535,0.6647443,0.6595192,0.6641447,0.6899262,0.59841025,0.5783553
2268,0.6297003,0.616702,0.7137653,0.7198265,0.7190267,0.626136,0.6484453,0.6532164,0.65965676,0.68927014,0.59771204,0.5754326
2269,0.61156803,0.60133016,0.7041388,0.70645714,0.7139375,0.6176435,0.6434961,0.6493998,0.66161454,0.68873966,0.60105026,0.5802457
2270,0.5749823,0.5689883,0.68860996,0.68726856,0.6995014,0.610529,0.62465847,0.646369,0.6551847,0.6836745,0.60057914,0.5786753
2271,0.54667866,0.54426384,0.6744659,0.66864866,0.6884787,0.60292786,0.6118384,0.64307666,0.6536303,0.6805831,0.6032,0.5822977
2272,0.5379464,0.5391997,0.6672935,0.65971875,0.6861752,0.5972005,0.61023545,0.6417947,0.65832263,0.67838216,0.60898983,0.59204525
2273,0.52416843,0.5293776,0.65946364,0.65113354,0.68039846,0.5941911,0.6030062,0.64208657,0.65842897,0.67376655,0.612439,0.5978955
2274,0.5080462,0.5163895,0.65049505,0.6404211,0.6728067,0.59187806,0.593971,0.6422956,0.65740633,0.6696568,0.6155595,0.60262424
2275,0.50358206,0.51434064,0.6454653,0.6343038,0.6704778,0.59039676,0.59212506,0.64325136,0.6604907,0.66731584,0.62085134,0.61091495
2276,0.5071538,0.52005154,0.6441631,0.63332516,0.67136884,0.5910497,0.59393054,0.6456951,0.66472024,0.66506976,0.6264691,0.62001324
2277,0.49684086,0.5117501,0.63873386,0.62702554,0.6652092,0.5924913,0.5863055,0.6478941,0.6622273,0.66124636,0.62866265,0.62272483
2278,0.4913526,0.5073283,0.6343168,0.6208048,0.6614783,0.59315735,0.58270603,0.64942807,0.6625043,0.65958464,0.63230747,0.6275276
2279,0.49921024,0.5159691,0.6350582,0.6212013,0.6640861,0.594879,0.58696073,0.65215355,0.66705817,0.6591311,0.63793385,0.63599485
2280,0.5001964,0.5179992,0.63451207,0.6204453,0.66304696,0.59782964,0.5858364,0.6551903,0.6672052,0.657108,0.64090097,0.6400977
2281,0.4940353,0.5124829,0.6312367,0.6155657,0.65862936,0.5999353,0.5808654,0.6569971,0.6649195,0.65529734,0.642387,0.6414457
2282,0.4933509,0.51203316,0.6295058,0.6121002,0.6571321,0.60124004,0.5800377,0.6584711,0.6653022,0.6548568,0.6451915,0.64494556
2283,0.51298004,0.5314006,0.6355665,0.6187279,0.6651671,0.60447824,0.59084016,0.6620114,0.6725842,0.6562005,0.651245,0.6545123
2284,0.53540945,0.55363506,0.6439728,0.62924623,0.67300034,0.61016977,0.60091317,0.66642344,0.67751974,0.6560056,0.65499645,0.6611675
2285,0.5678846,0.5843333,0.65726316,0.64545745,0.68565,0.61875916,0.61633736,0.6729113,0.6851979,0.6581654,0.6598516,0.6695353
2286,0.55711204,0.57320476,0.65600127,0.6439581,0.6786254,0.62536293,0.6053732,0.6756595,0.67605287,0.6560195,0.6554081,0.66111815
2287,0.5504036,0.5648477,0.6530878,0.63768876,0.6738692,0.62622863,0.6007986,0.6743205,0.67223793,0.6573479,0.65347177,0.6568873
2288,0.5355635,0.5495831,0.6478623,0.62898326,0.6676115,0.62536603,0.5931464,0.67323977,0.6670226,0.65789646,0.6516837,0.6523984
2289,0.5275527,0.541584,0.6442868,0.6224364,0.66482824,0.6231254,0.59047973,0.6717821,0.6656662,0.6588518,0.6518385,0.65179795
2290,0.5434179,0.5573571,0.64930475,0.62758875,0.6725319,0.6228125,0.6010495,0.67256075,0.6723155,0.66087836,0.6558426,0.6586837
2291,0.54272866,0.55774546,0.65020615,0.62926686,0.6720814,0.62449366,0.5994468,0.67385375,0.6705349,0.65926075,0.65500534,0.65772694
2292,0.53960294,0.55501133,0.6484871,0.6269145,0.66899174,0.62396914,0.59668195,0.67220813,0.66804063,0.65787864,0.65290284,0.6551061
2293,0.54813826,0.56308717,0.6515394,0.6301396,0.67292005,0.624961,0.6017818,0.6732061,0.6711711,0.65924,0.65481514,0.65820414
2294,0.55696255,0.5716967,0.6552551,0.6349019,0.6763998,0.6268358,0.60598296,0.67454904,0.6729296,0.65957224,0.6555799,0.65977997
2295,0.5565468,0.5711375,0.65604025,0.6359844,0.6758641,0.6287141,0.6045827,0.67543745,0.6713699,0.6593376,0.6545573,0.65805924
2296,0.5490497,0.56343436,0.6537055,0.6325841,0.6724423,0.62888443,0.60001653,0.6749302,0.6683233,0.65925586,0.6528554,0.65487236
2297,0.54946727,0.563407,0.653584,0.6315843,0.6729874,0.6282498,0.60108525,0.6744761,0.6690841,0.6603973,0.65335613,0.65536916
2298,0.570625,0.58363277,0.66137093,0.64097965,0.6827908,0.6298395,0.6137337,0.67649764,0.6764559,0.6629301,0.6571755,0.6620721
2299,0.5934686,0.60560834,0.67124736,0.6541884,0.6922736,0.634264,0.62500525,0.6799413,0.6814369,0.6640265,0.6589723,0.66607416
2300,0.59280485,0.6045316,0.67306966,0.6574983,0.6907487,0.63802904,0.6215268,0.68113095,0.67731255,0.66299605,0.6554569,0.6606466
2301,0.6065474,0.6160843,0.67886865,0.6638425,0.69652843,0.640508,0.62897986,0.6822509,0.68063825,0.66608524,0.65619785,0.66188854
2302,0.68257505,0.685958,0.7080575,0.6990492,0.7289931,0.6480315,0.6730916,0.68998283,0.7023017,0.6751929,0.66588676,0.6806882
2303,0.7138848,0.7144882,0.72550225,0.7243518,0.7398047,0.66013676,0.68326634,0.6971059,0.7000874,0.67510766,0.66139156,0.67489374
2304,0.71444833,0.7118998,0.72971666,0.73068094,0.73781955,0.6670146,0.6777035,0.69751847,0.6919537,0.6762562,0.6527392,0.66068375
2305,0.7515136,0.74233055,0.745372,0.7476189,0.7531445,0.67064726,0.6994014,0.6988875,0.6990979,0.68449616,0.65292627,0.6616455
2306,0.74071336,0.73024046,0.74584025,0.75025254,0.74848485,0.6734426,0.6895381,0.6974806,0.6880147,0.6841108,0.6427385,0.6444645
2307,0.73111695,0.71855086,0.7438888,0.74671704,0.74510497,0.670751,0.68504393,0.6923313,0.6831752,0.6868364,0.63584965,0.6332028
2308,0.73542124,0.72099984,0.7467511,0.7493104,0.7488047,0.6670631,0.69070166,0.688635,0.68396276,0.6903945,0.632813,0.62880033
2309,0.77956337,0.7611653,0.76454467,0.7710354,0.76867354,0.6665524,0.7195626,0.6893143,0.69531417,0.6962714,0.63495106,0.63567036
2310,0.75746775,0.7409249,0.7604641,0.7712748,0.7588157,0.6674448,0.7017993,0.68635577,0.68081594,0.6909804,0.6222174,0.6158306
2311,0.7274044,0.71083003,0.749814,0.75808316,0.7467313,0.6619496,0.6855264,0.67881227,0.672113,0.6907298,0.6136891,0.60168254
2312,0.7183049,0.70139915,0.74568003,0.7517857,0.745185,0.65433717,0.68542355,0.6727262,0.6728034,0.6931394,0.61185473,0.59869933
2313,0.70837283,0.69283044,0.74195516,0.7482034,0.74284464,0.64812565,0.6828838,0.6681589,0.6715113,0.6924305,0.60910404,0.59509504
2314,0.68804884,0.6745692,0.7341816,0.7399973,0.7353741,0.642206,0.67301804,0.6633122,0.6670576,0.68999064,0.60502774,0.58915603
2315,0.6834211,0.6709322,0.7314796,0.737103,0.73536575,0.6368214,0.6739801,0.66003263,0.6696826,0.6902875,0.6055037,0.59082043
2316,0.66189325,0.6516354,0.72328776,0.7286733,0.72747016,0.632314,0.6627767,0.6571753,0.6651541,0.6872787,0.6028938,0.58655775
2317,0.61771727,0.6099957,0.7055298,0.70683604,0.70912725,0.6252941,0.63872564,0.6520616,0.65495616,0.6830575,0.59852874,0.57813865
2318,0.579567,0.574147,0.68816954,0.68350065,0.6944403,0.61569136,0.62139636,0.64659375,0.65035033,0.6811628,0.5987458,0.5767803
2319,0.5622638,0.5599363,0.67800575,0.6700621,0.6895033,0.60709155,0.61677146,0.64320415,0.65331537,0.67996395,0.60325646,0.58362556
2320,0.5458719,0.5475524,0.66901815,0.65984195,0.68372035,0.60119885,0.6099156,0.6416107,0.6539896,0.6760333,0.6063712,0.58904
2321,0.5241889,0.52953553,0.6580823,0.64706445,0.6745041,0.5965609,0.59865576,0.6403613,0.6519444,0.6713439,0.6083943,0.5922919
2322,0.52087945,0.52896994,0.65329784,0.6416483,0.67359895,0.59339076,0.5986716,0.6404133,0.65685236,0.66930366,0.61408263,0.6017837
2323,0.52031165,0.53109056,0.650647,0.6397339,0.67311865,0.59285986,0.59838635,0.6421868,0.6601404,0.6662044,0.6188201,0.6097659
2324,0.51441056,0.5272727,0.64646184,0.6354956,0.66935754,0.59347016,0.59390146,0.6439945,0.66017646,0.662776,0.6218622,0.6144286
2325,0.5027264,0.51706207,0.6400981,0.6275741,0.6629828,0.59364235,0.5864278,0.6452245,0.6582114,0.6599146,0.6241933,0.6171014
2326,0.49954477,0.514893,0.6364743,0.62248784,0.66084313,0.59360725,0.58481777,0.6465858,0.65982497,0.6587164,0.62840235,0.62286896
2327,0.5065687,0.52288073,0.63713336,0.62316966,0.6632158,0.5950473,0.5885961,0.6491376,0.6640132,0.65789264,0.6335568,0.6307548
2328,0.5007415,0.51826787,0.63416296,0.61952996,0.6592054,0.5971386,0.5836254,0.6514033,0.6618962,0.6552037,0.6352132,0.63259625
2329,0.4950284,0.51308167,0.63064885,0.6142012,0.6555074,0.59820217,0.57977086,0.6527452,0.6608391,0.65399057,0.6373853,0.63500434
2330,0.49980572,0.51815194,0.63091743,0.613567,0.6569576,0.5995641,0.5824405,0.6547433,0.66366595,0.6540055,0.6414641,0.640786
2331,0.5059774,0.5248108,0.6324504,0.6150618,0.6586466,0.60205084,0.5849294,0.6572881,0.6655853,0.65326816,0.644594,0.6454235
2332,0.5348882,0.55297667,0.64257365,0.62721235,0.6704098,0.60712355,0.6002204,0.66191936,0.6750067,0.6551203,0.6510127,0.65631145
2333,0.5222498,0.5411124,0.63954794,0.62393063,0.6624937,0.6117187,0.58898544,0.66414464,0.66641533,0.6514474,0.6475634,0.64994836
2334,0.5272459,0.5447092,0.640621,0.62309384,0.6638846,0.6137435,0.5917117,0.6652606,0.6684428,0.6536002,0.6499088,0.65276486
2335,0.56369,0.5791734,0.65409994,0.6386062,0.6799324,0.6188169,0.6123952,0.6702646,0.68029827,0.6579051,0.65720785,0.6648004
2336,0.782981,0.77846783,0.73578274,0.73663306,0.76989925,0.6404334,0.7409325,0.6963385,0.74256223,0.6813981,0.6874665,0.7289541
2337,0.70176506,0.70537984,0.7220459,0.7355165,0.7291742,0.6674271,0.6649061,0.7030683,0.6871535,0.6612637,0.6529332,0.6671895
2338,0.66374195,0.66116583,0.7076218,0.70872515,0.711913,0.665749,0.6439616,0.69380033,0.67751235,0.669836,0.6439881,0.6488242
2339,0.6234031,0.61951286,0.6931906,0.6847232,0.6981583,0.65737015,0.6271725,0.6863467,0.6671008,0.67399406,0.6387424,0.63532966
2340,0.63749456,0.63265646,0.69743526,0.6854527,0.70886,0.650345,0.64338803,0.6829585,0.6770368,0.68081594,0.64389265,0.64257944
2341,0.63987,0.63725513,0.7004541,0.68991774,0.7125089,0.6480742,0.64665246,0.6821702,0.6773754,0.67988676,0.642661,0.641545
2342,0.6069378,0.6072577,0.6899653,0.6777377,0.6992894,0.64431435,0.6277202,0.6779533,0.66649956,0.6756374,0.63531375,0.62984055
2343,0.60408175,0.60486174,0.68752617,0.67317104,0.7001684,0.6388368,0.6302553,0.6742854,0.6701907,0.6776464,0.6367735,0.6323215
2344,0.6329204,0.6336187,0.69788843,0.6866685,0.7146668,0.63781893,0.6497442,0.6756095,0.681774,0.68036497,0.64220285,0.64285326
2345,0.6300174,0.63228965,0.6989831,0.69107115,0.71338946,0.63971347,0.6456188,0.67676127,0.6780601,0.6770567,0.6390721,0.6385919
2346,0.7063229,0.70287395,0.72688985,0.72515076,0.7459886,0.6447267,0.69179046,0.6827208,0.70210505,0.6858674,0.6495331,0.66002893
2347,0.67654216,0.6752928,0.7214678,0.7248156,0.7310144,0.6520388,0.6650125,0.6845351,0.6818699,0.6777139,0.6365111,0.63759977
2348,0.69804,0.6920258,0.7288592,0.73117167,0.74016505,0.65274036,0.67916715,0.68369853,0.68978405,0.68463427,0.63870555,0.6411627
2349,0.6800971,0.6740447,0.72460526,0.72730124,0.7328606,0.6530575,0.66707456,0.6824561,0.68050194,0.6831384,0.632456,0.6293572
2350,0.6762602,0.6689311,0.72300124,0.72398335,0.73192626,0.65006846,0.66685677,0.6791611,0.68031394,0.68538976,0.63075596,0.626214
2351,0.7109238,0.7009894,0.73593533,0.73939425,0.7478985,0.6494802,0.689976,0.6799632,0.69137007,0.690215,0.63473797,0.6346644
2352,0.77076465,0.7563006,0.76053315,0.7714674,0.7726523,0.6551058,0.7240769,0.6857983,0.70393336,0.6945269,0.63827723,0.6448311
2353,0.7806027,0.7646679,0.7687651,0.78649557,0.7742807,0.66292024,0.7220306,0.6885057,0.69588006,0.6919054,0.6298216,0.63224185
2354,0.96291924,0.92122436,0.83611935,0.86063874,0.844633,0.67363715,0.8338625,0.70606023,0.73820347,0.71467006,0.6506201,0.6787639
2355,0.8798748,0.848035,0.81770253,0.8595368,0.8058781,0.6929836,0.75629264,0.70594364,0.6857859,0.69447595,0.6128555,0.6116576
2356,0.84108037,0.8048168,0.8025541,0.83456254,0.7899446,0.68629795,0.7363993,0.6923354,0.67850906,0.7019131,0.6020467,0.5906453
2357,0.81107163,0.77446866,0.7918159,0.81781703,0.78134423,0.67522746,0.7267048,0.68233514,0.6730788,0.70609444,0.5963634,0.5775331
2358,0.78566056,0.7510203,0.782866,0.8054271,0.77487415,0.66417867,0.71917063,0.6737191,0.6698247,0.7071743,0.5920392,0.5692961
2359,0.788596,0.75528985,0.78388095,0.8060668,0.78006303,0.6552584,0.7282788,0.6681851,0.67566156,0.709142,0.59266484,0.5720417
2360,0.7534466,0.72473323,0.7721239,0.79492706,0.767116,0.6486317,0.7087771,0.66245544,0.6659437,0.70356566,0.5850463,0.5600571
2361,0.7242033,0.6981431,0.75987256,0.7797443,0.7566399,0.6397381,0.6960153,0.65541387,0.66293955,0.7019572,0.58231765,0.555625
2362,0.7331619,0.7083982,0.76118386,0.7812835,0.7634299,0.63250655,0.70780313,0.6519694,0.67262834,0.70373315,0.58682,0.56505424
2363,0.7166093,0.69529873,0.7551456,0.77729887,0.75729656,0.6291171,0.6981646,0.6501695,0.6687257,0.69886506,0.584279,0.56186944
2364,0.6638509,0.64579564,0.7344534,0.7528351,0.73448503,0.6234067,0.6669139,0.64541227,0.6555504,0.6929374,0.57849085,0.55045897
2365,0.61887634,0.60303813,0.71407884,0.7249541,0.7166917,0.61349744,0.64563894,0.63960534,0.65051407,0.6913763,0.5793002,0.54899997
2366,0.58963144,0.5772852,0.6991125,0.7045754,0.70681554,0.6036285,0.63461035,0.6356528,0.6513468,0.6897818,0.58395505,0.55499357
2367,0.5649327,0.5572063,0.68621784,0.68834424,0.69811565,0.59598005,0.62413895,0.6334605,0.651956,0.68591297,0.58839464,0.5618707
2368,0.535738,0.53269774,0.6716759,0.67029047,0.6862301,0.58982235,0.6093199,0.6319756,0.6498204,0.6806345,0.59180033,0.56695086
2369,0.519367,0.52044296,0.66119474,0.65711737,0.6799283,0.584818,0.60233164,0.6313543,0.6524958,0.6770669,0.5977906,0.57655656
2370,0.5160366,0.5210409,0.6560248,0.65148693,0.67894065,0.5824651,0.6018164,0.63262707,0.6579296,0.6737129,0.6048511,0.58855855
2371,0.5031626,0.511772,0.64839005,0.6429541,0.67231065,0.5821344,0.5934899,0.6346243,0.65728074,0.66858065,0.60895663,0.5949359
2372,0.49257183,0.50370705,0.641143,0.6337923,0.6664693,0.58191526,0.5870147,0.63630897,0.65769374,0.6651578,0.6137616,0.60187954
2373,0.49625134,0.5093328,0.6393055,0.63135517,0.66738474,0.5829016,0.58920324,0.6391368,0.6627961,0.66351765,0.62075615,0.6127026
2374,0.49781433,0.5127558,0.63792896,0.62987196,0.6667124,0.5856822,0.5886793,0.6428374,0.6648482,0.66083956,0.6258951,0.6203883
2375,0.48984405,0.50617135,0.63331586,0.6236179,0.6612182,0.58822757,0.5822863,0.64559245,0.66276586,0.65789425,0.62878954,0.6237705
2376,0.48871687,0.5057431,0.6307526,0.61912465,0.65935034,0.59010905,0.58106166,0.64802617,0.6639838,0.656936,0.63328975,0.62970525
2377,0.49883637,0.51639587,0.63285667,0.6208005,0.662848,0.5931789,0.58621836,0.65163064,0.6685268,0.6567954,0.63911813,0.6383342
2378,0.49597573,0.5144375,0.63135004,0.61830544,0.6598867,0.596734,0.58255845,0.6547732,0.6666059,0.6546468,0.6411862,0.64061046
2379,0.49306905,0.5117769,0.629212,0.6141227,0.6571187,0.5990597,0.5798857,0.65675896,0.6656424,0.6538788,0.64351624,0.6431735
2380,0.5174531,0.5355042,0.636893,0.6222651,0.6671806,0.6029489,0.5935117,0.6607681,0.67458975,0.6560799,0.65060025,0.6544219
2381,0.52459615,0.5429559,0.64066744,0.62685287,0.6688367,0.608838,0.59462404,0.66525936,0.6741332,0.6547952,0.6522562,0.65658295
2382,0.55448675,0.570961,0.65196574,0.63952327,0.68082064,0.6155999,0.60998446,0.67053026,0.68275416,0.6579108,0.6580424,0.6660771
2383,0.5363822,0.5532361,0.64763975,0.63397163,0.6707546,0.62057006,0.595548,0.6724379,0.6717019,0.654811,0.6531193,0.6567265
2384,0.5403191,0.5555242,0.6477151,0.6310769,0.6708472,0.6210556,0.59790295,0.67154807,0.67259514,0.65710604,0.65405524,0.65757346
2385,0.5407037,0.55558634,0.64835095,0.6304129,0.67103994,0.6224722,0.59804785,0.67269146,0.6717344,0.6578552,0.65464544,0.65759665
2386,0.5497129,0.56403327,0.65200156,0.6336404,0.6751411,0.62438637,0.6032365,0.6742955,0.67440784,0.65946686,0.65663755,0.66060805
2387,0.55685157,0.5708772,0.6556262,0.637522,0.67825484,0.62707186,0.6065424,0.6762781,0.6755161,0.66023254,0.6575168,0.66197157
2388,0.5516256,0.56569093,0.6546552,0.6357536,0.67548394,0.6285692,0.602505,0.6765926,0.6721425,0.65975785,0.6556809,0.6587695
2389,0.54981315,0.56347775,0.6540444,0.6338023,0.67466605,0.6286539,0.60174453,0.67622983,0.6714022,0.66061616,0.65536517,0.6579358
2390,0.5787728,0.5908452,0.6646918,0.6460808,0.68798375,0.63115716,0.6190893,0.67912227,0.68141437,0.66453195,0.6607127,0.66717803
2391,0.5670632,0.5800899,0.66288435,0.6450465,0.68217576,0.6340912,0.60950196,0.68016523,0.67369384,0.6617082,0.6560681,0.6595638
2392,0.5507568,0.56347877,0.65685904,0.63626885,0.67467725,0.63269943,0.60039145,0.67772275,0.6682549,0.6616336,0.65271896,0.6536457
2393,0.53851706,0.55129296,0.65156853,0.62824786,0.66998315,0.62937313,0.59534955,0.67517996,0.66562,0.6621147,0.65161586,0.6511448
2394,0.54086494,0.55401564,0.6512376,0.627168,0.6716066,0.6266083,0.59854555,0.6737032,0.66798556,0.6627621,0.65297186,0.65355974
2395,0.5346219,0.5490243,0.64894754,0.6247849,0.66913146,0.6252668,0.595246,0.67301047,0.66610193,0.66116583,0.6520539,0.65239865
2396,0.58357495,0.5960463,0.66586953,0.64570355,0.69097006,0.6281837,0.6243591,0.6769687,0.6839625,0.66620475,0.6610972,0.66911393
2397,0.5999426,0.61255664,0.67519635,0.6601912,0.6967624,0.63561106,0.62896323,0.6821268,0.68362993,0.6642815,0.6599706,0.66835773
2398,0.61586404,0.62625927,0.68291384,0.67012715,0.70222443,0.6415687,0.63493514,0.68503404,0.6852252,0.66606146,0.6593809,0.66782534
2399,0.6666762,0.67198896,0.703204,0.6945679,0.72308207,0.6488412,0.66268414,0.69065917,0.6976851,0.6725529,0.66428316,0.67720467
2400,0.7511071,0.74796826,0.7381338,0.73804796,0.7562161,0.6616305,0.707539,0.7012955,0.7140567,0.680716,0.66979575,0.69009095
2401,0.7424592,0.7379175,0.7422455,0.7482971,0.7492765,0.6738725,0.69093925,0.70429426,0.696291,0.67730093,0.6553963,0.665843
2402,0.74571097,0.7362118,0.7448516,0.7493302,0.74835664,0.67512083,0.69082534,0.69975734,0.6920319,0.68212014,0.64756495,0.6530934
2403,0.73918825,0.72698027,0.7451221,0.74858254,0.746661,0.6741308,0.68762994,0.69631666,0.6862535,0.6854884,0.64069813,0.6407871
2404,0.73658365,0.7224819,0.7460628,0.74862635,0.74732655,0.670954,0.6885217,0.69219226,0.68395907,0.6887548,0.63568884,0.6326455
2405,0.73529184,0.7203555,0.7473496,0.7501615,0.7486098,0.6672865,0.6901829,0.6882382,0.682369,0.6906718,0.6310771,0.62597984
2406,0.7675435,0.74973714,0.7605453,0.7663187,0.763669,0.6655419,0.71214384,0.6873362,0.69100696,0.6954112,0.63172525,0.62997055
2407,0.7371084,0.72170335,0.7526251,0.7610964,0.7506925,0.66417557,0.69094276,0.68289155,0.6759001,0.6899219,0.61909723,0.61005175
2408,0.7271118,0.71079403,0.74858165,0.7551264,0.7478141,0.65831536,0.6885548,0.6767187,0.67519414,0.6921775,0.6154583,0.60462236
2409,0.72373277,0.7075767,0.7475668,0.75444746,0.74838495,0.6530323,0.689991,0.672739,0.6755603,0.6931095,0.61331517,0.6018332
2410,0.7017061,0.6874219,0.7396653,0.746474,0.739828,0.6476084,0.6783081,0.6675909,0.66910005,0.6903636,0.60753,0.5930011
2411,0.71673524,0.7019218,0.7439935,0.7517595,0.7477522,0.64289105,0.6913647,0.6646804,0.6771822,0.6930425,0.6097837,0.59882015
2412,0.68382156,0.6718033,0.73319995,0.7417925,0.7344468,0.6398898,0.67091304,0.66180557,0.6658208,0.68765545,0.60263824,0.5867576
2413,0.6380289,0.62767154,0.7148431,0.7183099,0.7158996,0.6321934,0.6468446,0.65554094,0.65607,0.6850834,0.5979005,0.5773635
2414,0.60301656,0.594715,0.6988142,0.69644135,0.70318645,0.6219198,0.63223267,0.6495074,0.65277153,0.6841931,0.59827036,0.57625365
2415,0.5820019,0.5769216,0.6878111,0.68214124,0.6967467,0.6128489,0.6254239,0.64550483,0.6539775,0.6825408,0.6013236,0.5807938
2416,0.56698555,0.5656898,0.6795345,0.67264044,0.69217503,0.6064743,0.62011087,0.64353627,0.6557182,0.6794354,0.6045976,0.58656186
2417,0.5480097,0.5503751,0.6699495,0.66180557,0.68465996,0.6017744,0.6107204,0.64227235,0.6547395,0.67515093,0.6067179,0.5902258
2418,0.5268041,0.532321,0.6590271,0.64869523,0.67544645,0.5973265,0.5997355,0.6409187,0.652805,0.6710638,0.60883576,0.5933318
2419,0.52157557,0.52965146,0.65359855,0.64228636,0.6736119,0.59410787,0.5985907,0.64086944,0.6567983,0.6690417,0.61415476,0.60190946
2420,0.5204641,0.53108364,0.65072143,0.6398353,0.6730401,0.59338176,0.598243,0.6425335,0.66009456,0.6662499,0.61898524,0.60985494
2421,0.5069041,0.51979303,0.64375806,0.63192344,0.66584146,0.5932304,0.5893593,0.643721,0.65744096,0.6621339,0.62082887,0.61219734
2422,0.50162566,0.515859,0.6390752,0.6257727,0.66262364,0.5927305,0.58647317,0.64469624,0.65872014,0.6603739,0.6248091,0.6178333
2423,0.50882167,0.5241747,0.63956755,0.62641966,0.6652959,0.59390414,0.59061044,0.6472893,0.6636262,0.65956247,0.6304991,0.62662953
2424,0.504586,0.52128226,0.6370405,0.6235888,0.66209346,0.59609044,0.58656806,0.64986205,0.6624056,0.65682936,0.6327797,0.62954986
2425,0.49854454,0.51592416,0.6332998,0.618232,0.65800375,0.5972915,0.58221346,0.65129,0.6611341,0.65518093,0.6349035,0.6319453
2426,0.5035401,0.5212127,0.6335361,0.6176253,0.6594639,0.5987979,0.5849277,0.6534245,0.6641604,0.6551483,0.639207,0.6380689
2427,0.50921845,0.5273613,0.63495666,0.618999,0.66109186,0.60153544,0.5871561,0.65631264,0.66612643,0.6544692,0.64261746,0.64297605
2428,0.64182246,0.6524673,0.6826026,0.6771125,0.7181891,0.61445904,0.66469073,0.6706392,0.7104389,0.6679382,0.665417,0.68716526
2429,0.5972688,0.6116998,0.67549515,0.67555,0.6937609,0.6312181,0.6228276,0.6776068,0.6782036,0.6548074,0.64803106,0.65609634
2430,0.7734229,0.767936,0.73808044,0.74378884,0.76573396,0.6455217,0.72946596,0.69320166,0.7325475,0.68147856,0.67443395,0.70784557
2431,0.6831411,0.68430364,0.71790856,0.7308764,0.7233,0.66397333,0.65533155,0.6963593,0.67995054,0.6642339,0.64311445,0.6504489
2432,0.6423467,0.63841474,0.70136124,0.7008519,0.70613486,0.65836984,0.6359096,0.6863585,0.6719545,0.6723752,0.63672066,0.63599324
2433,0.66888535,0.66144913,0.7102441,0.7055825,0.7220461,0.6530395,0.65992594,0.68466234,0.6848796,0.682667,0.6442053,0.6457259
2434,0.64874876,0.6440389,0.7062495,0.70148605,0.7155452,0.65126586,0.64842176,0.68295455,0.6755404,0.67951983,0.6379742,0.6350045
2435,0.6059221,0.6034881,0.69114923,0.6812794,0.6984839,0.6448942,0.62572765,0.67647034,0.6635161,0.6767872,0.63043565,0.6220501
2436,0.58066255,0.5798757,0.6800289,0.6647563,0.690293,0.63569456,0.6168715,0.67020315,0.6611944,0.6772963,0.6296613,0.61984277
2437,0.5697065,0.5715469,0.6742668,0.65692115,0.6883131,0.62819594,0.61535233,0.6664752,0.6629332,0.67668825,0.63134754,0.62265146
2438,0.54760975,0.5530002,0.66491675,0.6460726,0.67988443,0.62205833,0.6047929,0.66307604,0.65893817,0.67268515,0.62992966,0.6208188
2439,0.53156644,0.5396512,0.6567826,0.636215,0.6738715,0.616334,0.59807885,0.6601054,0.6581711,0.67019236,0.63071394,0.6223455
2440,0.53073245,0.541026,0.65414864,0.63372225,0.6745323,0.61264455,0.5997415,0.65922856,0.66229695,0.6688507,0.63434315,0.6286863
2441,0.5237284,0.5363891,0.65024686,0.6303805,0.6714919,0.61093235,0.5958509,0.6593125,0.6621385,0.6656927,0.63576776,0.6312537
2442,0.5322833,0.5459798,0.6515889,0.6329862,0.6751085,0.61083496,0.60104924,0.66053534,0.6675677,0.66503435,0.64001936,0.6385888
2443,0.56490105,0.5782989,0.66285497,0.6484024,0.6890696,0.6148841,0.6190216,0.6652497,0.67920536,0.6663405,0.6471152,0.6513441
2444,0.5641978,0.5782516,0.6640457,0.65211695,0.68660116,0.620254,0.6141482,0.66862017,0.6751233,0.66292447,0.6455588,0.64867014
2445,0.5695967,0.5822824,0.6657869,0.6537802,0.6875576,0.62343407,0.61563,0.67028165,0.6761394,0.66387165,0.6467405,0.6498847
2446,0.61360914,0.6230564,0.6819473,0.67309344,0.70623684,0.62891906,0.6406724,0.6755232,0.68970704,0.6690327,0.6541766,0.6627232
2447,0.67315674,0.6782607,0.7066393,0.7047155,0.72987264,0.63982296,0.671216,0.684426,0.702102,0.67325264,0.6594878,0.6737859
2448,0.8613525,0.8447219,0.77891505,0.79068613,0.80195576,0.6606964,0.77847433,0.70735425,0.74371684,0.69242877,0.67822737,0.7170194
2449,0.8914077,0.87005067,0.8031664,0.83160263,0.80629456,0.69051737,0.77016693,0.7215002,0.7191159,0.686961,0.65955484,0.684726
2450,0.8442659,0.819951,0.7917827,0.8197197,0.783356,0.7000623,0.730169,0.71502,0.6928846,0.68732655,0.6360505,0.64236826
2451,0.8395767,0.8083032,0.7915908,0.8122258,0.78368217,0.6955654,0.73258656,0.70737815,0.69137245,0.6984808,0.6302776,0.6292155
2452,0.835504,0.8019332,0.7933192,0.8120478,0.78562754,0.69018483,0.73505753,0.70174384,0.68786293,0.70355225,0.6239369,0.6172052
2453,0.8684319,0.8307226,0.8080684,0.828034,0.80209213,0.68631804,0.759667,0.69933283,0.69533014,0.7101482,0.6232211,0.61830574
2454,0.86278135,0.82606936,0.8104048,0.83484423,0.8009693,0.6849325,0.75468004,0.6954289,0.68676543,0.70789075,0.6124174,0.60234785
2455,0.86562556,0.82747334,0.81365293,0.839541,0.80381614,0.6811738,0.75829583,0.6902499,0.68569106,0.70993066,0.6062379,0.5939117
2456,0.8372985,0.80095196,0.80557567,0.8326865,0.7939312,0.67586184,0.74237704,0.68304634,0.67552453,0.70774937,0.5954718,0.57630086
2457,0.8270162,0.790596,0.80192226,0.82794815,0.79228526,0.66772866,0.7416815,0.6755863,0.6755666,0.70977575,0.5915208,0.57046276
2458,0.8457322,0.80814874,0.8092955,0.8374886,0.8029391,0.66191894,0.7582893,0.6723177,0.68299544,0.7127342,0.5923237,0.5744058
2459,0.8573067,0.81982774,0.81529415,0.8484354,0.80876786,0.6600868,0.7654466,0.6707682,0.6836987,0.71151537,0.58902913,0.571906
2460,0.8372273,0.80130345,0.8095449,0.8457249,0.800793,0.65817326,0.7517448,0.6668653,0.6754822,0.70803857,0.58081996,0.55886406
2461,0.7718297,0.7388859,0.7855833,0.8186228,0.77404463,0.6508767,0.7136116,0.6582439,0.65820813,0.70348465,0.56913173,0.5368751
2462,0.7147496,0.6836,0.7616547,0.7861157,0.7526292,0.6371929,0.6879929,0.6481419,0.6508897,0.7037536,0.56606483,0.52839774
2463,0.65535873,0.62812275,0.73637176,0.75229985,0.73072207,0.6220419,0.6615327,0.63954324,0.6435301,0.7014581,0.5652854,0.5241322
2464,0.62000245,0.59761316,0.7186395,0.7282935,0.7196149,0.6078867,0.649795,0.63291997,0.6456862,0.6998009,0.5700798,0.5312479
2465,0.58837044,0.57213414,0.7029213,0.70914596,0.7090553,0.5971848,0.6368631,0.6291727,0.6464336,0.6948414,0.5743231,0.53869164
2466,0.5644886,0.55401963,0.68975323,0.6936514,0.7007593,0.58933926,0.6267334,0.6270869,0.64883584,0.6897575,0.5795866,0.5482613
2467,0.5490568,0.5437893,0.67971987,0.68245703,0.6952764,0.5841972,0.62013686,0.6266898,0.65259033,0.68490237,0.58571553,0.55928963
2468,0.52782565,0.5271946,0.6679781,0.6689971,0.68595994,0.5809923,0.6082691,0.62725604,0.65223795,0.67907244,0.5903509,0.5668232
2469,0.50948685,0.51259345,0.6569089,0.6554159,0.6776129,0.5783715,0.5983417,0.6280318,0.65287054,0.6746187,0.59593713,0.5752463
2470,0.5040503,0.51046646,0.6506449,0.64783305,0.6751018,0.57707375,0.5961207,0.6298559,0.65742546,0.67156917,0.6033661,0.5870076
2471,0.5026087,0.51208925,0.6468209,0.6437072,0.6736864,0.57797515,0.5948499,0.6329439,0.66112775,0.66807044,0.6100601,0.59768367
2472,0.49209988,0.5041067,0.64034176,0.6357358,0.6673809,0.57969326,0.5872442,0.6359281,0.660032,0.6639132,0.61440855,0.60363966
2473,0.48899028,0.5026439,0.6361802,0.6297313,0.66466343,0.5812386,0.5849326,0.6386965,0.66208607,0.66189146,0.62025225,0.6119124
2474,0.4958919,0.5109256,0.63628983,0.62929344,0.66655344,0.58403444,0.5882161,0.6424904,0.66663235,0.6606176,0.62696093,0.6220181
2475,0.5035918,0.5197278,0.63774604,0.630748,0.6683457,0.588439,0.5908521,0.64698726,0.6696628,0.65900886,0.63240093,0.63014954
2476,0.50441915,0.52134764,0.63681495,0.6287427,0.6659898,0.5926071,0.58873165,0.6502391,0.66878015,0.6567679,0.6352675,0.6338902
2477,0.57189715,0.5860159,0.6603427,0.656709,0.6949847,0.6013734,0.6275003,0.6590033,0.692345,0.6632653,0.6495679,0.65932393
2478,0.57219857,0.5871101,0.6640553,0.66326237,0.6905874,0.6130226,0.6189628,0.66567236,0.6825946,0.65784836,0.6458727,0.6524575
2479,0.6514201,0.6590743,0.6936535,0.6964945,0.723109,0.62505364,0.6636548,0.67550313,0.70598763,0.6684729,0.6583405,0.67501915
2480,0.6273565,0.635161,0.6910316,0.69565076,0.7096304,0.6373462,0.6397792,0.6807505,0.6860307,0.66333544,0.6480476,0.655024
2481,0.59972066,0.6048466,0.68123287,0.6787733,0.6963761,0.6381393,0.6232305,0.6777528,0.67608213,0.6659349,0.64285547,0.6434727
2482,0.5809334,0.58490926,0.6737595,0.66483665,0.68962365,0.6343502,0.61592877,0.67464566,0.6718323,0.668995,0.64201224,0.63920873
2483,0.5784351,0.5826441,0.6723213,0.6601606,0.6907032,0.6309271,0.6182079,0.6732089,0.67361516,0.6713116,0.64406073,0.6414981
2484,0.58247864,0.58776116,0.6740376,0.6613838,0.69394374,0.6297253,0.6223058,0.6733712,0.6761134,0.6718002,0.6457962,0.64468604
2485,0.62194633,0.626193,0.6888973,0.67959774,0.7119091,0.63266253,0.64607805,0.6771824,0.68929076,0.6753848,0.6521939,0.65738297
2486,0.580931,0.58812034,0.67721564,0.667585,0.69275236,0.6349642,0.61750585,0.6766398,0.6705176,0.66807216,0.6417959,0.6397438
2487,0.6013167,0.6060041,0.68253833,0.6709862,0.7026089,0.6335886,0.63273394,0.6759552,0.68147063,0.6742624,0.64767337,0.6492683
2488,0.58753484,0.5936654,0.6789746,0.6675197,0.69693595,0.6338651,0.623722,0.6762452,0.67492545,0.67159784,0.64461994,0.6435587
2489,0.7381525,0.732151,0.73263216,0.73093724,0.76143974,0.6423578,0.7167702,0.68904215,0.72374094,0.6899783,0.6678188,0.6907532
2490,0.73271847,0.72915095,0.7410401,0.75185716,0.7547852,0.66095877,0.69622546,0.69834274,0.70061404,0.6792252,0.65233254,0.66487026
2491,0.67138594,0.66696477,0.72096837,0.7266484,0.72592163,0.6631558,0.654577,0.6916289,0.6770491,0.6767459,0.635752,0.6350463
2492,0.6406457,0.6337392,0.70792514,0.7043639,0.7150949,0.6548449,0.64305955,0.6838588,0.6725714,0.68239033,0.63336974,0.6271578
2493,0.61616695,0.61035854,0.6980413,0.68916774,0.7080728,0.6458911,0.63509667,0.67822987,0.6692187,0.6837674,0.6323255,0.62321174
2494,0.62778986,0.623063,0.7009899,0.69161284,0.716251,0.6399347,0.6474039,0.6758487,0.67786497,0.68624973,0.6366413,0.6311831
2495,0.6811209,0.6755055,0.72103614,0.7179521,0.7404792,0.6413122,0.6806172,0.6796243,0.6950712,0.68953156,0.64377207,0.64731973
2496,0.68717784,0.6829409,0.7267229,0.7298633,0.74094766,0.64686185,0.6780729,0.6821405,0.68935364,0.684573,0.6379783,0.6400133
2497,0.6971601,0.69093883,0.7314259,0.7364745,0.7436714,0.6497741,0.6814653,0.68218964,0.6894556,0.6856441,0.6355408,0.63687754
2498,0.6968279,0.68909585,0.7327058,0.7387632,0.7431718,0.6512397,0.679839,0.68182653,0.6865746,0.6863909,0.6323615,0.63108766
2499,0.69889194,0.68954647,0.73423356,0.74052924,0.7442301,0.6510311,0.6812208,0.68065184,0.6859759,0.6881111,0.6304167,0.62757325
2500,0.7291434,0.7167023,0.7460683,0.754811,0.757548,0.6518547,0.70030713,0.6817223,0.6940394,0.69240755,0.6326412,0.6327345
2501,0.76833355,0.7523841,0.7628258,0.7770896,0.7732162,0.6561767,0.7215726,0.68508345,0.70016557,0.695085,0.63284725,0.63585794
2502,0.789949,0.7710054,0.7740887,0.7936535,0.7804962,0.6619262,0.72957027,0.6874171,0.69838256,0.6956214,0.62815696,0.62980556
2503,0.7759538,0.755831,0.77158666,0.79280806,0.77319443,0.6642769,0.7169645,0.68508226,0.6879026,0.6944295,0.61867434,0.61357516
2504,0.7661706,0.7440385,0.7686696,0.78819734,0.7695539,0.6616354,0.71238387,0.6806912,0.68423074,0.6969318,0.6138165,0.6046188
2505,0.7538664,0.73130435,0.76475716,0.7830005,0.7656636,0.65726006,0.7074396,0.67620105,0.680582,0.69803363,0.60957104,0.5969938
2506,0.7518436,0.72913647,0.7640451,0.78182226,0.76606417,0.65250534,0.7092235,0.6721306,0.6809382,0.69926035,0.60745615,0.5942152
2507,0.6999795,0.68073595,0.7454986,0.7606213,0.74418765,0.6463245,0.6784328,0.66536576,0.6646324,0.6935047,0.5971721,0.57622784
2508,0.64572066,0.62884057,0.72283864,0.7298679,0.72222,0.63467395,0.65168834,0.6560911,0.6543627,0.6914022,0.59236217,0.5664278
2509,0.60490984,0.5913012,0.70414156,0.70391816,0.7076917,0.6216671,0.6353034,0.6486372,0.6509368,0.69009614,0.593132,0.56602025
2510,0.58304286,0.5738462,0.6922988,0.6884066,0.7014815,0.6109029,0.62908274,0.6439265,0.65349716,0.6880179,0.59712875,0.57267237
2511,0.5546416,0.55062187,0.6788505,0.6725478,0.69092745,0.6029725,0.61577755,0.6410499,0.65135217,0.68265235,0.59895,0.5760538
2512,0.5308874,0.53129506,0.6662139,0.6572658,0.6814701,0.59616685,0.6046866,0.6386235,0.6509385,0.67810595,0.602064,0.58141327
2513,0.5213597,0.52569044,0.65863186,0.6486785,0.6780946,0.5913844,0.6015058,0.6378955,0.6548645,0.6747411,0.6075523,0.5908822
2514,0.5179608,0.52585346,0.654127,0.6446352,0.6766122,0.5894966,0.60016036,0.63903004,0.65872794,0.67097586,0.6129023,0.60022736
2515,0.5036547,0.5145758,0.64624435,0.63600135,0.6691028,0.58883685,0.5909158,0.6402608,0.65687114,0.6660857,0.6156002,0.60424954
2516,0.49581957,0.5087153,0.6401427,0.62844914,0.66466016,0.58813894,0.5864216,0.64140004,0.6580218,0.6634586,0.62006205,0.6107145
2517,0.5017421,0.5162184,0.6395246,0.62792295,0.66663504,0.58904743,0.58985704,0.6440297,0.6632844,0.6621098,0.6264487,0.62068254
2518,0.5014705,0.5175463,0.63787824,0.6264041,0.6650619,0.5915435,0.58808273,0.6471839,0.6640487,0.6593196,0.63024557,0.62622035
2519,0.496221,0.5132734,0.63436866,0.62167406,0.6610158,0.59366685,0.583597,0.6494684,0.6629344,0.65707564,0.63295245,0.6295153
2520,0.49321395,0.510847,0.6315317,0.6171823,0.65841126,0.5951995,0.58122194,0.6514515,0.66302407,0.65594006,0.6362804,0.6336253
2521,0.5044367,0.52229595,0.6341019,0.6195342,0.66255784,0.5977835,0.5872523,0.6545643,0.668,0.6562469,0.6417891,0.6418699
2522,0.5030496,0.52166826,0.63334095,0.61827374,0.6604354,0.601068,0.58452827,0.65742415,0.66644675,0.6543028,0.6434907,0.6437789
2523,0.4988189,0.5176253,0.63098407,0.61412287,0.6571482,0.6030684,0.58104575,0.65896,0.66476196,0.65339243,0.64489895,0.6450155
2524,0.5061835,0.5247835,0.63265234,0.6148319,0.65968215,0.6051248,0.58500624,0.6611075,0.6677447,0.6541178,0.6486654,0.65031755
2525,0.57287693,0.58869165,0.6564804,0.64365923,0.6883008,0.6129468,0.62264585,0.66903335,0.6898973,0.6601374,0.6611973,0.6728844
2526,0.58339685,0.59933275,0.6649788,0.6565017,0.69007146,0.6247874,0.62108594,0.67635995,0.6846004,0.6569303,0.6585859,0.6686072
2527,0.56231654,0.5769973,0.6588954,0.6475625,0.67796034,0.62926215,0.6048911,0.67600596,0.6730188,0.6557505,0.65200627,0.6564959
2528,0.5542275,0.5668286,0.65545696,0.63967466,0.67443496,0.6287444,0.6016242,0.67462766,0.67077035,0.65896726,0.65162796,0.6538077
2529,0.55267304,0.5646667,0.65489376,0.6367285,0.6747568,0.62785774,0.6024579,0.67431617,0.67079824,0.66096056,0.652533,0.65405166
2530,0.5373286,0.55018246,0.6497181,0.6291457,0.668581,0.6262057,0.59447086,0.6729314,0.6656002,0.6599739,0.6502245,0.6497274
2531,0.52795285,0.54144263,0.64550656,0.6224438,0.6651356,0.62331724,0.5909375,0.6709442,0.6640854,0.6600472,0.6498967,0.6489495
2532,0.6087121,0.61857647,0.67378026,0.65656996,0.7016777,0.6279511,0.6399097,0.677842,0.6934541,0.6691888,0.66506046,0.6769188
2533,0.60062534,0.6128952,0.67650473,0.66475344,0.69581026,0.6371931,0.62691,0.68264717,0.680799,0.66219383,0.656949,0.6643455
2534,0.6531103,0.6597162,0.6964756,0.68732154,0.71753126,0.6445306,0.656297,0.68776464,0.6963778,0.6705151,0.6635488,0.6766137
2535,0.64201885,0.64817107,0.6970248,0.69021106,0.71136016,0.651432,0.6440279,0.6900717,0.6845424,0.6681772,0.655562,0.6624275
2536,0.630536,0.63437617,0.6939955,0.68437815,0.7064263,0.6519063,0.63723,0.68787754,0.67964035,0.67088383,0.6512903,0.65418625
2537,0.6211436,0.62396055,0.6906687,0.6784576,0.70277315,0.6487872,0.633494,0.6841652,0.67611116,0.6725636,0.64793575,0.6480409
2538,0.66238546,0.6621714,0.70585656,0.69572526,0.7219536,0.648992,0.6604413,0.68570423,0.69000965,0.6790183,0.6536624,0.6590183
2539,0.64433473,0.6457387,0.7031908,0.6953939,0.71434397,0.6514272,0.64646965,0.68588436,0.6787712,0.6749484,0.6456406,0.6460704
2540,0.6411937,0.6412669,0.70235527,0.69308645,0.7138321,0.6498039,0.64608514,0.6834212,0.6787451,0.6774081,0.6438433,0.6431996
2541,0.6881227,0.6845627,0.72004825,0.7141526,0.7354416,0.651128,0.676147,0.68624043,0.69390893,0.6841701,0.65015674,0.6555203
2542,0.7674673,0.7574822,0.75267243,0.7562087,0.76788336,0.6601182,0.72045785,0.69529074,0.7106524,0.6904232,0.6556395,0.66961676
2543,0.7954283,0.781958,0.76913166,0.7817716,0.7761645,0.672147,0.7269123,0.70100933,0.70446277,0.68932617,0.6473845,0.6580713
2544,0.8183585,0.7988618,0.78137827,0.7977213,0.78350013,0.67928874,0.7350027,0.70241165,0.7019676,0.6934705,0.640856,0.6479649
2545,0.82793075,0.8037344,0.78853863,0.8072388,0.78686184,0.68273425,0.73759866,0.70148134,0.69700235,0.6970859,0.63322407,0.6349822
2546,0.80142933,0.77619267,0.78195345,0.8005406,0.776506,0.6812819,0.7205607,0.6957696,0.6843469,0.6972832,0.6211736,0.6138331
2547,0.7683479,0.74282604,0.77075946,0.7855988,0.7649404,0.673743,0.70491594,0.68703777,0.6756709,0.69880897,0.6124386,0.5981506
2548,0.73364747,0.7095536,0.7578553,0.7684571,0.7533826,0.6630966,0.69055104,0.6777902,0.6689572,0.69913465,0.6061249,0.58694696
2549,0.73158646,0.7085291,0.7558179,0.7648403,0.75583726,0.65309423,0.6968071,0.6711126,0.6738703,0.7013418,0.60649234,0.58897394
2550,0.74243325,0.7209967,0.75983334,0.77180254,0.76244336,0.6476429,0.7069117,0.6681334,0.6789423,0.7008785,0.6064635,0.5922115
2551,0.731021,0.7120292,0.75651103,0.7713409,0.758034,0.6448048,0.6997238,0.6653027,0.6745954,0.6968905,0.6015486,0.5861065
2552,0.7060793,0.6888582,0.74678624,0.7609598,0.7476293,0.6401872,0.68565387,0.6605951,0.66849685,0.6939966,0.59676397,0.5784783
2553,0.7006513,0.6840477,0.74300975,0.7562353,0.7465456,0.63461256,0.6860586,0.6567887,0.6711262,0.69457585,0.5975423,0.580251
2554,0.72038615,0.70389414,0.7492353,0.7651044,0.7560083,0.6320573,0.70048404,0.6562866,0.6796107,0.69571394,0.60099405,0.5883793
2555,0.6841922,0.67061937,0.7369716,0.7536284,0.74004465,0.6310856,0.6760122,0.65467894,0.66645855,0.6891061,0.5938572,0.5756958
2556,0.6530341,0.6402308,0.7233641,0.7353178,0.7274635,0.62534934,0.6604349,0.6502973,0.6620799,0.68845326,0.5928101,0.5721087
2557,0.6290437,0.61800396,0.7120911,0.72002035,0.71911633,0.6184699,0.650641,0.64697015,0.6608983,0.68778074,0.5945997,0.57334644
2558,0.58702755,0.57927823,0.69428414,0.6971299,0.70205635,0.61108536,0.6287266,0.6433549,0.65291566,0.68348527,0.5936551,0.569914
2559,0.56326216,0.55852616,0.6815521,0.67959994,0.69360155,0.6031031,0.61960953,0.6400415,0.6538328,0.6819192,0.5977608,0.5756111
2560,0.5499924,0.54907465,0.6732655,0.66928756,0.68954265,0.597412,0.6152326,0.63895047,0.65669215,0.679157,0.60279137,0.58380646
2561,0.5290246,0.5320853,0.6626751,0.65669084,0.680657,0.59351724,0.60408,0.63852626,0.65484244,0.6742775,0.60550535,0.58804715
2562,0.5139711,0.520227,0.6535633,0.6452979,0.6739976,0.5901362,0.596617,0.6382345,0.65538144,0.67080766,0.60964084,0.5944449
2563,0.515288,0.52424955,0.650683,0.6421107,0.67476815,0.588783,0.59854484,0.63971883,0.6610138,0.6688053,0.6162256,0.6053156
2564,0.5148162,0.52631235,0.6484022,0.6402729,0.67380965,0.5899009,0.5974346,0.64249617,0.663387,0.6655507,0.6209492,0.61298215
2565,0.5143352,0.5274791,0.6462638,0.63796514,0.6722409,0.59191906,0.5958532,0.645251,0.66495126,0.6630296,0.6251156,0.61933476
2566,0.51729625,0.5313927,0.6456287,0.637036,0.67224866,0.5945168,0.59637326,0.6483007,0.667249,0.66157967,0.6296021,0.62590396
2567,0.5085927,0.5236632,0.64128613,0.6311551,0.66685015,0.5967386,0.58975637,0.65062934,0.66455966,0.65917987,0.63154924,0.62764466
2568,0.50214386,0.51773554,0.6371508,0.6246279,0.66288346,0.5976793,0.5857104,0.65207934,0.66375816,0.6582159,0.6344144,0.63080966
2569,0.5075761,0.5236249,0.63741535,0.62379366,0.6646032,0.5990763,0.5888527,0.6542873,0.66707104,0.658229,0.6391127,0.6375505
2570,0.510537,0.5273502,0.63782203,0.6237689,0.66493225,0.601691,0.5894387,0.65707207,0.66802883,0.6570993,0.6421861,0.64187413
2571,0.51931286,0.5362532,0.6404608,0.6262774,0.66783524,0.605031,0.5933585,0.660164,0.6709474,0.6571039,0.6459012,0.64743376
2572,0.5434085,0.5595997,0.6492277,0.6365466,0.6775393,0.6103413,0.6057499,0.6648857,0.6782927,0.65869796,0.6514362,0.6565134
2573,0.56976515,0.58478546,0.6600577,0.6499172,0.68728215,0.6178144,0.61769515,0.67042655,0.6836373,0.6597356,0.6550693,0.6628512
2574,0.6428444,0.6525457,0.68868417,0.6844588,0.7171823,0.62989855,0.6570577,0.6806304,0.7030127,0.66692704,0.6649144,0.68148285
2575,0.75955737,0.7579278,0.73692423,0.74371517,0.76274496,0.65051186,0.71848,0.6984957,0.72628313,0.67744714,0.6752299,0.7038807
2576,0.68392193,0.6853333,0.7189895,0.7293256,0.72595906,0.66606206,0.65672815,0.6990579,0.68386257,0.66604656,0.64821714,0.65550554
2577,0.6521605,0.64828837,0.70619994,0.7050084,0.71301746,0.6613707,0.6424781,0.69073033,0.67762613,0.6745231,0.6429908,0.6430873
2578,0.6149111,0.6108713,0.69269407,0.683445,0.7005556,0.6527802,0.62723964,0.684095,0.66853637,0.677137,0.638687,0.6323934
2579,0.5933638,0.5908157,0.68383473,0.6689968,0.6950167,0.6434535,0.62155586,0.67812353,0.666683,0.6787443,0.6379982,0.6300904
2580,0.5920759,0.59190524,0.6822632,0.6660149,0.69730806,0.6365855,0.6257581,0.6745564,0.67048204,0.6790811,0.63971937,0.6338568
2581,0.5687535,0.57229966,0.67387587,0.65660316,0.6885051,0.63157177,0.6137797,0.6713609,0.6644624,0.6747367,0.636316,0.629179
2582,0.57922304,0.5840126,0.6757154,0.65881354,0.6943391,0.62776345,0.6228643,0.6696854,0.67216647,0.67568254,0.64017427,0.6369515
2583,0.57177377,0.5789695,0.6731609,0.6576247,0.6913532,0.6265984,0.6181546,0.6695018,0.66995627,0.6722812,0.6391659,0.6360204
2584,0.60445845,0.6108207,0.68407017,0.6717643,0.70597285,0.62800914,0.63813585,0.67193717,0.68278307,0.6751646,0.64565283,0.6484209
2585,0.59904945,0.6066135,0.68397266,0.67446226,0.70254236,0.63154405,0.6313741,0.67410976,0.67746073,0.6714595,0.642687,0.6436646
2586,0.5913806,0.59846044,0.6808543,0.6704783,0.698253,0.6319436,0.62599,0.67330503,0.6748027,0.6711337,0.64116657,0.6406473
2587,0.60618883,0.6118767,0.68565375,0.67577845,0.7050453,0.632493,0.6355728,0.67434585,0.68069047,0.67383474,0.644573,0.6459867
2588,0.6264027,0.6310163,0.69395256,0.6868208,0.7137021,0.63560843,0.64641976,0.6772751,0.6856367,0.67518944,0.6468897,0.6503534
2589,0.63131326,0.63531,0.6972763,0.6920851,0.7147539,0.6390633,0.64665616,0.67890996,0.68390036,0.6745739,0.64506185,0.64761865
2590,0.6539052,0.6554852,0.7060777,0.70271736,0.7235368,0.6420066,0.658863,0.6805245,0.68906397,0.6773925,0.64644015,0.65073144
2591,0.7596476,0.7517059,0.7462563,0.751271,0.76675665,0.6512888,0.7209527,0.69081134,0.71661264,0.68866205,0.6582134,0.67615443
2592,0.787924,0.7769688,0.7641127,0.77966493,0.7742366,0.6669094,0.72477686,0.69906336,0.70707756,0.68578106,0.6490081,0.6623287
2593,0.8222927,0.80368036,0.78049755,0.79949284,0.7851576,0.6763972,0.7385922,0.70198816,0.7067747,0.69143337,0.6438558,0.6546873
2594,0.8135742,0.791645,0.78177345,0.8026211,0.78032774,0.6813607,0.7280057,0.7004837,0.6945576,0.69279087,0.6323251,0.6339588
2595,0.8144648,0.78827125,0.7843305,0.80372494,0.78159505,0.68019587,0.7296485,0.6965033,0.6916894,0.6981656,0.6262988,0.6230384
2596,0.810731,0.7825433,0.7855193,0.80477,0.7819526,0.6772884,0.729414,0.69239247,0.6878517,0.7011221,0.620059,0.61238104
2597,0.96362376,0.91555464,0.8420283,0.8657535,0.8441027,0.67991054,0.8286313,0.70372516,0.7267094,0.7211263,0.6389202,0.65396166
2598,0.8554006,0.82086885,0.81298524,0.8516492,0.79686666,0.6906614,0.74138737,0.6983785,0.6724465,0.6980839,0.59901506,0.5856593
2599,0.78891164,0.75313866,0.7860863,0.812016,0.77052623,0.6770078,0.7093329,0.68053496,0.6619219,0.70284814,0.58738905,0.56369454
2600,0.7327344,0.69931734,0.76373106,0.7800528,0.75234675,0.65937024,0.68833166,0.6675502,0.6545106,0.70499974,0.58300376,0.55229527
2601,0.67694044,0.6485692,0.74095315,0.7495079,0.7335453,0.6418136,0.6659175,0.65612876,0.6475033,0.7028305,0.57989615,0.54536617
2602,0.63984287,0.61724114,0.723623,0.72662,0.7219288,0.62585163,0.65354425,0.6468088,0.6474102,0.7001547,0.5810968,0.54759777
2603,0.65004176,0.6325216,0.7237429,0.728013,0.7308661,0.61565435,0.66786665,0.6429305,0.6619474,0.6997388,0.5890669,0.56438285
2604,0.6908413,0.6766602,0.7377157,0.75011206,0.75055707,0.6144785,0.6948003,0.64552116,0.67920864,0.6981391,0.5967833,0.5838068
2605,0.6619238,0.65213233,0.7284771,0.7451602,0.7361495,0.6173828,0.6710808,0.64705783,0.666597,0.68795073,0.5904172,0.57368344
2606,0.6353305,0.62615246,0.7162004,0.7295362,0.7239799,0.6149313,0.65565664,0.64474404,0.6627766,0.686218,0.59041625,0.5716973
2607,0.6056714,0.59793085,0.7025073,0.7113925,0.71184045,0.6100102,0.64056605,0.64253557,0.6588855,0.6844737,0.59200776,0.57136947
2608,0.5700144,0.5647418,0.68619496,0.68954974,0.6971705,0.60367864,0.62245584,0.6399121,0.65370715,0.68151593,0.59363776,0.57132936
2609,0.5567391,0.55421704,0.6772961,0.6770264,0.69315165,0.59769374,0.61890817,0.6383573,0.6576515,0.68056333,0.5998068,0.58033115
2610,0.53877455,0.5400224,0.6678777,0.66545796,0.686102,0.5939158,0.6100253,0.63835007,0.65717334,0.6765048,0.60364157,0.58593905
2611,0.522166,0.5267076,0.65854853,0.6536229,0.67884016,0.59090334,0.6014385,0.6383457,0.65694916,0.6727929,0.60758764,0.5917895
2612,0.5138081,0.5212317,0.6521514,0.64547515,0.67511016,0.588903,0.59759706,0.6391354,0.6591997,0.6699852,0.6128123,0.59985244
2613,0.51478934,0.52471983,0.64969736,0.6426918,0.67522526,0.58888555,0.5984198,0.6412927,0.6634307,0.6676363,0.6187651,0.6094656
2614,0.50249445,0.51483285,0.6432545,0.63491064,0.6684138,0.58974,0.58994454,0.6433356,0.660958,0.6635297,0.6213683,0.6127969
2615,0.4960306,0.5098209,0.638234,0.62781745,0.6644788,0.5900582,0.58604294,0.64491034,0.6616036,0.6616492,0.6256056,0.6185574
2616,0.5022105,0.5171859,0.63820386,0.6272341,0.6665242,0.59156173,0.58951575,0.64772075,0.66613805,0.66085684,0.6315947,0.62761015
2617,0.501894,0.51821136,0.6369194,0.6255004,0.66498274,0.59430707,0.5877706,0.65083057,0.66634256,0.65856385,0.63499486,0.6323577
2618,0.49602517,0.5131959,0.63350046,0.6203858,0.6607843,0.59642947,0.58306193,0.6529406,0.66464514,0.65666294,0.6372408,0.6348488
2619,0.49364656,0.511325,0.63103557,0.61600155,0.6585132,0.5978146,0.5811909,0.65465903,0.66467565,0.65583736,0.6402937,0.63861495
2620,0.52852696,0.5454932,0.64230126,0.629091,0.6734107,0.60221744,0.60106057,0.6595776,0.677726,0.6586818,0.64941597,0.6538573
2621,0.58046335,0.5957687,0.6628178,0.6552091,0.6944722,0.6128365,0.6273908,0.66877764,0.6913617,0.66102314,0.6576265,0.6690371
2622,0.57876444,0.59380853,0.6657832,0.6601565,0.6900405,0.6233273,0.6188576,0.6739708,0.68251985,0.65770507,0.6532798,0.6611865
2623,0.6222789,0.63235146,0.6819405,0.67718285,0.70659924,0.63106835,0.6420756,0.6787207,0.69378287,0.6643904,0.65892184,0.6707622
2624,0.60710555,0.61649096,0.6804062,0.6755601,0.6985099,0.63820684,0.628141,0.6815457,0.6815805,0.66260886,0.65245575,0.658072
2625,0.5892903,0.59678364,0.6745532,0.6649239,0.6906179,0.6384528,0.6181376,0.6796024,0.675106,0.6648984,0.6489422,0.6503274
2626,0.5776106,0.5843071,0.67023855,0.6564482,0.6869162,0.6358647,0.61404264,0.6775002,0.6724989,0.66726285,0.64815927,0.6473642
2627,0.5624506,0.56990653,0.6646729,0.64768356,0.68172073,0.63239723,0.6076907,0.6751355,0.6688202,0.66738874,0.64667463,0.64416075
2628,0.5575992,0.5659762,0.6621989,0.64328414,0.68093467,0.62904894,0.60740185,0.6732849,0.66942495,0.6678527,0.6473222,0.6452613
2629,0.5397412,0.5500624,0.6554849,0.6347037,0.67387444,0.6257882,0.59836084,0.67119634,0.66461724,0.66560817,0.64520854,0.6418633
2630,0.5285051,0.5402208,0.6499361,0.6271183,0.6695871,0.6218189,0.5939204,0.66877615,0.6634586,0.6646746,0.6452122,0.64198047
2631,0.52635247,0.53946346,0.64775544,0.6243897,0.66932756,0.61906004,0.59430164,0.6678099,0.66514677,0.66394615,0.6469524,0.6450795
2632,0.52755135,0.5420441,0.64720005,0.62435716,0.6698423,0.6179246,0.59534544,0.66779643,0.6667723,0.66258407,0.6484513,0.64808685
2633,0.5171776,0.5331134,0.6428531,0.61964065,0.66471833,0.61703813,0.5889316,0.6673401,0.6636097,0.6600184,0.64750946,0.6466594
2634,0.5114202,0.52804875,0.6393702,0.6151753,0.6618755,0.61554134,0.58614707,0.6666234,0.66319,0.65911704,0.6482924,0.64771384
2635,0.51447225,0.53166455,0.639176,0.6150427,0.66302073,0.6148919,0.5882883,0.6669347,0.66551715,0.6587389,0.65059084,0.65138537
2636,0.56470996,0.580279,0.656678,0.6372556,0.6849961,0.6195688,0.616957,0.67243415,0.68326426,0.6628554,0.6603967,0.6690387
2637,0.57445157,0.5904079,0.6634246,0.6483742,0.68718415,0.62773734,0.61691624,0.6777494,0.6804964,0.6599338,0.6587027,0.666763
2638,0.58204734,0.59606373,0.6673848,0.6529692,0.6886945,0.6329964,0.61826956,0.6799397,0.68007976,0.66116506,0.65791345,0.6651729
2639,0.60549897,0.61665916,0.6766453,0.6635152,0.6976657,0.6373279,0.63030356,0.68244845,0.68510234,0.6646054,0.65987813,0.66834325
2640,0.67482966,0.68011135,0.7039201,0.69650495,0.7262343,0.6463437,0.6687043,0.6903294,0.702707,0.6722615,0.6675272,0.6832977
2641,0.7174256,0.7183917,0.7250605,0.72498363,0.74135023,0.65935254,0.6858042,0.6982354,0.70409536,0.67430377,0.66508216,0.6810228
2642,0.75435257,0.74900246,0.74334973,0.7477959,0.7542116,0.670386,0.7010364,0.70335734,0.7049382,0.6792986,0.66136605,0.67592627
2643,0.7912254,0.77879226,0.761486,0.76969063,0.76773936,0.6791447,0.71794415,0.70712656,0.70577693,0.6855699,0.65724176,0.6698402
2644,0.8128874,0.7947989,0.7743149,0.7858207,0.7755386,0.6855585,0.7263086,0.7084018,0.7019539,0.6901473,0.64984757,0.6580659
2645,0.86386275,0.83745265,0.79603887,0.8109526,0.79403204,0.689419,0.7542695,0.7089614,0.7067881,0.6976728,0.64614856,0.6550222
2646,0.8553109,0.8271446,0.79903567,0.8186482,0.79031956,0.6938119,0.7432623,0.7070573,0.692639,0.69707114,0.63169104,0.63120353
2647,0.80185145,0.77431023,0.78258467,0.7996313,0.7698096,0.68877286,0.7116917,0.69666535,0.67414707,0.6961195,0.6146574,0.60202134
2648,0.7482791,0.7215014,0.7630132,0.77264273,0.75149757,0.67551076,0.68820107,0.6838503,0.6633411,0.6979684,0.60484487,0.5840772
2649,0.7448164,0.7183329,0.7604887,0.76649845,0.7558561,0.66232014,0.69771177,0.6756284,0.6707641,0.7032823,0.60672754,0.5874555
2650,0.7579572,0.7333073,0.7661038,0.7754,0.7655078,0.65520495,0.7115526,0.6725507,0.67780876,0.7038805,0.60756946,0.5921619
2651,0.73058015,0.7100197,0.7575217,0.76949275,0.7550091,0.65042806,0.69509715,0.6678243,0.6686273,0.6977126,0.59937394,0.58066833
2652,0.67331356,0.6561855,0.7350983,0.7429032,0.7307969,0.64100516,0.66314286,0.6587324,0.65427196,0.692132,0.5902056,0.5652094
2653,0.64842623,0.6331782,0.72218084,0.7250104,0.72302127,0.62927914,0.65615,0.6512767,0.6560944,0.692913,0.59201777,0.5674859
2654,0.6078367,0.5968697,0.70484215,0.7041555,0.70782995,0.6190607,0.6367739,0.6459304,0.64981616,0.6881602,0.5907003,0.5645736
2655,0.57151324,0.5645282,0.68766785,0.68242717,0.6940363,0.6087988,0.6204007,0.64073426,0.64682966,0.6843586,0.59194064,0.566068
2656,0.55353415,0.5506526,0.67680335,0.66917336,0.68853486,0.6003174,0.61480016,0.6376842,0.6502914,0.68165755,0.5969372,0.57441306
2657,0.5428724,0.5443374,0.6693215,0.6615136,0.685151,0.5950458,0.61110383,0.63682526,0.6537909,0.6775961,0.6017722,0.5831732
2658,0.5233054,0.5286747,0.65909415,0.6503696,0.6764712,0.59165716,0.6001827,0.63664585,0.6522658,0.672181,0.6044365,0.58757776
2659,0.50908285,0.51736027,0.6501924,0.63984114,0.6699702,0.5886753,0.59291,0.6366123,0.653033,0.66860557,0.6086797,0.59404427
2660,0.507209,0.518011,0.64601517,0.63533497,0.66897506,0.5872591,0.59267086,0.6379163,0.65735894,0.666151,0.6147006,0.60364985
2661,0.50922084,0.522275,0.64421237,0.63415927,0.66903543,0.58811206,0.5932747,0.64050937,0.66097385,0.66331923,0.6200713,0.61233133
2662,0.49906233,0.5139664,0.63868046,0.6277961,0.6629963,0.5895458,0.5858434,0.64279366,0.65889144,0.6595968,0.6226524,0.6155395
2663,0.49393085,0.5098427,0.63435173,0.62178004,0.65952003,0.5902635,0.5825369,0.6445172,0.6595004,0.65794605,0.62665784,0.6208092
2664,0.49981293,0.5165729,0.6343635,0.6213317,0.6612106,0.5918851,0.5856462,0.6471757,0.66342825,0.6571969,0.63209486,0.6288472
2665,0.503553,0.52121925,0.63466775,0.62159574,0.6615816,0.59488064,0.5863905,0.650433,0.6649635,0.6556037,0.63591653,0.6343417
2666,0.49723324,0.51558053,0.6315687,0.61709493,0.65723187,0.5973615,0.58121103,0.65267295,0.66255057,0.6536305,0.63751704,0.63575965
2667,0.49435976,0.51291555,0.6291581,0.61271995,0.654882,0.5987266,0.5791748,0.6542325,0.66231626,0.6531124,0.6401818,0.63883173
2668,0.5323127,0.5498517,0.6416039,0.6272321,0.67115444,0.6031597,0.6009054,0.6591026,0.67633456,0.65647507,0.6495093,0.6545209
2669,0.55395794,0.57144153,0.6513151,0.64025307,0.678428,0.6114391,0.6089309,0.6652198,0.6789604,0.655287,0.6519382,0.658981
2670,0.7324825,0.7349709,0.7176057,0.719434,0.75195,0.6308343,0.712428,0.68591547,0.73124367,0.67462194,0.67746264,0.71155167
2671,0.6813686,0.6880976,0.71156305,0.72293645,0.7237009,0.65457594,0.6594844,0.69370914,0.6894116,0.6598659,0.6523402,0.6661635
2672,0.647749,0.6490393,0.69971406,0.7013147,0.70761085,0.65593994,0.6390537,0.6877595,0.6783246,0.6661963,0.6439399,0.64864665
2673,0.6254188,0.62420934,0.691755,0.6854501,0.7006855,0.6509271,0.631298,0.683103,0.67296994,0.67174965,0.6416666,0.6405717
2674,0.74532425,0.73429954,0.73517853,0.73364466,0.7546546,0.6540184,0.7093916,0.6914448,0.71290207,0.68970996,0.66128266,0.6775535
2675,0.7158811,0.7094843,0.73400503,0.74061924,0.74096733,0.664866,0.68004286,0.69523925,0.68746895,0.6789578,0.64396805,0.648738
2676,0.6898251,0.6816466,0.7257687,0.72768235,0.72996306,0.66348624,0.66471887,0.68936247,0.6791389,0.68129075,0.63586515,0.63449633
2677,0.65705967,0.64887756,0.7143288,0.7108159,0.7186038,0.65689445,0.64974123,0.6830956,0.670949,0.6827756,0.6304347,0.6232307
2678,0.6155882,0.6092752,0.69866616,0.68905985,0.7038714,0.647166,0.6310663,0.67570215,0.6620502,0.68203664,0.62553895,0.61352426
2679,0.5965915,0.5924494,0.68966645,0.6758497,0.6992673,0.6370922,0.6268338,0.66971236,0.6628236,0.68271327,0.62640655,0.61446327
2680,0.57413554,0.5736997,0.6800969,0.66425234,0.69214064,0.6289462,0.61799014,0.6653877,0.66043043,0.6797799,0.62578356,0.6137787
2681,0.5536471,0.55664134,0.670595,0.65292746,0.68500745,0.62183416,0.6094617,0.66165876,0.65895224,0.6767376,0.6259671,0.61456424
2682,0.5816609,0.58604234,0.67821604,0.6634827,0.6992975,0.6190363,0.62940776,0.6623477,0.6741997,0.67866355,0.6344834,0.63066083
2683,0.59422886,0.60075265,0.68356425,0.6738754,0.7045137,0.62177205,0.6345686,0.6657976,0.67736036,0.6752612,0.63631994,0.6354418
2684,0.60382754,0.61048824,0.6872302,0.6804616,0.70727193,0.62522495,0.6375816,0.6681573,0.6793795,0.67386544,0.6372883,0.6379135
2685,0.6299942,0.63480544,0.69698673,0.6934558,0.7176736,0.62972397,0.65128255,0.67188185,0.6867165,0.6758521,0.64111173,0.6448569
2686,0.6598145,0.66210943,0.7094967,0.71026605,0.7292566,0.6363693,0.6657701,0.6769595,0.69242316,0.67776704,0.6435926,0.6496353
2687,0.71395475,0.71091086,0.7315489,0.73807275,0.7506014,0.64536613,0.69442624,0.68405735,0.70370877,0.6829053,0.64792216,0.6588319
2688,0.7474953,0.7399455,0.7479915,0.76052934,0.76192737,0.6560059,0.707393,0.69018686,0.70363843,0.6847307,0.64527714,0.6553913
2689,0.759897,0.748104,0.7560831,0.77140933,0.7648038,0.66354895,0.70902085,0.69230753,0.69871783,0.68685603,0.63936853,0.6452151
2690,0.77341795,0.7569722,0.7635467,0.7797024,0.7695489,0.66717327,0.714896,0.69236374,0.69706726,0.6911541,0.635192,0.6378156
2691,0.7736983,0.7545501,0.7662622,0.7829604,0.7695058,0.66835815,0.71371716,0.6905964,0.69200087,0.6934134,0.62899244,0.6270329
2692,0.734981,0.71642286,0.7540224,0.7682409,0.75360006,0.6650017,0.6904291,0.6842927,0.6775851,0.69175756,0.61791915,0.60731107
2693,0.72396106,0.7045602,0.74901766,0.75905865,0.75081605,0.65722173,0.68941784,0.677348,0.67768323,0.69519633,0.6157187,0.60333025
2694,0.7444012,0.7242437,0.75656587,0.7677288,0.7617583,0.6524646,0.7063573,0.67506015,0.6856322,0.6985452,0.6176647,0.6086659
2695,0.7363806,0.7179933,0.755751,0.7697884,0.7591891,0.65109736,0.7008565,0.673388,0.6805119,0.69552344,0.61227703,0.60126764
2696,0.71977323,0.7022167,0.7501492,0.7638467,0.7528984,0.64786655,0.69184554,0.6696555,0.675997,0.69433,0.60777783,0.59424937
2697,0.71536994,0.6980076,0.74791235,0.7610158,0.7522164,0.64344525,0.69205475,0.66619563,0.6769475,0.6951168,0.6068935,0.59331304
2698,0.7761552,0.7549982,0.76967883,0.78758764,0.77889645,0.64305526,0.732251,0.66849786,0.6964848,0.7014464,0.6148192,0.6115442
2699,0.72363645,0.7070396,0.75436515,0.7762288,0.75471395,0.6460577,0.6923375,0.66712695,0.67151725,0.690329,0.5992763,0.5845878
2700,0.6844312,0.6674185,0.7378347,0.7528434,0.7384988,0.6392931,0.6724403,0.6599699,0.66491914,0.69136864,0.59553224,0.57597977
2701,0.65660745,0.640916,0.7252806,0.73494154,0.729199,0.6302899,0.66200596,0.6546095,0.66289514,0.692042,0.5961713,0.5746969
2702,0.61150783,0.59932745,0.7067645,0.71096176,0.7118366,0.6211104,0.63962275,0.6495363,0.6545123,0.6882939,0.5942515,0.5696039
2703,0.5757998,0.56715554,0.6900275,0.6882346,0.6986745,0.6110064,0.6242194,0.64447576,0.6518415,0.6859098,0.5961118,0.5713585
2704,0.55896336,0.5544543,0.679889,0.67505264,0.69381434,0.60268426,0.6194393,0.64152914,0.65524566,0.68367994,0.60115576,0.5796459
2705,0.5450568,0.5450672,0.67162997,0.66579115,0.68900216,0.59749466,0.6136821,0.6406075,0.65710455,0.6794383,0.605219,0.5869591
2706,0.5237262,0.52773243,0.6608094,0.653186,0.6796853,0.593788,0.60201365,0.6401162,0.65512323,0.6743219,0.6077232,0.5909855
2707,0.5097863,0.5168893,0.65200734,0.6423685,0.67350835,0.5905253,0.59518456,0.63992333,0.6561562,0.6709997,0.6121167,0.59775794
2708,0.51197374,0.5217363,0.649365,0.63969135,0.67447275,0.5893155,0.59740824,0.6414507,0.6618934,0.66890365,0.61869603,0.608636
2709,0.5070354,0.51940054,0.6454104,0.6358239,0.6711794,0.5902101,0.5933803,0.6438601,0.66238886,0.66502565,0.62249464,0.6145641
2710,0.49787346,0.51198626,0.6397923,0.6288518,0.66567695,0.5910701,0.5870357,0.64567834,0.6613404,0.66197854,0.6256094,0.6186784
2711,0.4937046,0.5090455,0.6357844,0.6232854,0.66270787,0.59170115,0.58431554,0.64746547,0.66228837,0.66026926,0.6298029,0.6243651
2712,0.50379336,0.51999843,0.6373589,0.6248969,0.666306,0.5937843,0.58975506,0.6505523,0.66765964,0.6597928,0.6358829,0.6337418
2713,0.5017588,0.5191404,0.6358569,0.62306195,0.6637591,0.59694177,0.5865566,0.6536446,0.6665011,0.65724254,0.638281,0.6367967
2714,0.49955457,0.5173276,0.63383806,0.6195691,0.66130763,0.59929395,0.5841267,0.65581685,0.66609687,0.6561774,0.64091146,0.63996154
2715,0.5980151,0.6110136,0.6683473,0.66130817,0.7044589,0.6089284,0.64194924,0.66668177,0.70079505,0.66636723,0.6600806,0.67522234
2716,0.60832375,0.6220053,0.6785254,0.67819446,0.70485353,0.6249849,0.636736,0.6766844,0.6912485,0.66053414,0.6555085,0.6673757
2717,0.63191706,0.64097065,0.6890722,0.68899155,0.7120763,0.6352382,0.64574444,0.6815375,0.6938962,0.6650214,0.6564301,0.66810375
2718,0.594042,0.6024429,0.6775666,0.6735733,0.6928523,0.638583,0.6192897,0.6797689,0.67501014,0.6622757,0.646101,0.6483177
2719,0.57817626,0.58435845,0.67069656,0.6599524,0.6866934,0.63536394,0.6133565,0.67623127,0.6720313,0.66645974,0.64530134,0.6443783
2720,0.57152575,0.5777053,0.66790664,0.6536618,0.68568844,0.6319724,0.6128697,0.67450064,0.6717151,0.6684732,0.6461866,0.6443905
2721,0.5604501,0.56799906,0.66390455,0.6474552,0.68211323,0.6291144,0.6083686,0.6728576,0.6692312,0.6678357,0.64536744,0.6427968
2722,0.5495243,0.55867594,0.6589261,0.6404048,0.67733413,0.62543327,0.6034305,0.6699969,0.66662115,0.66628313,0.6439644,0.6410174
2723,0.53638875,0.54721195,0.6532012,0.6327711,0.6719722,0.621993,0.59727615,0.6677752,0.6638347,0.6645912,0.6430128,0.6396074
2724,0.53842795,0.55031514,0.6525644,0.6316346,0.67352515,0.61967933,0.600117,0.6670215,0.66695243,0.6645836,0.6453571,0.64380026
2725,0.52842766,0.5420646,0.64853984,0.6272389,0.6691126,0.61834687,0.5943719,0.66654706,0.66416365,0.662077,0.6446463,0.6427866
2726,0.51903254,0.533746,0.64397365,0.62141705,0.6649567,0.6164615,0.58965236,0.6655722,0.66267633,0.66075915,0.6448356,0.64293015
2727,0.5143999,0.5300672,0.64090806,0.6174991,0.66297275,0.6146679,0.58784735,0.6650028,0.6629006,0.65985894,0.64613444,0.64482313
2728,0.5223948,0.5386624,0.6426666,0.61991704,0.66659886,0.6146069,0.5928821,0.66605216,0.6671726,0.6598817,0.64950246,0.6504369
2729,0.54340184,0.55965465,0.65015024,0.6300013,0.6755831,0.61768025,0.6040687,0.66943216,0.67436624,0.66056085,0.6540631,0.65848947
2730,0.53915393,0.5560504,0.64965117,0.6305784,0.67220134,0.6209627,0.59871453,0.67123514,0.6702957,0.6580005,0.65224123,0.65548444
2731,0.53268874,0.54912734,0.64692974,0.62653935,0.6683363,0.62170756,0.594224,0.67103636,0.6677397,0.65778214,0.6513817,0.6534388
2732,0.53720593,0.5529875,0.64786804,0.6268124,0.67014027,0.6219942,0.5971836,0.6714738,0.6697482,0.6589874,0.65320796,0.65581477
2733,0.5612104,0.5759748,0.65655273,0.63739985,0.6804976,0.6247365,0.61064863,0.67429376,0.67744666,0.6611775,0.65758073,0.66335493
2734,0.5981233,0.6110881,0.6715435,0.65668744,0.69560546,0.63136375,0.62947065,0.6796911,0.68657666,0.6635456,0.6618361,0.671652
2735,0.6700835,0.6776038,0.7005454,0.69302756,0.72438705,0.64302164,0.66724676,0.6891379,0.7035415,0.66974396,0.6688871,0.68638384
2736,0.7303286,0.7316225,0.7283002,0.7292802,0.74622405,0.65881366,0.6938887,0.69953704,0.7095178,0.6737973,0.6689039,0.68878704
2737,0.75880575,0.75420266,0.7446501,0.7508871,0.754707,0.672264,0.70153105,0.70520365,0.7050319,0.67713255,0.6621614,0.67793065
2738,0.7780941,0.7671207,0.7561502,0.7641928,0.76095223,0.68003947,0.7079769,0.70673203,0.701336,0.6827846,0.65542203,0.6663559
2739,0.7988918,0.7819065,0.76777273,0.7771391,0.769293,0.68425465,0.7182748,0.7068899,0.6998573,0.6890926,0.6497829,0.6569502
2740,0.8467111,0.821712,0.78942317,0.8019674,0.78933495,0.6884977,0.7461801,0.7095315,0.70617056,0.6977589,0.6483358,0.65626985
2741,0.84373033,0.81678003,0.79416054,0.8112158,0.7880768,0.69228417,0.7395201,0.7079306,0.6945399,0.6977111,0.6355236,0.6357001
2742,0.8278062,0.7990517,0.7912322,0.8079422,0.78239006,0.6894334,0.7302118,0.7009297,0.6858213,0.69970393,0.6241095,0.6172375
2743,0.85218805,0.81884706,0.8017852,0.8188091,0.794792,0.6848882,0.7496327,0.6969805,0.69191784,0.70667607,0.6224193,0.6161435
2744,0.8317304,0.79980725,0.7980308,0.8182999,0.7880732,0.68172586,0.7368911,0.6916073,0.6807772,0.70411885,0.6105948,0.5975206
2745,0.81973755,0.7874483,0.79461324,0.8144536,0.78518635,0.6749617,0.7334899,0.6841133,0.67806256,0.70565885,0.6039743,0.58776444
2746,0.8301864,0.79701495,0.79881394,0.82007617,0.7913005,0.66852623,0.7441359,0.67870617,0.68163234,0.707944,0.6015076,0.58619237
2747,0.77325875,0.74452436,0.7800407,0.80207145,0.768831,0.6622758,0.70965374,0.6708544,0.6628986,0.70095146,0.5872322,0.5622423
2748,0.7152302,0.68867934,0.75679976,0.77189785,0.7468199,0.64922273,0.68199664,0.6595884,0.65292346,0.6997283,0.5803541,0.54928553
2749,0.6678844,0.644558,0.7362584,0.74443275,0.73054886,0.63413316,0.6632537,0.6499868,0.64861584,0.69880944,0.57914615,0.5456373
2750,0.62834483,0.6096428,0.7183428,0.72151953,0.7175671,0.6203862,0.6480711,0.64281857,0.6468572,0.69607234,0.5803566,0.5470791
2751,0.59271336,0.5793029,0.70153016,0.7009201,0.7053173,0.6086859,0.6332925,0.637495,0.6457129,0.6917232,0.5825429,0.5508488
2752,0.5581536,0.5500982,0.6845942,0.68044436,0.6923503,0.59865254,0.617546,0.6333903,0.64413273,0.68638825,0.58523375,0.55548066
2753,0.53332543,0.5303067,0.6706597,0.6638214,0.68308675,0.5903751,0.6068735,0.6306662,0.64556926,0.68167466,0.5899508,0.5635658
2754,0.52490115,0.5265741,0.6629849,0.65582025,0.6807336,0.5851635,0.6047956,0.63025725,0.6514528,0.67779785,0.5968522,0.57581824
2755,0.51870614,0.5245958,0.6571846,0.6507806,0.6781255,0.58328426,0.60166246,0.6317661,0.6552157,0.6729948,0.6026414,0.5860663
2756,0.50613916,0.5153068,0.6493541,0.6424464,0.67146343,0.5827601,0.593537,0.6334302,0.65505004,0.66799444,0.6067374,0.5924984
2757,0.49554875,0.5070629,0.6419976,0.63358897,0.665629,0.5823352,0.58711517,0.634999,0.6555973,0.6645348,0.61151576,0.59933513
2758,0.48880324,0.5023471,0.63630855,0.6264702,0.66164213,0.5823779,0.58309746,0.63699853,0.656966,0.66178215,0.6167719,0.60676414
2759,0.49645466,0.51157624,0.636293,0.6265174,0.6642134,0.5840904,0.5873317,0.64025164,0.6627546,0.66045254,0.62382776,0.61775875
2760,0.5020977,0.5186518,0.63682723,0.62757504,0.66512406,0.58774215,0.58878016,0.64432263,0.6653776,0.65811294,0.6288432,0.6253941
2761,0.49709412,0.51456046,0.63387,0.62350065,0.6609028,0.5911982,0.58376837,0.6474706,0.6635365,0.6555977,0.6314493,0.6283406
2762,0.4931098,0.51090264,0.6308032,0.6183049,0.6576183,0.59336096,0.5805973,0.6497012,0.6629399,0.6545994,0.6346554,0.6319766
2763,0.5035574,0.5215389,0.6326225,0.61931115,0.66051143,0.5955928,0.5858809,0.65202355,0.6668714,0.6545269,0.6394932,0.6392395
2764,0.7662772,0.7626015,0.7265475,0.73302525,0.77007633,0.61666286,0.7443484,0.6796964,0.7489428,0.6824634,0.67905563,0.72534347
2765,0.97219616,0.94299304,0.8170169,0.85029083,0.8383599,0.66619295,0.83817255,0.72367424,0.7596951,0.6889607,0.6856114,0.74751025
2766,0.8290761,0.81096613,0.7808633,0.8270138,0.7706171,0.70049506,0.7129117,0.71913767,0.68536884,0.66891915,0.63124794,0.6476422
2767,0.7580055,0.7321291,0.7535176,0.7770705,0.74278045,0.69063187,0.6793475,0.70099396,0.6726828,0.6836076,0.61870563,0.6188404
2768,0.69783735,0.67189425,0.7319864,0.74009645,0.72483325,0.6742537,0.65822214,0.688086,0.6614226,0.69064003,0.61330926,0.60158616
2769,0.6475522,0.62575513,0.7133151,0.71048075,0.71068585,0.6569725,0.64147455,0.6763807,0.6545372,0.6920764,0.6102693,0.5927543
2770,0.61942345,0.603271,0.7017497,0.6927992,0.7050422,0.64198047,0.6355837,0.66752356,0.6552778,0.69156605,0.61119246,0.59354204
2771,0.5936881,0.5839913,0.6912544,0.6795642,0.69851404,0.63050294,0.6272159,0.66130567,0.65467435,0.6876342,0.61138386,0.5945833
2772,0.56141657,0.5576239,0.6776613,0.6632005,0.68721443,0.6206689,0.6127586,0.65581816,0.6510208,0.68221,0.6105954,0.5938357
2773,0.5393991,0.54029745,0.66653144,0.64974046,0.6798204,0.61198187,0.6042163,0.6515494,0.6515381,0.6785003,0.6128283,0.59768593
2774,0.5226902,0.527923,0.6573506,0.63945836,0.67403233,0.60533756,0.5974714,0.6490732,0.6526409,0.6744871,0.61586875,0.602743
2775,0.522179,0.5308375,0.65405965,0.6369663,0.6748295,0.60158527,0.5991821,0.64875984,0.6584667,0.67183596,0.62132084,0.61215806
2776,0.5208508,0.5324662,0.65153474,0.6359648,0.6740935,0.60072106,0.5982224,0.6500522,0.6613132,0.6681552,0.62523574,0.61882657
2777,0.5087224,0.5225429,0.64522916,0.6294296,0.66762066,0.6003037,0.5901776,0.6508032,0.6592821,0.6641047,0.62686116,0.6208326
2778,0.50185126,0.51692224,0.6402149,0.62334126,0.66383946,0.59948653,0.5863218,0.6514158,0.6599541,0.6621797,0.63021487,0.625204
2779,0.49716112,0.51347965,0.63636035,0.6186799,0.66114134,0.59913373,0.58364254,0.6525652,0.6607428,0.6603136,0.6336974,0.62976086
2780,0.50337374,0.52054787,0.6367145,0.6192594,0.6633041,0.6001224,0.5870648,0.6547462,0.6649298,0.6595067,0.63864064,0.6371814
2781,0.50995797,0.5278979,0.6381488,0.6214811,0.66512483,0.6027249,0.5895243,0.65768945,0.6675231,0.65812445,0.6423855,0.64281523
2782,0.5036718,0.5222883,0.635259,0.6178859,0.66068834,0.6048921,0.5840973,0.65942925,0.6647278,0.65581715,0.6430853,0.64303726
2783,0.49941763,0.5181495,0.6322553,0.6131866,0.657394,0.60551316,0.58109164,0.66000825,0.66364104,0.65494114,0.64458036,0.6444568
2784,0.49688452,0.51595217,0.6299421,0.6094459,0.6551121,0.60570616,0.5793525,0.66050977,0.66302806,0.65401566,0.6462112,0.6462744
2785,0.50212127,0.5214409,0.6306511,0.6096623,0.6564846,0.60663944,0.5820118,0.66173595,0.66508657,0.6536944,0.6489811,0.65037316
2786,0.51193637,0.53142846,0.6336968,0.61319864,0.6597212,0.6089976,0.5865274,0.6638761,0.66780627,0.6533483,0.65172756,0.65478414
2787,0.510079,0.5299345,0.63306093,0.6122573,0.6572796,0.61122227,0.5836291,0.66509765,0.66537774,0.65169173,0.65138966,0.65399563
2788,0.50562954,0.52545255,0.63064814,0.6083928,0.65362155,0.6116564,0.58016413,0.66470444,0.6627601,0.6506924,0.6507132,0.65257305
2789,0.5032479,0.5230635,0.6288287,0.60516363,0.65144247,0.61140096,0.5786044,0.6642369,0.6614576,0.65020007,0.6508331,0.6523992
2790,0.50374746,0.5237349,0.62820166,0.6036885,0.6507706,0.6112944,0.5787174,0.6640923,0.66122115,0.6497267,0.6514042,0.65319884
2791,0.51410025,0.5340938,0.6310913,0.6069658,0.6540725,0.61202794,0.5839813,0.66449946,0.6639211,0.6496348,0.65302914,0.65635353
2792,0.5151816,0.53553975,0.6316264,0.6078084,0.6530639,0.6135331,0.5829663,0.664987,0.66221803,0.64816,0.6521272,0.655259
2793,0.50904083,0.52948844,0.6290297,0.60418314,0.6487873,0.6135429,0.5784422,0.66395056,0.65854293,0.6468262,0.65003055,0.65198827
2794,0.5051803,0.5256031,0.6264272,0.600278,0.6455701,0.6120233,0.5760675,0.6619506,0.65627426,0.6459636,0.64859146,0.64988405
2795,0.50260186,0.5232093,0.6248606,0.5978155,0.64393395,0.6110877,0.5748024,0.6611078,0.65516204,0.64550287,0.6482393,0.64927673
2796,0.51209545,0.5325953,0.62792844,0.6012701,0.648157,0.611714,0.5804157,0.6619542,0.658787,0.646403,0.65049833,0.6530979
2797,0.5194717,0.54008347,0.6312026,0.6056092,0.65115356,0.6138323,0.58366454,0.66362154,0.660398,0.64636767,0.65147877,0.654942
2798,0.51298195,0.53375304,0.6295498,0.603586,0.64773923,0.61498696,0.57889676,0.6638707,0.6569022,0.6453607,0.6496044,0.65178704
2799,0.5094108,0.52980894,0.6280351,0.6008925,0.6461481,0.6146871,0.5772258,0.6634169,0.65594643,0.6459008,0.6493389,0.65095216
2800,0.50598216,0.5263835,0.62666214,0.59863096,0.6449763,0.61407995,0.5758703,0.6631494,0.6551822,0.64613765,0.649356,0.65057343
2801,0.5087986,0.52921426,0.6274906,0.59930074,0.6466469,0.61395735,0.578028,0.6634566,0.65682393,0.64676476,0.6505878,0.6524509
2802,0.5180461,0.538428,0.63099116,0.60373986,0.6509037,0.6151468,0.5831466,0.6647286,0.6600692,0.6474425,0.65244913,0.655698
2803,0.51633877,0.5369886,0.63111573,0.604279,0.6498593,0.61646754,0.58118975,0.66544604,0.6584384,0.646644,0.6515064,0.65425736
2804,0.5114047,0.5319046,0.6294872,0.60190606,0.6476211,0.61657554,0.5782981,0.66521424,0.6566591,0.64662606,0.6506288,0.6525735
2805,0.5084138,0.52876544,0.6282276,0.599822,0.6466126,0.6159869,0.5771756,0.6648687,0.6561603,0.6470469,0.65065557,0.6522431
2806,0.5059509,0.52643347,0.627183,0.59824723,0.645894,0.61531585,0.57632935,0.6646184,0.65584695,0.6471356,0.6507899,0.6522346
2807,0.5156163,0.5359362,0.6304177,0.60217595,0.6504873,0.61575884,0.5821945,0.66544837,0.6598377,0.6482003,0.65307623,0.6561148
2808,0.52170247,0.5421516,0.63328147,0.60627383,0.65306383,0.6175294,0.58479047,0.66687894,0.6611499,0.6480637,0.6537124,0.65742016
2809,0.51445067,0.53503853,0.63135684,0.6040631,0.6495644,0.6183296,0.5798207,0.6669498,0.6577568,0.64716345,0.6517905,0.65417403
2810,0.5107605,0.5309784,0.62977076,0.6014448,0.6481194,0.6177144,0.5782735,0.6663659,0.6570567,0.64777046,0.6515785,0.6534391
2811,0.50773466,0.52800286,0.6283707,0.59940386,0.64700365,0.6166835,0.5771508,0.6657277,0.65642786,0.64781576,0.65142035,0.65296495
2812,0.50579435,0.5267856,0.62481993,0.59593064,0.6424234,0.6119046,0.5751119,0.66015035,0.65312135,0.64428645,0.64727855,0.6484334
2813,0.5112305,0.533167,0.62204564,0.5945562,0.63787425,0.60545385,0.5755454,0.65158284,0.6496596,0.63846993,0.6409443,0.6424657
2814,0.5107544,0.53298783,0.6224108,0.59566325,0.63713956,0.6064878,0.5741808,0.65202075,0.64830524,0.6374414,0.6399165,0.6411097
2815,0.50536835,0.52745795,0.6206239,0.5932977,0.6345642,0.6065188,0.570878,0.65169036,0.6461532,0.6371477,0.63872814,0.6389948
2816,0.50183964,0.5237291,0.6190739,0.5909259,0.6331892,0.6056986,0.5694293,0.65110934,0.64538664,0.6374396,0.638514,0.6383121
2817,0.49885902,0.520853,0.6177265,0.58903277,0.6321505,0.6047302,0.56832266,0.6506086,0.6448514,0.6374086,0.63845855,0.6380192
2818,0.5027472,0.5248593,0.6186206,0.59019476,0.63382393,0.6041593,0.5708439,0.65034837,0.64659077,0.6375572,0.6393222,0.63968676
2819,0.51039886,0.53262854,0.6214305,0.5941212,0.637005,0.605026,0.5747645,0.65109617,0.64899224,0.6376458,0.6404164,0.6419054
2820,0.5065577,0.5289909,0.6207072,0.5936143,0.63508624,0.6059825,0.5717384,0.6515619,0.6468143,0.636792,0.6392096,0.6399237
2821,0.50190043,0.5241064,0.6189212,0.5910371,0.63299304,0.60558987,0.569263,0.6510744,0.64535254,0.6368523,0.6385204,0.6385275
2822,0.4992255,0.52135265,0.6176454,0.5891016,0.632041,0.60472405,0.56833476,0.6505812,0.64492875,0.63706076,0.6385385,0.63826907
2823,0.49657947,0.51893544,0.6161988,0.5872839,0.6307462,0.6035282,0.56717175,0.64971894,0.6441761,0.63658077,0.63813806,0.63769275
2824,0.50511014,0.5274654,0.6188169,0.5906456,0.6344799,0.6035928,0.5722072,0.6500091,0.6475812,0.63716286,0.6398727,0.64088136
2825,0.5130936,0.53553,0.6223437,0.59556484,0.6380027,0.60554034,0.5759629,0.6516422,0.6498441,0.63733995,0.64104736,0.64305997
2826,0.5170677,0.5392674,0.62459254,0.5986465,0.6395405,0.6076633,0.5772004,0.65298456,0.6503597,0.6375299,0.641178,0.6433372
2827,0.5096171,0.531588,0.62248826,0.59590876,0.63601923,0.60820466,0.5723816,0.6528675,0.646936,0.63708264,0.6392824,0.6399086
2828,0.5050656,0.5266262,0.6204032,0.5926459,0.63395965,0.60701495,0.57039374,0.6517128,0.64562595,0.63746667,0.63854396,0.63841486
2829,0.5066815,0.5281547,0.62053597,0.59251964,0.63480914,0.6060624,0.57194364,0.6511249,0.64657587,0.63790125,0.63900816,0.6391824
2830,0.5390007,0.5595584,0.63257235,0.6075439,0.64968497,0.6094168,0.5904666,0.65458244,0.6584668,0.6414069,0.64514565,0.6499957
2831,0.6492365,0.6638535,0.67565507,0.6615271,0.69697094,0.6243266,0.65168244,0.66871095,0.6924899,0.6522697,0.6614432,0.6816691
2832,0.6894438,0.70114094,0.69942987,0.6957794,0.71108997,0.6449419,0.6625969,0.68154705,0.6904167,0.6523097,0.6576557,0.67643684
2833,0.7855903,0.784574,0.74026716,0.7436068,0.74822307,0.66380805,0.71233195,0.69501376,0.7090746,0.6662692,0.6640028,0.68956244
2834,0.79076004,0.7851089,0.75147814,0.76118124,0.74812037,0.68022484,0.7029512,0.7009431,0.69309044,0.6677256,0.650381,0.6648956
2835,0.7798598,0.7685261,0.75240195,0.759808,0.7441613,0.6845203,0.69397575,0.6982561,0.68334085,0.67431337,0.639508,0.64476347
2836,0.7726914,0.7571375,0.7533965,0.7576858,0.7444043,0.6825067,0.6929682,0.69408065,0.6789962,0.68140554,0.63279647,0.63181496
2837,0.75550336,0.7387196,0.75043064,0.7526441,0.7412065,0.67757475,0.6869673,0.6885622,0.6729173,0.6849096,0.6252189,0.6185819
2838,0.7373296,0.7206008,0.7459218,0.74618715,0.7377202,0.67044425,0.68152946,0.68211526,0.668832,0.6871982,0.61904204,0.6086049
2839,0.7307951,0.7144984,0.7447415,0.7445329,0.73885787,0.6631342,0.68328017,0.67656904,0.6693689,0.68930495,0.61578804,0.604422
2840,0.7295578,0.71410453,0.74565524,0.747015,0.7416825,0.6576052,0.6866508,0.67279804,0.67072284,0.6901349,0.61325145,0.60198545
2841,0.7252521,0.7107377,0.7454675,0.74895924,0.74253637,0.6534404,0.6867216,0.6697902,0.6705183,0.6898757,0.6101921,0.5984975
2842,0.69458944,0.6820175,0.73516065,0.73853123,0.7315343,0.6480582,0.6702569,0.6649508,0.6623104,0.68696254,0.6036484,0.5878409
2843,0.64927995,0.6386467,0.71750367,0.71668434,0.71440464,0.638885,0.64769745,0.65784234,0.6529518,0.6845061,0.5981866,0.57776237
2844,0.62394214,0.61525744,0.7053118,0.70042855,0.70662624,0.628193,0.63961166,0.6514798,0.653061,0.6844978,0.59905475,0.5785072
2845,0.5959283,0.59076303,0.6926615,0.6853864,0.6970393,0.61896163,0.62788093,0.64683694,0.6505734,0.6812663,0.59913945,0.57852143
2846,0.5648415,0.5633165,0.67842215,0.66824466,0.6853976,0.6104335,0.6135608,0.64273626,0.6472761,0.6772792,0.599514,0.5789371
2847,0.5409645,0.5429381,0.66606903,0.65325886,0.6766078,0.6025499,0.60348064,0.63946104,0.6468702,0.6739367,0.60202336,0.5828655
2848,0.5224937,0.52808124,0.6557085,0.6412573,0.66968614,0.5962151,0.59562266,0.63751423,0.64745563,0.6702189,0.6053785,0.58831507
2849,0.51981354,0.52861196,0.6511635,0.63698673,0.66926396,0.5924295,0.5961173,0.6373688,0.65269417,0.6675238,0.6109348,0.59798336
2850,0.51628554,0.5280458,0.6473297,0.6341657,0.66729015,0.59131694,0.5939408,0.63861686,0.65496796,0.66360676,0.6148824,0.6048758
2851,0.5032114,0.51718783,0.64028513,0.6265048,0.6603668,0.59076804,0.5855371,0.6396024,0.6529464,0.6594865,0.61696035,0.607704
2852,0.49602622,0.51140225,0.63487285,0.6198163,0.6563889,0.5899545,0.5816036,0.6404976,0.65373975,0.65737677,0.6207549,0.6129286
2853,0.49080536,0.5076141,0.6305982,0.61457413,0.65330863,0.5896827,0.5785976,0.6418862,0.6544347,0.65520906,0.62450325,0.61805147
2854,0.49826086,0.51608163,0.6312375,0.61546826,0.655958,0.59096926,0.58275056,0.64442825,0.659246,0.65436274,0.6300224,0.6265716
2855,0.5043515,0.5231213,0.63243294,0.617403,0.6573414,0.59391874,0.58471256,0.64763856,0.6615337,0.6526348,0.63382405,0.63238347
2856,0.5086517,0.52776206,0.63329387,0.6183851,0.65770787,0.59732854,0.58541983,0.65063596,0.66264105,0.65144503,0.6367518,0.636513
2857,0.51574653,0.53463364,0.6354392,0.6204609,0.65970814,0.6010054,0.58811724,0.65383226,0.66475445,0.6514282,0.64011014,0.64112127
2858,0.50937414,0.5283301,0.63312817,0.61682755,0.65565723,0.60368943,0.582928,0.6558157,0.6614922,0.65018165,0.64050543,0.6404848
2859,0.51626366,0.5345748,0.63485247,0.6174349,0.6582092,0.6057266,0.58683604,0.65778285,0.66444415,0.6515093,0.6439913,0.64519155
2860,0.553326,0.5701902,0.6484736,0.6335863,0.6743823,0.6113039,0.60752594,0.6632602,0.6768042,0.6551076,0.6517838,0.6583101
2861,0.5953987,0.61030465,0.66645545,0.65645593,0.69140494,0.62154585,0.62790984,0.6713241,0.68627673,0.65752876,0.65694755,0.66791356
2862,0.5762794,0.5909899,0.6633179,0.65342087,0.680813,0.62906724,0.6108944,0.67393655,0.6730527,0.65440685,0.64964056,0.6546803
2863,0.5587203,0.5713671,0.65703297,0.6422881,0.67280924,0.6291184,0.60125023,0.6721165,0.66712123,0.65670943,0.64681286,0.6480445
2864,0.5441843,0.55615044,0.6513344,0.63234437,0.6675731,0.62626827,0.59541994,0.66999525,0.66353816,0.6584364,0.6459099,0.64476633
2865,0.5362431,0.54862756,0.64786345,0.62620145,0.66549563,0.62312967,0.593442,0.6683304,0.6627612,0.6592777,0.64630747,0.6446772
2866,0.6316586,0.6394408,0.6818782,0.66720223,0.7085996,0.6289447,0.65154403,0.67675006,0.6968822,0.67029536,0.6635798,0.6771014
2867,0.62405795,0.63430744,0.6861444,0.6782056,0.70310986,0.64038324,0.63732725,0.68292683,0.68261003,0.662855,0.6543437,0.662497
2868,0.6192996,0.62698305,0.68582606,0.6761782,0.69992065,0.6440182,0.6323949,0.68248487,0.67906445,0.6653334,0.6507061,0.655901
2869,0.60472065,0.6110345,0.68157804,0.6691684,0.6943291,0.64351654,0.624573,0.68082166,0.6734625,0.6670583,0.64731294,0.6485134
2870,0.64061576,0.6436501,0.6947201,0.6831618,0.7116363,0.6442797,0.64842904,0.68273115,0.68657714,0.67416257,0.65359455,0.6591079
2871,0.61699474,0.62164724,0.6895902,0.67889214,0.7016911,0.6459255,0.6319133,0.6824719,0.6742964,0.6702022,0.64576924,0.64585847
2872,0.62145436,0.624503,0.69094896,0.6786322,0.7047106,0.6442322,0.6367448,0.6806443,0.6776756,0.6738134,0.6463942,0.646885
2873,0.60970676,0.6133434,0.6877327,0.67486054,0.70076066,0.6424953,0.6306611,0.67912126,0.67339516,0.6731427,0.6434257,0.6416732
2874,0.60931885,0.61280775,0.68751436,0.6740311,0.70186824,0.6402409,0.63236994,0.6775802,0.6748545,0.67447364,0.64348024,0.64193803
2875,0.62248206,0.6256073,0.6927138,0.6807785,0.7088197,0.6398821,0.64133614,0.6781521,0.67986816,0.6761684,0.64539295,0.6458432
2876,0.622273,0.6257713,0.6939902,0.6837379,0.7091326,0.6407125,0.6404144,0.67862415,0.6784943,0.6752951,0.6437012,0.6435938
2877,0.65351397,0.65473807,0.70585155,0.69850844,0.72310126,0.64287925,0.65927505,0.6809783,0.6884941,0.6792401,0.6476882,0.65162975
2878,0.73364145,0.72854316,0.737404,0.7384312,0.75630194,0.6512604,0.70503795,0.68967986,0.7085032,0.68656254,0.65568316,0.6693779
2879,0.7529222,0.7456418,0.7502578,0.75971204,0.76086503,0.6629456,0.70635396,0.69515324,0.7006638,0.6840057,0.6474843,0.65729505
2880,0.7615673,0.7498708,0.75638723,0.7678743,0.7622349,0.66880983,0.7064977,0.6952341,0.69595563,0.68672365,0.64066136,0.64600223
2881,0.76740134,0.7518592,0.7605859,0.77262276,0.7637793,0.67025954,0.70838463,0.6931625,0.69242615,0.69013524,0.63482344,0.6359651
2882,0.7684881,0.7503223,0.76313317,0.77558297,0.76460534,0.6697231,0.70901775,0.6904461,0.68891305,0.6928239,0.6291882,0.6264663
2883,0.75199515,0.73324394,0.7590262,0.7709269,0.75866634,0.66685635,0.69992036,0.68580526,0.6815769,0.69325805,0.62163454,0.61366755
2884,0.72157323,0.70353764,0.7485607,0.7576879,0.74739987,0.6604609,0.6846318,0.6788878,0.6730373,0.6928006,0.61418205,0.6007962
2885,0.76318383,0.7418237,0.76288867,0.7730112,0.76774895,0.65535635,0.71644676,0.67705524,0.68974805,0.70053196,0.62046415,0.61409384
2886,0.72762746,0.71022075,0.75322396,0.7666528,0.7530372,0.65411836,0.6918541,0.6741747,0.6733794,0.69289,0.6087543,0.59515387
2887,0.73581517,0.71696913,0.7549225,0.7672962,0.75768167,0.64916897,0.70086825,0.66978216,0.6797396,0.6965669,0.6095961,0.59808666
2888,0.7061412,0.68974966,0.74484485,0.75734437,0.7457417,0.6450168,0.68329555,0.6657207,0.6697305,0.692393,0.602753,0.5864729
2889,0.6902312,0.67468816,0.73740727,0.74751985,0.7401259,0.6385541,0.6774586,0.6605412,0.6689575,0.6924917,0.60143405,0.5843624
2890,0.7296937,0.712766,0.75063837,0.763754,0.7591268,0.6356035,0.7060297,0.66084254,0.6852269,0.6972061,0.6087171,0.5997331
2891,0.6923194,0.6790877,0.73941284,0.7552002,0.7426954,0.6361758,0.67918116,0.66012806,0.6691816,0.6889118,0.5993682,0.5837168
2892,0.63781965,0.6259093,0.7175064,0.7265496,0.71918404,0.6293677,0.6486554,0.65360975,0.65639067,0.6859531,0.59352654,0.5715947
2893,0.5995456,0.5893176,0.6996616,0.7010586,0.70496994,0.61867315,0.6326666,0.64741695,0.6530035,0.68592584,0.5948859,0.5710445
2894,0.5802608,0.57336134,0.6889716,0.68645144,0.699644,0.6094677,0.62745917,0.643814,0.65561736,0.6848909,0.5994481,0.57764953
2895,0.5533206,0.55090314,0.67633283,0.6711206,0.68949515,0.6026403,0.61460525,0.6415935,0.65313333,0.6801591,0.60135674,0.58055645
2896,0.53157884,0.53305364,0.6647735,0.65672654,0.68093354,0.59668595,0.60456055,0.6397073,0.6528569,0.6763132,0.60466605,0.5858325
2897,0.5200582,0.5251597,0.65681714,0.64723754,0.676503,0.59230417,0.59993595,0.6390891,0.65536666,0.6730027,0.60950446,0.593849
2898,0.519448,0.52774507,0.65339303,0.644042,0.67636424,0.59058213,0.6004733,0.6402786,0.6601321,0.6700511,0.61526597,0.60377336
2899,0.5073242,0.51851404,0.64674276,0.6368436,0.670026,0.590447,0.5924607,0.6419175,0.6586286,0.66550815,0.6180441,0.6079093
2900,0.4990031,0.5120399,0.64084786,0.62941635,0.6653347,0.590109,0.58747166,0.64315003,0.6590961,0.6629174,0.6219866,0.6134884
2901,0.4963348,0.51097,0.6372744,0.6248173,0.663308,0.5903854,0.58581996,0.6450134,0.6609844,0.6609601,0.6266653,0.62022966
2902,0.50479025,0.52062,0.6382487,0.62607473,0.66611564,0.5923457,0.5901386,0.6480404,0.6658477,0.6598625,0.6324385,0.62927693
2903,0.49947384,0.5166394,0.6353271,0.62258035,0.66201615,0.59502465,0.5850566,0.65076774,0.66381025,0.6568755,0.6344667,0.6316701
2904,0.49539024,0.5130728,0.63220984,0.6177101,0.6587094,0.596653,0.58181465,0.65250874,0.6632245,0.65562147,0.637159,0.6348735
2905,0.49822697,0.5162822,0.6317127,0.61606497,0.6589217,0.5983507,0.5829876,0.6546414,0.6650512,0.6552047,0.6409778,0.64007807
2906,0.5201127,0.5379585,0.63882405,0.6242905,0.6679052,0.6024349,0.5947754,0.6589116,0.6729581,0.65643835,0.64744806,0.650462
2907,0.52020127,0.53858334,0.63973594,0.62552434,0.6661908,0.6074391,0.59176946,0.662501,0.6703093,0.65433174,0.6479159,0.6505614
2908,0.5666583,0.582352,0.65622807,0.6445459,0.6855452,0.614279,0.6175016,0.66846853,0.68553424,0.6593791,0.6569816,0.66617936
2909,0.57446855,0.58979785,0.6621734,0.6528805,0.68656534,0.62309086,0.6164917,0.6738197,0.6815113,0.65753734,0.6553847,0.6631264
2910,0.69741553,0.7019373,0.7081337,0.7063886,0.73779935,0.6372286,0.6874524,0.68770885,0.7177844,0.6727202,0.67329985,0.6977339
2911,0.71031684,0.713284,0.72229046,0.7292613,0.7393088,0.6569515,0.6807204,0.6982189,0.7032265,0.66891414,0.66340894,0.68043154
2912,0.649906,0.65149677,0.7042132,0.70592934,0.7111593,0.6614854,0.63938946,0.69345474,0.6774803,0.66703624,0.6461993,0.64915496
2913,0.6166421,0.6151793,0.6909425,0.6823626,0.69908845,0.6540745,0.62624353,0.68580407,0.6709616,0.6732371,0.64245033,0.63923013
2914,0.60049754,0.59934664,0.68402404,0.66979265,0.69531465,0.6454563,0.6234352,0.6800809,0.66939837,0.6760483,0.64183956,0.63651794
2915,0.5759099,0.5775015,0.67486656,0.6571585,0.68723243,0.6379852,0.61338496,0.6751942,0.6641355,0.6743447,0.63891065,0.63168454
2916,0.56509554,0.56905967,0.66960496,0.6497616,0.68475944,0.63134754,0.6112391,0.671293,0.6648428,0.673723,0.639236,0.63292444
2917,0.5721027,0.5780561,0.67115337,0.6522475,0.6896126,0.6278806,0.6179741,0.6703355,0.67049414,0.6735125,0.64218926,0.6391081
2918,0.5608128,0.56937414,0.6670316,0.64890504,0.68472123,0.62599087,0.6111299,0.66923183,0.6670748,0.6697275,0.6402224,0.6368849
2919,0.55553097,0.565199,0.66397935,0.6455348,0.68262494,0.6239385,0.6089046,0.66807634,0.66748226,0.6686814,0.64078367,0.6381201
2920,0.53870875,0.54991233,0.6568753,0.6372447,0.67516524,0.6212537,0.5996306,0.66638124,0.6632106,0.6660969,0.6393524,0.63546383
2921,0.526359,0.5386749,0.65051335,0.6291222,0.66995645,0.61775655,0.5940275,0.66445434,0.6618372,0.6648483,0.6398243,0.63577545
2922,0.51762617,0.5313253,0.64547426,0.62297267,0.66633266,0.61459166,0.590357,0.6631391,0.66145396,0.66333336,0.64100486,0.6374008
2923,0.5807379,0.5926829,0.66647613,0.6496094,0.69471955,0.6178208,0.6284999,0.6685528,0.685793,0.6691214,0.65414774,0.66153175
2924,0.589696,0.6029696,0.6734155,0.6624835,0.69637924,0.6265959,0.62698275,0.67465365,0.68172824,0.6642757,0.6518042,0.65853524
2925,0.6044694,0.6154659,0.6797117,0.67033273,0.7006198,0.63258755,0.6321439,0.67745656,0.6836952,0.6658175,0.6521386,0.6591996
2926,0.6270976,0.6352335,0.689025,0.6815859,0.7088019,0.6378261,0.6428864,0.6804777,0.6874413,0.6685628,0.65340596,0.66118574
2927,0.6643073,0.66855574,0.70460373,0.70066744,0.72344,0.644703,0.66200376,0.6851954,0.69461113,0.6727561,0.65579575,0.66589683
2928,0.69010186,0.6909387,0.71744496,0.7173277,0.73273313,0.6525689,0.67266655,0.6894671,0.69549286,0.67512906,0.6540095,0.6635564
2929,0.75461745,0.74774796,0.74402815,0.7489585,0.75822014,0.66156864,0.7079246,0.6961315,0.7082176,0.68337774,0.6576036,0.67203563
2930,0.7306943,0.72355896,0.7411583,0.7495558,0.7459864,0.6691238,0.68522763,0.6961859,0.6888964,0.67943436,0.6430199,0.646898
2931,0.72979486,0.7184557,0.74185216,0.7471748,0.74591845,0.6681164,0.68600905,0.6922078,0.68754464,0.68520075,0.6387289,0.63903046
2932,0.7339537,0.7202906,0.745305,0.75017476,0.74944365,0.6662416,0.6906956,0.68992025,0.68699545,0.68902874,0.6356732,0.6336244
2933,0.72070813,0.7071454,0.7422547,0.74687713,0.7446939,0.66307443,0.68368435,0.6854831,0.68052876,0.68877816,0.6287146,0.6226386
2934,0.7303281,0.7153187,0.74651515,0.7513339,0.75052685,0.659603,0.69260466,0.6824956,0.6840724,0.69210756,0.6275769,0.6220702
2935,0.73453325,0.7194264,0.7496683,0.7567327,0.7532177,0.65763384,0.6958539,0.6803227,0.6832776,0.69223404,0.62390995,0.6177
2936,0.7198138,0.7054017,0.74572074,0.75358194,0.7477065,0.65510094,0.687228,0.6767903,0.677287,0.6907418,0.6177653,0.6082687
2937,0.701187,0.6873061,0.7389487,0.7454775,0.7409545,0.6501605,0.6783685,0.67190653,0.6728644,0.69035745,0.61332667,0.60101163
2938,0.71867627,0.7039053,0.7442912,0.75170785,0.74964327,0.6456754,0.69269806,0.6690916,0.68076444,0.6933835,0.6153807,0.6064091
2939,0.70433635,0.69137335,0.7404792,0.75009507,0.7441279,0.644018,0.68335384,0.66734856,0.6744476,0.68989784,0.6102529,0.59861475
2940,0.6558775,0.64490706,0.72260207,0.72864735,0.72397107,0.6385837,0.65542847,0.6618656,0.6610294,0.68585515,0.60267293,0.5846888
2941,0.61398584,0.6045131,0.70448494,0.70370233,0.708041,0.62850785,0.63639766,0.65505075,0.65497106,0.6851839,0.6010882,0.5799473
2942,0.5926344,0.5858213,0.6932611,0.68826365,0.70179635,0.6185825,0.6303335,0.6502087,0.6565054,0.68476677,0.60414624,0.58409125
2943,0.56672406,0.5639722,0.68123096,0.67374414,0.6925538,0.61087745,0.6188493,0.64709073,0.65434647,0.6808338,0.60542333,0.586066
2944,0.54186684,0.5429124,0.66896063,0.6587383,0.68292373,0.6040611,0.60730886,0.6443491,0.6526955,0.6768879,0.6073225,0.589115
2945,0.529422,0.5338956,0.6607934,0.649049,0.67850906,0.5986634,0.6028069,0.642881,0.6551934,0.6739946,0.6115792,0.5962785
2946,0.52721035,0.5348703,0.6569012,0.64550245,0.6779507,0.5959535,0.60283536,0.6433034,0.6595149,0.6710474,0.616605,0.6051276
2947,0.52324927,0.53360546,0.653237,0.64243984,0.6757336,0.5955737,0.6001608,0.64488333,0.6612697,0.6674943,0.6203507,0.61148363
2948,0.5231756,0.5352451,0.65107024,0.64059967,0.67488503,0.59636074,0.59950584,0.64693016,0.66383594,0.6651774,0.6245553,0.6181864
2949,0.5184058,0.5318339,0.6476298,0.63678426,0.67161924,0.59761566,0.59563935,0.64897346,0.6637044,0.6626706,0.62749046,0.62219626
2950,0.50797236,0.52247214,0.6419678,0.6294215,0.6656909,0.5980666,0.588819,0.65010476,0.6615515,0.66032237,0.6294483,0.6241523
2951,0.504914,0.5201527,0.6387186,0.6245603,0.6635973,0.5982106,0.5872172,0.6513568,0.66268045,0.6594344,0.63312334,0.6289968
2952,0.51239014,0.52831423,0.63986015,0.6255856,0.6663581,0.59975725,0.59136623,0.6538826,0.666796,0.6590823,0.63802385,0.63640296
2953,0.5063235,0.52334744,0.63705856,0.6220263,0.66237193,0.6017783,0.5863312,0.65593654,0.66437477,0.65662944,0.63922745,0.6375437
2954,0.5008225,0.5183167,0.63365054,0.6167619,0.6586638,0.6025201,0.58261275,0.6567824,0.66310424,0.6554871,0.6408678,0.6392909
2955,0.50191736,0.5197795,0.6327025,0.6145763,0.65842545,0.60334325,0.58316916,0.65814525,0.6643733,0.6551721,0.6438435,0.6433054
2956,0.6139835,0.62636703,0.6722709,0.66292286,0.7071411,0.61342984,0.64875907,0.6697182,0.7029814,0.6662919,0.6641465,0.6817133
2957,0.6107913,0.62491596,0.67871344,0.6764908,0.70145595,0.62986326,0.634073,0.67890215,0.68726075,0.6582262,0.65551573,0.6670091
2958,0.644439,0.6529458,0.69183433,0.68971926,0.7124047,0.6386606,0.649729,0.6822796,0.6936756,0.6643983,0.6572749,0.6700842
2959,0.60788137,0.6158407,0.6818859,0.6771671,0.6946226,0.6428175,0.62373734,0.6813135,0.6745689,0.661615,0.6464039,0.6494206
2960,0.59264314,0.5980949,0.67582077,0.6647743,0.6891419,0.639949,0.6181222,0.6778217,0.67168987,0.666216,0.6450445,0.64470816
2961,0.56801623,0.57395357,0.6669451,0.6510842,0.68037635,0.63506544,0.6072134,0.67428285,0.66507137,0.6666435,0.6422157,0.6383034
2962,0.5518851,0.5589989,0.6600417,0.64032835,0.6752916,0.62919056,0.6018089,0.6705512,0.66298234,0.66697234,0.6416345,0.63680303
2963,0.68691313,0.6864228,0.70762753,0.69765806,0.735649,0.63495505,0.68619865,0.6812358,0.7107717,0.6828004,0.66493565,0.6826726
2964,0.7073296,0.7084944,0.7245564,0.7273923,0.7410607,0.6522664,0.6843203,0.6922161,0.6994852,0.6748785,0.6560755,0.6700924
2965,0.66578,0.6662778,0.71304137,0.7145176,0.7203379,0.6580313,0.6525145,0.68932134,0.67942977,0.6716939,0.6415691,0.64483666
2966,0.6406842,0.6384485,0.70331526,0.6980259,0.7107837,0.65357405,0.6412744,0.68362176,0.67379063,0.6762019,0.6377222,0.6354277
2967,0.671183,0.665921,0.713895,0.7079724,0.726961,0.65050834,0.66485095,0.6832991,0.68665373,0.6839398,0.64405996,0.64541656
2968,0.64186126,0.6392694,0.706338,0.7009809,0.71543705,0.64956665,0.64616597,0.681552,0.67378736,0.6791283,0.63584393,0.63147616
2969,0.6144035,0.61252034,0.69576627,0.68624467,0.7050175,0.6438743,0.6330369,0.6762268,0.6680989,0.67898273,0.63199455,0.6245158
2970,0.6057209,0.6047086,0.69125557,0.67932886,0.70376045,0.6376337,0.6325368,0.6726458,0.6698316,0.6802286,0.6331165,0.62591636
2971,0.6166742,0.6167592,0.6943777,0.6837374,0.7101671,0.63426954,0.64174336,0.6716657,0.6761535,0.68084556,0.6360217,0.63197654
2972,0.620736,0.622235,0.69638723,0.6882647,0.7123464,0.6340351,0.6438117,0.6720948,0.6773347,0.6790278,0.63593435,0.6331727
2973,0.6170604,0.61928946,0.695253,0.68820757,0.7105515,0.6339502,0.6409104,0.6717484,0.67600185,0.67747176,0.63466513,0.63163453
2974,0.6413865,0.64224964,0.7036868,0.698999,0.72122747,0.63493997,0.65585667,0.67321503,0.68463296,0.6800753,0.6385442,0.6392362
2975,0.677253,0.67607534,0.7181467,0.7186932,0.73584515,0.6397062,0.6750775,0.6774497,0.6927839,0.6819786,0.6414268,0.6460715
2976,0.68429184,0.6820036,0.723333,0.72774667,0.73698217,0.64541847,0.67434764,0.6799582,0.68888694,0.68059146,0.63749164,0.6401051
2977,0.7365554,0.7284136,0.7433329,0.75164455,0.75763565,0.6506622,0.70418966,0.683789,0.70143545,0.68721,0.6415596,0.649273
2978,0.73322225,0.7239031,0.74632907,0.75886637,0.75444853,0.65733427,0.6957059,0.68587625,0.69111055,0.68498015,0.6333979,0.63522357
2979,0.73979425,0.7268737,0.75003594,0.7623337,0.7566149,0.6589355,0.6987039,0.6846141,0.69032794,0.68866825,0.6301661,0.6295618
2980,0.7808951,0.76262075,0.766668,0.7815355,0.77411205,0.6610113,0.7241027,0.68652123,0.6993947,0.6952131,0.632239,0.6345819
2981,0.75846434,0.74081963,0.76241827,0.7800397,0.7640167,0.6635903,0.7058832,0.6849456,0.6848594,0.6915256,0.6208953,0.6152028
2982,0.75317746,0.73337764,0.7607778,0.77625483,0.7623793,0.66040564,0.70477676,0.680276,0.68357587,0.694791,0.6171386,0.60880554
2983,0.74957705,0.72915006,0.7602919,0.77543825,0.7622461,0.65672976,0.7049848,0.6767983,0.68212074,0.69627047,0.61397713,0.60366446
2984,0.7367645,0.7169489,0.7564583,0.77137583,0.7580775,0.65285504,0.6990167,0.6729488,0.6780994,0.6957876,0.6095228,0.5965811
2985,0.7212511,0.70231426,0.7508883,0.7647366,0.7529079,0.6479546,0.69225127,0.66861904,0.67489743,0.69536257,0.6060435,0.59101427
2986,0.7533423,0.7326699,0.7619206,0.7777541,0.76807463,0.6447191,0.71574104,0.6676,0.6872136,0.6996983,0.61045575,0.60136133
2987,0.7094636,0.6926306,0.7481378,0.76552886,0.74892765,0.64362985,0.6856705,0.66474426,0.6693637,0.6916796,0.59927064,0.582263
2988,0.66449773,0.64873374,0.72973424,0.74081266,0.7306085,0.6358278,0.6624795,0.65771693,0.66075104,0.6906086,0.5949116,0.5730757
2989,0.6252745,0.61168987,0.71254575,0.71711206,0.71636516,0.6254169,0.6455281,0.65155345,0.6561337,0.68982077,0.5947734,0.57051694
2990,0.5980589,0.5878747,0.69928813,0.69928914,0.70740855,0.61553705,0.6355015,0.64685464,0.6558388,0.6881672,0.5972745,0.5737179
2991,0.572897,0.56697315,0.6870159,0.68401635,0.69856614,0.607577,0.6248113,0.64373624,0.6550395,0.68454146,0.5996958,0.57758504
2992,0.54478323,0.54312646,0.67342615,0.6672794,0.6874705,0.600758,0.6111514,0.641256,0.65263605,0.6799577,0.6017781,0.5807634
2993,0.5252684,0.52745867,0.66231,0.6534841,0.6798115,0.5948216,0.60250276,0.6395126,0.6533632,0.6763521,0.6058046,0.58720225
2994,0.52392143,0.5296141,0.6579946,0.64897025,0.6799529,0.5914528,0.6037659,0.63981205,0.6593765,0.6737863,0.6122652,0.598416
2995,0.5157969,0.5248892,0.6525115,0.6436748,0.6757787,0.5907415,0.59852064,0.6414085,0.659995,0.6692053,0.6159842,0.6046888
2996,0.5041179,0.5156178,0.6454901,0.6354137,0.6693957,0.59034497,0.5910731,0.64257777,0.6591046,0.6654497,0.61914355,0.60926086
2997,0.49707228,0.510368,0.639971,0.6283863,0.6652831,0.5899849,0.5869268,0.6438903,0.6599482,0.66303307,0.62338865,0.6152501
2998,0.5083837,0.5229157,0.64154005,0.630407,0.6697106,0.5915295,0.59347785,0.64694005,0.66677165,0.66244256,0.63034374,0.62633955
2999,0.50685847,0.52290976,0.640039,0.6291005,0.6674371,0.59471923,0.5904498,0.6503489,0.66617984,0.6594143,0.6332313,0.63033766
3000,0.5001598,0.51692706,0.63615215,0.62357116,0.6626924,0.59682596,0.58512074,0.65231997,0.66432875,0.65745246,0.63534486,0.63256603
3001,0.4962498,0.51345134,0.6330389,0.618461,0.6597938,0.5980274,0.5824433,0.6539522,0.66406745,0.65660334,0.6383456,0.6360636
3002,0.50472987,0.5221952,0.63467366,0.6194807,0.6628452,0.6000852,0.58708787,0.6566101,0.6680814,0.6568491,0.6432515,0.6432379
3003,0.50739413,0.5254873,0.6352783,0.6197913,0.66284233,0.6031757,0.58712065,0.6595011,0.6683507,0.6556044,0.64576465,0.6466487
3004,0.52329975,0.54110587,0.6401628,0.6250415,0.66815364,0.6067104,0.59480566,0.6623281,0.67298657,0.6560302,0.6497843,0.65322983
3005,0.5331512,0.5507528,0.6443218,0.629862,0.67096555,0.6116645,0.598034,0.66596127,0.6740584,0.6556526,0.65180266,0.6561562
3006,0.73613244,0.73688257,0.71786743,0.7176147,0.7555728,0.6298458,0.7180833,0.6877245,0.73639005,0.67814636,0.6823759,0.7191323
3007,0.78479356,0.7824666,0.74992555,0.76695466,0.7685347,0.6627785,0.7229238,0.70775867,0.7205518,0.67210233,0.6713946,0.7010919
3008,0.7135657,0.71022385,0.7307577,0.7455125,0.7336934,0.6755737,0.66700727,0.70364314,0.68548334,0.66814566,0.64628094,0.6554806
3009,0.67719483,0.6685459,0.71708614,0.71938574,0.7202424,0.66958624,0.65160006,0.69472194,0.67765576,0.6774831,0.6404176,0.6404434
3010,0.64527524,0.63626564,0.70584565,0.69994783,0.71109456,0.660234,0.6407386,0.68758374,0.6710283,0.68153954,0.6369062,0.6308427
3011,0.7976373,0.77621514,0.7597884,0.7604695,0.7780514,0.6607997,0.74143106,0.6961215,0.72121745,0.70253414,0.6604535,0.6785382
3012,0.7341488,0.7222351,0.7479354,0.7594986,0.74922556,0.6716102,0.68726856,0.69725156,0.6812255,0.68382066,0.63347805,0.63376105
3013,0.6826345,0.66990393,0.7286574,0.73151726,0.7277415,0.66496277,0.65928394,0.6862121,0.6689855,0.6854156,0.6229097,0.6149561
3014,0.6767537,0.66316587,0.72493464,0.7225999,0.7296226,0.6552705,0.66452104,0.67988735,0.6737962,0.691222,0.6251838,0.61652535
3015,0.75379646,0.73624885,0.753093,0.75651085,0.76542306,0.6536123,0.71668875,0.68318015,0.6998645,0.7001433,0.63659173,0.64018977
3016,0.709791,0.6977859,0.7429366,0.7522927,0.7459804,0.65723556,0.6822258,0.6824943,0.67622364,0.68843335,0.62058836,0.613876
3017,0.67617553,0.66399884,0.72963154,0.7338989,0.73237926,0.65134805,0.6648832,0.67519474,0.6697094,0.6890574,0.6152258,0.6038003
3018,0.6888203,0.67564857,0.7326571,0.73574346,0.7409576,0.64512426,0.6787681,0.6722046,0.67923856,0.69388294,0.61990154,0.6112768
3019,0.66628027,0.6559398,0.72546184,0.72931796,0.7326418,0.6416392,0.66581255,0.6698159,0.6719643,0.68966347,0.6154059,0.60364634
3020,0.64087266,0.6322572,0.71504796,0.71632975,0.7228182,0.63600814,0.65317845,0.6653622,0.6676034,0.68782306,0.6129941,0.59916025
3021,0.68210846,0.67213386,0.7280873,0.7318827,0.7429523,0.6330091,0.68299276,0.66581905,0.68624324,0.6933614,0.6221788,0.61696965
3022,0.6914967,0.6829977,0.7336847,0.74328476,0.746607,0.6360877,0.68534625,0.66870266,0.68510956,0.6895245,0.62042433,0.6158753
3023,0.7443816,0.7317374,0.7535618,0.7687148,0.76798964,0.64080423,0.7159644,0.6729388,0.6993094,0.69397336,0.6255872,0.6283662
3024,0.72065204,0.7090497,0.7483759,0.7674428,0.75556713,0.6466167,0.6940115,0.67404765,0.6834609,0.6878844,0.6154228,0.61020035
3025,0.67051065,0.65878946,0.7293398,0.7425794,0.7329716,0.6430894,0.6636758,0.66784096,0.66855294,0.68603337,0.60694665,0.59304464
3026,0.6505017,0.63831806,0.71922576,0.7260613,0.7265417,0.63482976,0.6580841,0.66223824,0.66894054,0.6892615,0.6085466,0.59299463
3027,0.63824505,0.6280306,0.7131529,0.71753526,0.723571,0.6282559,0.65528905,0.65915495,0.6696843,0.6889269,0.61019486,0.59499484
3028,0.61584496,0.60875237,0.7035246,0.7057512,0.71468073,0.62282133,0.64401764,0.656013,0.66573095,0.6854316,0.6091447,0.59326047
3029,0.6355936,0.6295132,0.7084169,0.7115722,0.7247282,0.6197021,0.6593274,0.65566176,0.6773758,0.6871932,0.61566854,0.6060451
3030,0.6537869,0.64909726,0.7153113,0.7226943,0.7323861,0.62164664,0.6689457,0.6584596,0.6825065,0.68530333,0.61825424,0.6126348
3031,0.65981054,0.6555648,0.7180363,0.7281492,0.7334197,0.62510884,0.66939694,0.66059697,0.68215257,0.68308765,0.6178285,0.61294883
3032,0.65308636,0.64870375,0.7155931,0.72573894,0.7291199,0.6270791,0.66315,0.6611001,0.6786484,0.6816888,0.6163289,0.60977787
3033,0.6638371,0.6581126,0.7188236,0.72891814,0.7334257,0.62798923,0.6698424,0.6619121,0.68268657,0.6837023,0.61885196,0.6137182
3034,0.699079,0.6911325,0.731923,0.74518555,0.7478008,0.6313137,0.69030154,0.6651952,0.6919911,0.68663526,0.62310266,0.62259096
3035,0.6656644,0.6592689,0.7221415,0.7357402,0.7316505,0.6347709,0.6649149,0.6654292,0.67576766,0.6808467,0.614414,0.60634345
3036,0.63717604,0.6301487,0.710302,0.718036,0.7195053,0.6312185,0.6499513,0.6615809,0.6698431,0.6817756,0.6123054,0.6003011
3037,0.6237794,0.61720157,0.70367175,0.7072325,0.715638,0.6260447,0.64625365,0.65901005,0.67019665,0.6832856,0.6143785,0.6018444
3038,0.6072121,0.60268843,0.696512,0.69748694,0.70996684,0.6217508,0.63908046,0.65725327,0.6682498,0.6818608,0.6150927,0.6021642
3039,0.5849777,0.5829089,0.6869003,0.6848009,0.70127237,0.6173591,0.6280527,0.6551653,0.66473114,0.67941254,0.615194,0.60161275
3040,0.56578606,0.5661099,0.6777107,0.67242247,0.6939346,0.6126547,0.6193134,0.65320224,0.66314924,0.6774579,0.6167527,0.6034621
3041,0.54245484,0.5455844,0.66685104,0.6582499,0.68442005,0.6078962,0.60772705,0.65136564,0.65988016,0.6744298,0.6178712,0.6044595
3042,0.5304193,0.5361149,0.65942484,0.64837193,0.67982054,0.60357076,0.6030717,0.65011626,0.66105145,0.6725102,0.6213459,0.6097806
3043,0.5299804,0.5381835,0.6567288,0.6453328,0.6800858,0.6015015,0.6041605,0.6507268,0.66503954,0.6706651,0.6260756,0.6177605
3044,0.51741195,0.5282405,0.650521,0.63832754,0.6738938,0.6008094,0.5962805,0.65158796,0.6627563,0.66674334,0.62761825,0.62000364
3045,0.50827694,0.52079433,0.6448036,0.63093185,0.669162,0.59977823,0.59117234,0.65199834,0.66252583,0.6645669,0.63037515,0.6238723
3046,0.51122856,0.5250551,0.643546,0.6292192,0.66996366,0.5997419,0.593152,0.6534855,0.66614884,0.6635351,0.6350529,0.6311379
3047,0.51955426,0.5344917,0.64524746,0.6317213,0.6728215,0.6018714,0.5970683,0.6563972,0.6700274,0.6623215,0.6395346,0.63836557
3048,0.5091246,0.52530366,0.6409024,0.62650234,0.66660357,0.60397094,0.5890345,0.6582384,0.665919,0.6592425,0.6397852,0.6379035
3049,0.50432444,0.5207834,0.63747483,0.62107575,0.663445,0.6045251,0.5860582,0.6590971,0.665593,0.6586781,0.642094,0.6405471
3050,0.51330554,0.52993345,0.6392978,0.6225272,0.66689146,0.60595816,0.5912149,0.6612565,0.66982937,0.65912575,0.6466441,0.6473207
3051,0.5117441,0.52916175,0.6384937,0.621381,0.6650929,0.6082766,0.5888483,0.66340184,0.66854185,0.6574262,0.6479173,0.6487941
3052,0.55542773,0.5710238,0.6535301,0.6392247,0.68383485,0.6136216,0.61359364,0.66884834,0.68394893,0.6616763,0.65727067,0.6649762
3053,0.59162873,0.605826,0.6694131,0.6601241,0.69782287,0.6239045,0.6298105,0.67688376,0.69060946,0.6624814,0.66123456,0.6724031
3054,0.57257754,0.5867535,0.6650785,0.6555047,0.685768,0.6302962,0.6124989,0.67797685,0.67711824,0.65858287,0.6534251,0.65883934
3055,0.5549478,0.56738156,0.6580186,0.6436373,0.6766116,0.62974954,0.60228074,0.6753061,0.6705415,0.65992016,0.65008754,0.6516882
3056,0.5419392,0.5537611,0.652595,0.63412625,0.6716786,0.6271086,0.59703785,0.67332774,0.66740656,0.6614609,0.6495665,0.6490684
3057,0.5432204,0.5551627,0.65230733,0.6320423,0.6733886,0.62504494,0.6000105,0.6726294,0.6696042,0.6629462,0.6515904,0.65184164
3058,0.54783666,0.56052166,0.6540686,0.63389474,0.6760342,0.62489676,0.6032844,0.6732278,0.6715878,0.66297895,0.65304285,0.6545208
3059,0.5596336,0.5726906,0.6580626,0.6390533,0.6801842,0.62559414,0.60934854,0.6735379,0.674463,0.6626277,0.6539527,0.6572786
3060,0.554248,0.5679503,0.6570336,0.6382816,0.6771439,0.627082,0.6046893,0.6740173,0.6708912,0.66095436,0.651884,0.6540898
3061,0.5909449,0.60234797,0.6702057,0.65374684,0.69341445,0.6304782,0.6263007,0.67749953,0.6836773,0.6657795,0.6584618,0.6657503
3062,0.5792234,0.59148145,0.66870517,0.6537091,0.6871053,0.6344387,0.61565137,0.6790334,0.67485046,0.6623929,0.6531566,0.65688586
3063,0.5691259,0.5805139,0.6646009,0.64735436,0.6815653,0.6335468,0.6095594,0.67653525,0.6708718,0.66276085,0.6501434,0.6517155
3064,0.58610696,0.59595466,0.6703702,0.6532099,0.68967736,0.6336328,0.62086934,0.67716366,0.67736316,0.6662756,0.6534952,0.65708053
3065,0.5761565,0.58671105,0.66828233,0.6513607,0.6853203,0.6344293,0.61390406,0.6771959,0.6718987,0.6644612,0.65015686,0.6514763
3066,0.5546596,0.56563914,0.66020286,0.64056283,0.67567956,0.63164765,0.6020273,0.67393833,0.6649212,0.6631426,0.64595497,0.6443193
3067,0.5496995,0.5607201,0.6569963,0.6352617,0.6744325,0.62785923,0.6017447,0.67149717,0.6657763,0.66426784,0.6466611,0.64512354
3068,0.60935163,0.6180286,0.67795336,0.6611084,0.7017173,0.6305149,0.6383981,0.67628074,0.6875567,0.67072445,0.65771145,0.6656122
3069,0.614534,0.6244613,0.6837279,0.6723468,0.70200783,0.63742596,0.6352982,0.68020266,0.681776,0.66621673,0.6529794,0.65924305
3070,0.6614682,0.6668842,0.7018947,0.69433403,0.72064346,0.64403564,0.6606259,0.68453526,0.69403887,0.67195576,0.6572516,0.6683125
3071,0.7126393,0.71313983,0.724113,0.7232498,0.73995584,0.6539176,0.68558085,0.6912447,0.70141524,0.67591083,0.6582827,0.67220694
3072,0.7287859,0.7256916,0.7348914,0.73874307,0.7444292,0.6635494,0.6880342,0.695052,0.6961427,0.67708474,0.6518399,0.6618618
3073,0.7239665,0.7174407,0.73655516,0.74062586,0.7418115,0.6677253,0.682019,0.6943763,0.68884796,0.6797414,0.64441943,0.648522
3074,0.7181232,0.70868194,0.7364246,0.73886335,0.7403635,0.66699797,0.6794684,0.69147253,0.68483186,0.6835532,0.63926435,0.6389242
3075,0.71894556,0.70750767,0.7383525,0.74005026,0.74251765,0.66456103,0.68235195,0.68862075,0.6841176,0.6870384,0.63604885,0.6334615
3076,0.74936956,0.7347555,0.751236,0.75531584,0.75717056,0.6639439,0.70295095,0.6887807,0.6921825,0.6923089,0.6371782,0.6372291
3077,0.7516611,0.73670316,0.7554184,0.7633477,0.75839585,0.66506195,0.7022459,0.687927,0.6873185,0.6913022,0.6305369,0.62784696
3078,0.78762734,0.76837367,0.7701475,0.781387,0.7736246,0.6658864,0.72439456,0.68807924,0.6953012,0.6964225,0.6306092,0.6308814
3079,0.7823016,0.76265466,0.77176917,0.78722906,0.7710448,0.6677648,0.7175799,0.6867666,0.6866563,0.694457,0.62159884,0.61683667
3080,0.7875676,0.7653295,0.7750494,0.79142517,0.7737543,0.666392,0.721404,0.68369234,0.6863628,0.69731426,0.6174229,0.61078274
3081,0.75501245,0.7338018,0.7648424,0.78096515,0.7608054,0.66264117,0.7018263,0.6779715,0.67423415,0.6949206,0.6074211,0.5935352
3082,0.76825434,0.744911,0.76867455,0.7837731,0.7681427,0.6565082,0.7151813,0.67319244,0.6815248,0.6998279,0.6084682,0.59659743
3083,0.7757717,0.7524487,0.7730765,0.79149425,0.7729585,0.6543248,0.7210158,0.6719562,0.6822793,0.69980776,0.6061778,0.5944586
3084,0.7132404,0.6935218,0.7517313,0.7686848,0.74670666,0.64976066,0.6820064,0.6655225,0.66160494,0.69260526,0.59282184,0.5710525
3085,0.66491,0.6463435,0.7310427,0.7398062,0.72820646,0.6378617,0.660182,0.6561304,0.65491545,0.69290066,0.58967197,0.56361127
3086,0.6340507,0.6183597,0.7164709,0.7197129,0.71859014,0.6256059,0.64995974,0.6494135,0.6545129,0.6926055,0.59141195,0.5650991
3087,0.5969855,0.58587825,0.70010847,0.6992798,0.7052699,0.6151246,0.63336414,0.6443359,0.6504297,0.6884158,0.5916806,0.5650649
3088,0.5629439,0.55636495,0.68388236,0.6787883,0.6924962,0.60537356,0.6180536,0.63985103,0.6480188,0.68420166,0.59348345,0.5677967
3089,0.5409554,0.53885233,0.67160594,0.66369474,0.6848089,0.59722954,0.60942006,0.636997,0.64965117,0.680577,0.5978145,0.575034
3090,0.5345662,0.53676504,0.66532546,0.65718305,0.68338716,0.592194,0.60850036,0.63643116,0.65515465,0.6772158,0.60389316,0.58595645
3091,0.5185544,0.5248467,0.6564887,0.64795345,0.6760465,0.5896056,0.5992125,0.63689065,0.65431195,0.67163086,0.60695523,0.59124917
3092,0.5080463,0.5171956,0.649141,0.6394912,0.6708919,0.5877444,0.5935389,0.6375503,0.6557487,0.6681026,0.6114841,0.5983745
3093,0.503937,0.51549083,0.6444745,0.6342956,0.6685102,0.5871314,0.59133255,0.63920766,0.6584849,0.665288,0.61678845,0.60657454
3094,0.5088309,0.52226233,0.64364433,0.63394547,0.6698014,0.58839166,0.59369105,0.642013,0.66310555,0.66320026,0.6227339,0.61609405
3095,0.49997637,0.5151899,0.63873047,0.62829536,0.664076,0.5902956,0.58668786,0.64448327,0.66084725,0.65946543,0.6251502,0.6190513
3096,0.49518943,0.51127106,0.6347231,0.62253875,0.66061556,0.5914489,0.58335364,0.64635915,0.66116774,0.65792286,0.62893826,0.62392586
3097,0.498178,0.515018,0.6338754,0.6207793,0.66099524,0.5931169,0.58471286,0.64891666,0.6638425,0.657119,0.6337732,0.63074356
3098,0.5066801,0.5241558,0.63574016,0.62270695,0.663603,0.59615946,0.5885217,0.6522672,0.6672717,0.65636116,0.6384902,0.63782626
3099,0.5033589,0.5215373,0.6340857,0.6201986,0.66052604,0.5993546,0.5846977,0.65499353,0.6653199,0.6543844,0.6401514,0.6395267
3100,0.51313454,0.5310566,0.6363919,0.62183374,0.6634485,0.60217315,0.58943677,0.65747,0.66880876,0.65485644,0.644228,0.64554465
3101,0.52432966,0.5421518,0.6402405,0.62598276,0.6669149,0.60617733,0.5941241,0.6607419,0.67124504,0.6547069,0.6473702,0.65025157
3102,0.56536716,0.5812259,0.65563077,0.64428204,0.68407404,0.6135569,0.6161358,0.66720986,0.6837939,0.6584022,0.6551745,0.66365844
3103,0.60461336,0.61811346,0.67298234,0.66615885,0.699459,0.6248228,0.6342111,0.6756772,0.6911935,0.66070175,0.65943825,0.67133856
3104,0.6128394,0.6242855,0.67969453,0.67455137,0.70085007,0.6347949,0.6332675,0.68084556,0.68699455,0.6611636,0.6568884,0.6662967
3105,0.7170322,0.71780396,0.7194663,0.71975803,0.74406546,0.647138,0.6935402,0.6924405,0.7158172,0.67559993,0.67069066,0.6925023
3106,0.6642562,0.66747975,0.7087349,0.7123392,0.7186095,0.6590968,0.64996773,0.6944264,0.6833763,0.6664235,0.650623,0.6567449
3107,0.6396254,0.63895726,0.69936293,0.6946042,0.708351,0.6561484,0.63824725,0.6881732,0.6774911,0.6724108,0.64557344,0.6460266
3108,0.61710596,0.61584735,0.6913454,0.6808727,0.70144975,0.65008783,0.6300554,0.6834082,0.67223275,0.67526865,0.64278257,0.63901067
3109,0.62270707,0.6214377,0.6929667,0.6805322,0.70667374,0.64506143,0.6382251,0.68069124,0.6770859,0.6785781,0.644731,0.6422963
3110,0.76533586,0.75364506,0.7454481,0.7436052,0.7682228,0.65187794,0.7270316,0.692811,0.7210016,0.69441545,0.66469884,0.68468547
3111,0.6846038,0.68129134,0.7264816,0.7330215,0.73061293,0.6635589,0.66202193,0.69344586,0.6765224,0.6755324,0.6362887,0.63663375
3112,0.645061,0.6389622,0.7097713,0.70628536,0.71392626,0.6564453,0.6428311,0.6833103,0.66967994,0.68023646,0.6302097,0.624544
3113,0.6075489,0.6023082,0.69467884,0.6841043,0.70120674,0.64596,0.62775743,0.6760082,0.66267717,0.6814369,0.6274576,0.61685264
3114,0.5829793,0.5801772,0.68372786,0.66851634,0.69411176,0.63571066,0.6200281,0.6700053,0.66111577,0.6813053,0.6275878,0.6159564
3115,0.58099306,0.5810537,0.6810321,0.6651295,0.6962612,0.62854546,0.62386614,0.66695255,0.6664201,0.6809485,0.63095504,0.62222606
3116,0.5992421,0.60157484,0.68664354,0.67404157,0.7055722,0.62628233,0.63643783,0.6672915,0.675432,0.68016183,0.63535815,0.6318642
3117,0.5947331,0.5995065,0.68559194,0.6757373,0.7031605,0.6269434,0.63186586,0.6680578,0.6731984,0.67590535,0.6339496,0.63073003
3118,0.6253069,0.6289472,0.6958138,0.6892581,0.7160273,0.62888885,0.64984804,0.6702733,0.68433255,0.6782445,0.63924706,0.64124346
3119,0.6588783,0.660977,0.7094753,0.7086226,0.7290806,0.6347977,0.66649115,0.6751453,0.69125205,0.67893535,0.64189076,0.64740735
3120,0.7001592,0.69857085,0.7268067,0.73185736,0.7445627,0.64315015,0.6865301,0.6809986,0.69834393,0.6814476,0.6438203,0.65248007
3121,0.74128205,0.73460287,0.745123,0.75597566,0.7595516,0.6528341,0.70550156,0.6871665,0.70278054,0.6847858,0.64380026,0.65376806
3122,0.7735216,0.7613195,0.7607035,0.776339,0.77076656,0.6619978,0.7189259,0.6919441,0.7032281,0.6882664,0.64102256,0.64969164
3123,0.7645968,0.74974906,0.7611557,0.7785009,0.76542354,0.6672957,0.70822465,0.6915821,0.6923456,0.6885203,0.63164943,0.6327427
3124,0.74053687,0.7238251,0.7537728,0.76814497,0.75536454,0.66547227,0.69391626,0.6864513,0.6828112,0.69019383,0.6234469,0.61726743
3125,0.73482984,0.71632457,0.751902,0.7633046,0.7549054,0.66034305,0.69477034,0.68167716,0.6825346,0.6941576,0.6211829,0.6125839
3126,0.75225735,0.73233026,0.75896496,0.7712754,0.76399565,0.6568895,0.70865345,0.6795828,0.68791205,0.69748825,0.6214725,0.61461496
3127,0.74572194,0.7267696,0.7586686,0.773219,0.7617779,0.6555533,0.7040977,0.6773844,0.6828026,0.6954901,0.6157178,0.60636455
3128,0.7487629,0.7291814,0.76030236,0.77559763,0.76355165,0.6531065,0.7071405,0.67444175,0.68338114,0.6965135,0.6131363,0.60353637
3129,0.74273723,0.7233777,0.7590925,0.77544856,0.7617431,0.6508931,0.7041208,0.6719005,0.68055284,0.6959737,0.6093233,0.5978596
3130,0.7340327,0.7149861,0.75605166,0.77243394,0.7585119,0.6476384,0.70003575,0.6684067,0.6780176,0.69555,0.60589045,0.5927169
3131,0.7059192,0.6884975,0.74554116,0.7602629,0.7469178,0.6428519,0.68429726,0.66355675,0.67010736,0.6930387,0.60040015,0.5831464
3132,0.67646194,0.66051275,0.7334704,0.7445453,0.7359789,0.6358981,0.6704823,0.65839094,0.6653454,0.6920892,0.59798646,0.5780321
3133,0.64324415,0.6297108,0.7194857,0.7263712,0.7237743,0.62780434,0.6551461,0.65345025,0.6605357,0.6902099,0.5967254,0.5746794
3134,0.61194575,0.6014423,0.7053962,0.70794076,0.7123045,0.6192256,0.64127785,0.648844,0.65738565,0.6878848,0.59713876,0.57443017
3135,0.5756196,0.56885713,0.6891042,0.68698686,0.6982587,0.6106459,0.6239102,0.64473367,0.65266377,0.6840903,0.5976468,0.57426536
3136,0.55019313,0.5471875,0.6758968,0.6698079,0.6889935,0.6025116,0.61337334,0.64147884,0.6526084,0.68121606,0.60106176,0.5793377
3137,0.5400581,0.5409943,0.6684061,0.66092,0.6861488,0.59677947,0.61078686,0.6402955,0.6567766,0.6784313,0.60650635,0.58868325
3138,0.52831686,0.53318894,0.66114086,0.6531906,0.68125683,0.59370434,0.6048356,0.6405121,0.6578484,0.67395335,0.61029977,0.59534776
3139,0.51258665,0.5206294,0.6523998,0.64303684,0.6738085,0.5915785,0.5958477,0.64087605,0.6568339,0.6696396,0.61336696,0.6000687
3140,0.5040514,0.51453173,0.64594775,0.63516814,0.66956,0.5899449,0.59147906,0.6416341,0.6584326,0.66686076,0.61797553,0.6070474
3141,0.510098,0.5225502,0.64526755,0.6348211,0.6718019,0.5903201,0.5952126,0.64401054,0.6641727,0.66525173,0.6244198,0.6175196
3142,0.5038203,0.51831704,0.6413646,0.63070154,0.6674929,0.5921235,0.58983904,0.646613,0.66297114,0.66153467,0.6271993,0.62141484
3143,0.49784768,0.51344436,0.6371012,0.6249221,0.6634065,0.5933728,0.5855013,0.6484698,0.6626154,0.65950847,0.6304402,0.62559855
3144,0.49869433,0.5150872,0.6353995,0.6221086,0.6627557,0.59476805,0.58558977,0.6507101,0.6646028,0.6585367,0.63483286,0.63169646
3145,0.5082648,0.52523667,0.6374874,0.62428916,0.6659921,0.5975656,0.59025913,0.6539919,0.66874945,0.6580759,0.6399187,0.6394029
3146,0.50204825,0.5199333,0.634774,0.6206058,0.6615289,0.6004554,0.58465075,0.6564379,0.66567343,0.65560293,0.640962,0.6400899
3147,0.5019367,0.51985973,0.63345736,0.61759627,0.6603215,0.6022699,0.5840118,0.65817386,0.666247,0.65542674,0.6438035,0.64362884
3148,0.50602376,0.5241174,0.63405,0.61727476,0.6612314,0.6043601,0.5857479,0.6603725,0.6677729,0.6552895,0.646952,0.6478892
3149,0.6968282,0.70142627,0.702392,0.6998365,0.7427529,0.6206119,0.6992001,0.68041605,0.7300656,0.67585707,0.67810386,0.71069866
3150,1.0289335,0.98434263,0.8307346,0.85472864,0.86001545,0.6653454,0.88234955,0.73582876,0.78188473,0.70219845,0.7076342,0.78669333
3151,0.86905795,0.8460057,0.79572016,0.8465259,0.78435844,0.71276885,0.7315329,0.73473674,0.68988824,0.67079246,0.64064306,0.6636491
3152,0.80005056,0.7688795,0.76943547,0.7969737,0.7563482,0.70463705,0.69659203,0.71400106,0.6780113,0.6865905,0.6246653,0.63072336
3153,0.7327751,0.70195043,0.74617684,0.757868,0.73522,0.68820727,0.67077935,0.69878924,0.6632409,0.6933686,0.6153537,0.6066768
3154,0.67768615,0.6508577,0.7263089,0.7260047,0.7198649,0.6696263,0.65243316,0.68501323,0.65528345,0.6958018,0.6106031,0.59431654
3155,0.6435719,0.6226295,0.7130663,0.70567656,0.71254164,0.65278375,0.64437646,0.6742146,0.6545974,0.6956393,0.6100567,0.59210163
3156,0.6556165,0.63966525,0.71631736,0.709293,0.7237275,0.6419943,0.66059196,0.66918284,0.66760033,0.6966186,0.61592853,0.6039667
3157,0.6358485,0.6263383,0.7103379,0.70554286,0.7176836,0.63637215,0.65031636,0.6660238,0.6635113,0.6895185,0.6126358,0.60035986
3158,0.64131373,0.63453376,0.7107018,0.7072892,0.72100556,0.6316205,0.65605867,0.6628008,0.6698315,0.6881251,0.6147548,0.6060069
3159,0.6150389,0.6116909,0.7012257,0.6981581,0.7103554,0.6284184,0.6403158,0.66073143,0.6629758,0.6827001,0.61164117,0.6003013
3160,0.585657,0.584332,0.6884623,0.68213755,0.69848746,0.6226668,0.6253121,0.6568948,0.6585229,0.68010527,0.6108978,0.5975395
3161,0.5607679,0.56168425,0.6765882,0.66675484,0.6891776,0.61586064,0.6142597,0.653505,0.6566141,0.6781432,0.6125126,0.59847945
3162,0.55170715,0.55509764,0.67028415,0.65891963,0.68691695,0.6103568,0.6123924,0.6517775,0.6600499,0.6768016,0.61692166,0.6050266
3163,0.5548202,0.56071234,0.6691979,0.6587952,0.68925536,0.6079596,0.61582386,0.6523053,0.6656242,0.67496544,0.62197554,0.61369884
3164,0.54998255,0.55822307,0.6661033,0.65658337,0.6867321,0.6076886,0.61231047,0.65344316,0.6660016,0.6714391,0.6242139,0.6174531
3165,0.56515443,0.57398796,0.66995496,0.6621371,0.69310725,0.6091305,0.62111455,0.65592676,0.67359906,0.67141765,0.629974,0.6273247
3166,0.60805655,0.6157858,0.68535036,0.68266976,0.7110078,0.6149505,0.64480895,0.6620034,0.68736243,0.6733935,0.6379944,0.6423729
3167,0.6345091,0.6409797,0.69719833,0.69977933,0.71997637,0.6242873,0.6548286,0.66874766,0.69027287,0.6725122,0.6397328,0.6460202
3168,0.7050579,0.70500404,0.7247059,0.7335239,0.74752885,0.635632,0.6928297,0.67782456,0.70696825,0.6793081,0.6473559,0.6614611
3169,0.7295578,0.72578514,0.7386951,0.75366336,0.7541461,0.64909416,0.6978885,0.6851973,0.7019189,0.6791105,0.6429542,0.6538821
3170,0.75764114,0.7476537,0.7519623,0.7689392,0.7632273,0.65810204,0.7093855,0.6889199,0.7023408,0.68412584,0.640604,0.6495852
3171,0.7662099,0.75192535,0.7586457,0.7767956,0.7655202,0.66415876,0.71042717,0.690405,0.69706863,0.68728244,0.6351052,0.63906354
3172,0.76134413,0.74404824,0.7595905,0.77684754,0.7634817,0.66595304,0.7062106,0.6887717,0.6909139,0.6901851,0.6288858,0.62731594
3173,0.770229,0.749719,0.76461285,0.7810033,0.768308,0.6650801,0.71321714,0.6868336,0.69151026,0.694846,0.62637436,0.62289286
3174,0.7623045,0.7412453,0.7640303,0.7805602,0.7658845,0.6635482,0.70880073,0.68386984,0.68590564,0.6954011,0.6202449,0.6127385
3175,0.73955315,0.71902114,0.7569677,0.77171504,0.75748265,0.6593625,0.6968165,0.6786425,0.6784196,0.6950585,0.6134175,0.6011345
3176,0.7265719,0.70637643,0.7521163,0.7645652,0.75391793,0.6531364,0.69315416,0.67330545,0.67681825,0.69633263,0.61055326,0.5964749
3177,0.72155744,0.70228714,0.75026494,0.76228416,0.75378954,0.64770806,0.693822,0.6695169,0.67739975,0.69678354,0.6091642,0.5950694
3178,0.78622335,0.7630142,0.77385277,0.7909441,0.78262275,0.6469898,0.7370222,0.6719947,0.69823444,0.7036068,0.617423,0.61448455
3179,0.73100644,0.71298766,0.75811124,0.77972096,0.75765634,0.64991194,0.6953001,0.6703299,0.67205524,0.6918226,0.6006637,0.5858467
3180,0.6910724,0.67279196,0.74127823,0.75596124,0.7411902,0.64253896,0.6752341,0.6624046,0.66540796,0.6928787,0.5963881,0.57667685
3181,0.6476897,0.63139737,0.72320926,0.7313265,0.7251725,0.63228106,0.6554762,0.6557961,0.65838563,0.6920178,0.5944975,0.57066
3182,0.6033712,0.59047544,0.70399165,0.7054018,0.7087413,0.6209552,0.6355164,0.6494685,0.6524304,0.6895671,0.5941229,0.5680489
3183,0.5835325,0.574482,0.6928227,0.6902362,0.70338863,0.61087435,0.6304856,0.6451302,0.65590155,0.68838334,0.59881884,0.575473
3184,0.55859435,0.5544774,0.6807966,0.6760437,0.6943978,0.60366416,0.6190928,0.6428099,0.6546431,0.68352497,0.6012033,0.5795993
3185,0.5367117,0.5368554,0.6692048,0.6620702,0.6857167,0.597735,0.6087181,0.64092976,0.65434265,0.6791495,0.604351,0.5849182
3186,0.5244457,0.5283282,0.6609507,0.6524119,0.680975,0.59339327,0.6035725,0.6403314,0.6568254,0.67566264,0.60917544,0.5929747
3187,0.52182895,0.5289717,0.6567347,0.648291,0.68003196,0.5915293,0.6029824,0.64146644,0.6611934,0.6725706,0.6148677,0.6026649
3188,0.50712293,0.51727116,0.6489102,0.6395744,0.6725464,0.59096426,0.5935768,0.6428185,0.65917,0.66783977,0.6175448,0.6065031
3189,0.49862885,0.51076144,0.6425999,0.6315918,0.66781527,0.5901767,0.5887202,0.6438135,0.6600645,0.66525346,0.6218315,0.6126695
3190,0.50255054,0.5163213,0.64124376,0.6299853,0.6689034,0.59080607,0.59104556,0.64618444,0.66463274,0.66379267,0.62786573,0.62199485
3191,0.50787985,0.52310723,0.6415289,0.63078976,0.67010343,0.5934527,0.5928551,0.64963853,0.66774136,0.6617869,0.6327942,0.62962544
3192,0.5113025,0.5273914,0.6416041,0.63090825,0.67003375,0.5969298,0.5930065,0.65307194,0.6692042,0.6600618,0.636603,0.63514537
3193,0.51666975,0.5329942,0.6425399,0.6315435,0.6708708,0.6005726,0.5944761,0.6563902,0.67104644,0.6593138,0.6403998,0.640447
3194,0.50794053,0.5247234,0.63881296,0.6260661,0.6653767,0.6032528,0.5876899,0.6585098,0.6673517,0.65745246,0.64125997,0.64035076
3195,0.5038085,0.52059186,0.63592404,0.62073594,0.66254854,0.6043281,0.58513093,0.659699,0.6667771,0.6573302,0.64365184,0.64281744
3196,0.55179805,0.5668272,0.65213317,0.6396484,0.68376595,0.6093139,0.6132721,0.6655445,0.684501,0.6623007,0.65482664,0.66184807
3197,0.5422152,0.55880207,0.651109,0.63994515,0.67634517,0.61584514,0.60187817,0.6689412,0.67458516,0.6568729,0.6504484,0.6543968
3198,0.5694458,0.5837728,0.65921074,0.6479265,0.684491,0.61921865,0.6155986,0.66967255,0.6813493,0.659364,0.6534887,0.6604718
3199,0.5554766,0.5699122,0.6563082,0.64418846,0.67695296,0.6235785,0.60422117,0.6716148,0.6722151,0.65712357,0.64951706,0.65253335
3200,0.5684742,0.5807824,0.6607333,0.6470036,0.68255836,0.6256742,0.6123021,0.67292476,0.6769988,0.66106534,0.6526963,0.6569157
3201,0.5681372,0.58013386,0.66198194,0.6477459,0.6824255,0.62813544,0.6112066,0.67456746,0.6749117,0.66136813,0.65216094,0.6552312
3202,0.5570094,0.5689199,0.6586293,0.64229965,0.67752516,0.6285308,0.6045969,0.67410916,0.67043334,0.6612658,0.65006036,0.651053
3203,0.5511501,0.5628934,0.65620345,0.63761395,0.6754607,0.6272447,0.6024766,0.6730613,0.6693119,0.6622131,0.64992356,0.6502018
3204,0.6682015,0.67251295,0.6980439,0.68757635,0.72668946,0.63489324,0.67327106,0.6834521,0.7086127,0.67589134,0.66932666,0.6875778
3205,0.7683969,0.76535964,0.7427809,0.7472584,0.7647593,0.6564854,0.72129786,0.7015315,0.72218317,0.6795719,0.6735092,0.7003508
3206,0.6885471,0.6888744,0.72238344,0.7301352,0.72601,0.66972965,0.6575519,0.6994932,0.68019336,0.6678003,0.6451495,0.6510857
3207,0.64882463,0.64450246,0.7063204,0.7023295,0.71003205,0.66292864,0.6394032,0.6896205,0.6722843,0.67532206,0.63878435,0.6368513
3208,0.62539804,0.62044954,0.69706833,0.6861387,0.70417583,0.6535531,0.63347304,0.68325144,0.66920453,0.6795862,0.63760775,0.6315911
3209,0.6358898,0.6314185,0.70046103,0.68840724,0.7126977,0.64737576,0.6458344,0.68066186,0.6769039,0.683241,0.64116645,0.6376018
3210,0.6086935,0.6078532,0.6921435,0.67967397,0.70271,0.64312834,0.63089776,0.6774311,0.66801745,0.6785952,0.63535947,0.62868845
3211,0.62626916,0.6254265,0.69724715,0.6852539,0.7123274,0.6394868,0.64507943,0.6757803,0.6780936,0.681722,0.63962626,0.63725716
3212,0.6350967,0.635489,0.7017054,0.69309515,0.71702737,0.63974243,0.650011,0.6768151,0.6801112,0.6803838,0.6396593,0.63870525
3213,0.6325982,0.6335809,0.70167553,0.6947548,0.7158294,0.64020795,0.64741445,0.67655534,0.6783418,0.6788838,0.6375212,0.635915
3214,0.710395,0.7056476,0.72985244,0.7291749,0.74918026,0.64443684,0.69510275,0.6823037,0.7029206,0.6877795,0.64833677,0.6580886
3215,0.739477,0.73285866,0.7457684,0.7542774,0.7589882,0.65519005,0.7040823,0.6892389,0.7001659,0.6856314,0.64399195,0.65278745
3216,0.7414048,0.7319369,0.7495127,0.76097274,0.7570997,0.6615802,0.69902426,0.68975216,0.6930213,0.6856891,0.63641554,0.64027435
3217,0.7617745,0.7473174,0.7585078,0.7709416,0.7650381,0.664068,0.71029264,0.6897448,0.69542354,0.69096845,0.6346787,0.63727
3218,0.7792073,0.7611353,0.7674956,0.78252697,0.7720898,0.66647714,0.71920186,0.6901043,0.6951121,0.6940621,0.6312128,0.6318686
3219,0.7772051,0.75730234,0.769452,0.78620064,0.7710856,0.6674638,0.7161366,0.6882018,0.6893739,0.6948242,0.62432426,0.62053657
3220,0.7710929,0.7496032,0.7688122,0.78544945,0.76918834,0.6655375,0.7130986,0.6845093,0.6854079,0.6965049,0.61867213,0.61112285
3221,0.79309285,0.76852363,0.7778374,0.7957375,0.7796197,0.663314,0.7289588,0.68268764,0.6910681,0.70101,0.61841244,0.6122809
3222,0.77304316,0.7496887,0.77310044,0.7931139,0.77160853,0.66196316,0.7152606,0.6793021,0.6807198,0.69796455,0.609273,0.59738314
3223,0.77444226,0.7496587,0.7737493,0.79319084,0.77351075,0.65779084,0.7191665,0.675094,0.68250144,0.7007134,0.60722417,0.59482986
3224,0.75345993,0.729986,0.7670945,0.78671783,0.7658775,0.6535946,0.70776147,0.67075694,0.6756186,0.69885594,0.60115033,0.58468497
3225,0.7432561,0.7201913,0.7628161,0.78129303,0.76307696,0.6478654,0.7051532,0.66595846,0.67527354,0.69951165,0.59905905,0.5816766
3226,0.7599908,0.73664385,0.7681842,0.7882344,0.7711331,0.6437594,0.7184581,0.66349876,0.6820814,0.70120543,0.6005587,0.5866923
3227,0.7471462,0.7255972,0.76478004,0.78740346,0.7660776,0.6425359,0.7095857,0.661989,0.6763161,0.69764525,0.5956802,0.57940936
3228,0.6831308,0.6644106,0.7410787,0.7593175,0.7385406,0.63688636,0.6710236,0.65566796,0.657839,0.6917495,0.58562285,0.5603989
3229,0.6447651,0.62720674,0.7232204,0.73336196,0.72452676,0.6256191,0.6556794,0.6482937,0.6555817,0.6929566,0.5866485,0.5594344
3230,0.6119541,0.5979393,0.70806235,0.7130671,0.7135572,0.61511475,0.6427453,0.6435181,0.6538815,0.6910994,0.58890367,0.5615637
3231,0.5740217,0.564593,0.69080025,0.6909484,0.6991021,0.6056649,0.624835,0.63938886,0.6496767,0.6866102,0.59021056,0.5628871
3232,0.5474881,0.5425212,0.6767806,0.6728579,0.68940634,0.5971514,0.6137149,0.636208,0.6501236,0.68307215,0.5943099,0.5693448
3233,0.53558403,0.53514427,0.668286,0.6628341,0.6858074,0.59125376,0.6100602,0.6351729,0.65442604,0.67965025,0.6002753,0.5796838
3234,0.52333474,0.52722216,0.6604552,0.6544245,0.6807562,0.5881704,0.6038589,0.6356835,0.65608287,0.67485404,0.60488117,0.5877141
3235,0.50734735,0.51474893,0.65124214,0.6437076,0.67304194,0.58616614,0.5945747,0.6363468,0.6553891,0.6701215,0.6085962,0.59351164
3236,0.4977125,0.5078357,0.64411944,0.6349904,0.6681872,0.5847397,0.58941436,0.6374385,0.6569463,0.66694325,0.61369294,0.6011947
3237,0.50392395,0.51623815,0.6432079,0.63430387,0.6704799,0.58532673,0.59324896,0.6401391,0.66318595,0.66519964,0.62084526,0.6127745
3238,0.49878192,0.51329315,0.63952416,0.6304184,0.6665928,0.5875474,0.5884345,0.6432394,0.6625885,0.66137236,0.6243815,0.61784744
3239,0.49256733,0.50833505,0.63502616,0.62430394,0.6621048,0.5892163,0.58366096,0.6454376,0.6620414,0.6589951,0.6278941,0.62239635
3240,0.49195293,0.50862914,0.63259983,0.62042683,0.6605237,0.59079736,0.582723,0.64779073,0.6634861,0.6577171,0.63236636,0.6284717
3241,0.5026124,0.5199033,0.6348261,0.6225848,0.6641456,0.5937631,0.58806807,0.65128213,0.66821575,0.65734804,0.63808566,0.63713837
3242,0.4981721,0.51640993,0.6327648,0.6196355,0.66046286,0.5972049,0.5833937,0.65431565,0.6657709,0.65493965,0.63981366,0.6388468
3243,0.50574607,0.5238183,0.6342995,0.6201656,0.6626525,0.60021967,0.58697855,0.65713614,0.6689365,0.65540844,0.6441826,0.64503276
3244,0.5618472,0.57776535,0.6541982,0.6440726,0.68652695,0.6078178,0.61836106,0.6646445,0.68760866,0.6602464,0.65556294,0.66502714
3245,0.5789731,0.5944918,0.6641638,0.6579223,0.6914165,0.6193122,0.62169486,0.67240644,0.6859765,0.65836453,0.6556362,0.665033
3246,0.6988491,0.70367867,0.70952535,0.711016,0.7403609,0.6350706,0.68943304,0.6868251,0.7194764,0.6723145,0.6721042,0.69732755
3247,0.64948756,0.6565688,0.70072883,0.7063817,0.71485615,0.65111625,0.64525837,0.6914345,0.68587315,0.6622783,0.6524662,0.6615173
3248,0.62286955,0.6255163,0.6907094,0.68744373,0.70267546,0.650359,0.63093936,0.6862093,0.6782661,0.66818684,0.64718306,0.6496421
3249,0.60494006,0.6061293,0.6840957,0.6744969,0.697264,0.64562076,0.625105,0.6824072,0.67420757,0.67218965,0.6457608,0.6441636
3250,0.5960475,0.59769285,0.68088514,0.66779417,0.69597185,0.64097804,0.6240467,0.67957544,0.6735552,0.6740924,0.6456281,0.6429472
3251,0.6039757,0.6063399,0.68394923,0.67049265,0.7015079,0.63851285,0.63152546,0.67879945,0.67800903,0.6757088,0.64760846,0.6468589
3252,0.59252775,0.5969598,0.6806223,0.66701543,0.69675314,0.636759,0.624777,0.677018,0.67332023,0.67297995,0.64418644,0.6421505
3253,0.57066894,0.57672143,0.67202944,0.6559616,0.6870026,0.6327419,0.6129235,0.6730406,0.6668424,0.67055124,0.64013726,0.63585156
3254,0.583701,0.5896719,0.6753217,0.65912217,0.69427425,0.63017297,0.6235576,0.6724362,0.67476755,0.67322266,0.64457077,0.6435245
3255,0.5808079,0.5883166,0.67498326,0.6601441,0.69350797,0.6301315,0.6214701,0.6730457,0.67340916,0.6711465,0.6439454,0.6429141
3256,0.5684629,0.57693213,0.67033535,0.654753,0.688062,0.629021,0.61419433,0.6719416,0.6699256,0.66946274,0.6422105,0.6400246
3257,0.5509528,0.56033987,0.66290116,0.6451397,0.680492,0.62593323,0.60507804,0.66960114,0.6657466,0.66802096,0.64063334,0.6368744
3258,0.5441937,0.55434376,0.65879035,0.6394468,0.6782771,0.622606,0.6032205,0.6680043,0.6664187,0.66792524,0.6420435,0.6387232
3259,0.5503674,0.56138486,0.6597532,0.6409519,0.6814837,0.621135,0.60797065,0.6681488,0.67054564,0.66782826,0.64503163,0.64394003
3260,0.5409829,0.553562,0.6560685,0.6374115,0.67687565,0.6206112,0.6018032,0.6680416,0.6673885,0.6649853,0.644026,0.64243233
3261,0.60370976,0.6134077,0.67749244,0.6638175,0.70457196,0.6246909,0.63945436,0.67350715,0.69040334,0.6716114,0.6560385,0.6646664
3262,0.63631344,0.64523053,0.69305027,0.6868231,0.71615684,0.6349395,0.6519508,0.68099296,0.69299024,0.66991127,0.6563044,0.6669566
3263,0.65969163,0.66547394,0.7043529,0.70196337,0.72329026,0.64419717,0.6598126,0.685609,0.6937224,0.6713245,0.65478873,0.66515934
3264,0.6731532,0.67540514,0.7118408,0.7111777,0.7272518,0.6509122,0.6637025,0.6883032,0.6921323,0.67387676,0.6521949,0.6602707
3265,0.6736517,0.67318046,0.714172,0.7134356,0.7265324,0.6542891,0.66172814,0.6883832,0.68778616,0.6759835,0.6479563,0.65229684
3266,0.70011914,0.6955362,0.7251481,0.72522026,0.73783505,0.6564627,0.67768484,0.68932354,0.6935455,0.6815848,0.648818,0.6541037
3267,0.7102565,0.7037334,0.7318772,0.73431736,0.74188066,0.6595801,0.6815615,0.6901567,0.6911932,0.6829204,0.6447778,0.64795583
3268,0.71883917,0.70998764,0.73724025,0.7409037,0.74538773,0.66117287,0.68561167,0.6894682,0.69002384,0.6852369,0.6409461,0.6423507
3269,0.7453209,0.7329806,0.7487656,0.75478745,0.7564995,0.66262937,0.7012559,0.6896821,0.6944695,0.68940824,0.6398461,0.64222866
3270,0.71797603,0.70644593,0.74195755,0.74898165,0.74464554,0.66284484,0.6820462,0.6863865,0.68042624,0.6861708,0.6287513,0.6236886
3271,0.67308956,0.6621388,0.72543097,0.7272015,0.7262156,0.65579844,0.65789694,0.67801887,0.6677457,0.6850606,0.6195309,0.60740584
3272,0.6485093,0.6382361,0.7145008,0.7109352,0.7183676,0.64562863,0.6500473,0.670498,0.6656465,0.6867144,0.6178359,0.60365736
3273,0.6266561,0.61904776,0.7049902,0.6987001,0.71142423,0.6364941,0.64228624,0.66474885,0.6632712,0.68522835,0.6163645,0.6014481
3274,0.59977555,0.595639,0.6931364,0.68435943,0.7009676,0.62786806,0.62996906,0.65897876,0.6587529,0.6815332,0.61389226,0.59821904
3275,0.5827831,0.58170164,0.6841384,0.6734841,0.6947141,0.6201526,0.62358177,0.65441906,0.6584848,0.6789404,0.61427623,0.5997604
3276,0.6340726,0.63314825,0.70057064,0.69517803,0.7191525,0.61895174,0.65803534,0.6568729,0.68102556,0.68325645,0.62562597,0.6224934
3277,0.61653537,0.6190936,0.6966294,0.6958055,0.71015245,0.62270564,0.64207935,0.65952426,0.67048496,0.6750172,0.62009317,0.61401325
3278,0.59607905,0.5987836,0.6878112,0.68465966,0.70023996,0.62165636,0.62947017,0.6576873,0.6657018,0.6734898,0.61831623,0.6100886
3279,0.5758635,0.5790737,0.6785522,0.6721035,0.69196546,0.6180859,0.61953,0.65575665,0.6624898,0.6728374,0.61876315,0.6088474
3280,0.564065,0.56839556,0.67211735,0.6632416,0.6878448,0.6142147,0.615179,0.65438783,0.662767,0.6723462,0.6211544,0.6115415
3281,0.5558133,0.5618856,0.6672997,0.6571744,0.68492347,0.6113494,0.61200064,0.65383,0.66340494,0.6708254,0.62353843,0.61496204
3282,0.5391381,0.5472891,0.6596317,0.6477478,0.6776694,0.60878825,0.6029813,0.6530904,0.6604181,0.66787815,0.62414134,0.61534023
3283,0.524934,0.53481245,0.6522308,0.63806516,0.671569,0.6057995,0.5960711,0.6521574,0.65915525,0.66588825,0.62592506,0.6175123
3284,0.5225699,0.53403175,0.64905906,0.63392377,0.67085534,0.6037701,0.5960922,0.65235144,0.66194385,0.66481453,0.62982047,0.62352216
3285,0.5261153,0.5391464,0.64874065,0.6340615,0.67218,0.6037722,0.5982189,0.6538486,0.6651872,0.6632652,0.63361436,0.6298277
3286,0.5141659,0.5288451,0.64347196,0.6279949,0.66587216,0.6041414,0.5901635,0.6547679,0.6616412,0.6599821,0.63391507,0.62976897
3287,0.50802267,0.52344984,0.6393599,0.62221736,0.6625162,0.60357857,0.5868695,0.6551195,0.6615946,0.65894127,0.6362136,0.632694
3288,0.51364744,0.5296994,0.6397853,0.62240815,0.6646959,0.6040603,0.5903681,0.6567383,0.66528904,0.6587411,0.64039457,0.6390278
3289,0.5133778,0.53038275,0.63900065,0.6216253,0.6636298,0.60561574,0.58912146,0.65858305,0.6652006,0.65699685,0.64225125,0.64167297
3290,0.50596344,0.5236238,0.6355337,0.6169097,0.6592971,0.6065237,0.5839888,0.6594856,0.66280234,0.6553495,0.642847,0.64189696
3291,0.50221896,0.52021015,0.63286614,0.6126901,0.6569086,0.6065626,0.581857,0.6599573,0.6624121,0.65476763,0.64452475,0.64382505
3292,0.5105428,0.52877104,0.634502,0.61418223,0.6597147,0.60728383,0.5864588,0.6611162,0.6657623,0.6547622,0.64776033,0.64894855
3293,0.5110824,0.52996904,0.63445026,0.61416423,0.6587443,0.60907906,0.58538115,0.6625912,0.6649138,0.6531953,0.6485282,0.6500422
3294,0.5443755,0.5621468,0.6453387,0.62733734,0.671598,0.6125917,0.60329354,0.6654346,0.67540485,0.65528584,0.65426505,0.66064644
3295,0.5321026,0.5507008,0.6431091,0.62561995,0.66439104,0.6173058,0.5922302,0.6677737,0.6667201,0.65167665,0.65021753,0.6534786
3296,0.53716415,0.5541929,0.64449745,0.625427,0.6660002,0.61913306,0.5950148,0.6685389,0.6686747,0.65403986,0.65189606,0.65543157
3297,0.530376,0.547228,0.6424998,0.62204725,0.6627302,0.6200345,0.5906808,0.66894376,0.6652554,0.6538085,0.65088266,0.6528138
3298,0.6937896,0.69859546,0.7011378,0.6918006,0.73311186,0.63287115,0.68828374,0.6850613,0.7193269,0.6733836,0.67784446,0.7051608
3299,0.7362227,0.73940307,0.72831535,0.73356366,0.74595517,0.65796703,0.695446,0.700855,0.7095159,0.6684058,0.6697431,0.6931937
3300,0.68823117,0.6898702,0.7168307,0.7210674,0.72189134,0.6684189,0.6564979,0.698667,0.68341684,0.6656992,0.6505709,0.659272
3301,0.64580536,0.6437939,0.7017488,0.69622934,0.70512116,0.6635298,0.63538945,0.6906785,0.67146933,0.67113864,0.6422098,0.641627
3302,0.611817,0.60926515,0.6888084,0.6751867,0.6941156,0.65363497,0.6228842,0.6828226,0.6644236,0.6744745,0.63818526,0.63211125
3303,0.5864029,0.5857214,0.67866707,0.6598365,0.6869417,0.6434418,0.6149584,0.67611825,0.6609574,0.6751249,0.63618356,0.62796575
3304,0.6194687,0.61930525,0.6894244,0.6723158,0.70502746,0.63866585,0.6402403,0.67537916,0.67730236,0.6797758,0.643971,0.6427912
3305,0.61942685,0.6222864,0.6919929,0.6790508,0.7060405,0.63934267,0.6387874,0.67649484,0.6750862,0.67567015,0.64129907,0.6403629
3306,0.6437707,0.64575106,0.7014762,0.69179976,0.7169195,0.64106554,0.6530255,0.677983,0.6831974,0.67773855,0.6437988,0.64651734
3307,0.63620055,0.63876295,0.7007954,0.6934024,0.7133011,0.64307755,0.6459968,0.6783908,0.6775879,0.6753242,0.6394649,0.6395439
3308,0.63528365,0.63674515,0.70071185,0.6931709,0.7132635,0.6427416,0.645841,0.6773969,0.6776727,0.6767408,0.6385282,0.63770187
3309,0.64154905,0.64213437,0.7031476,0.6964007,0.7163183,0.6420469,0.65017813,0.6767522,0.67951524,0.6780598,0.6384976,0.6377935
3310,0.6946533,0.6915093,0.72309434,0.72127587,0.7392351,0.64518917,0.68226886,0.680655,0.69521683,0.68380636,0.6448478,0.6510618
3311,0.7319603,0.72600335,0.7406025,0.7463039,0.75335294,0.6533981,0.6991279,0.6863836,0.69836986,0.6845426,0.6436039,0.6514625
3312,0.7537006,0.74401796,0.7521024,0.7626602,0.76037437,0.6608868,0.7064282,0.68941796,0.69678813,0.6860595,0.639154,0.64521927
3313,0.78778267,0.7722082,0.7674466,0.7816273,0.7733971,0.666672,0.72375464,0.692164,0.7003216,0.69126856,0.637473,0.64343816
3314,0.7967242,0.7777515,0.7744078,0.7920347,0.7759895,0.6712172,0.72482926,0.69254494,0.69467664,0.692769,0.6303025,0.6316151
3315,0.8360794,0.810422,0.79118425,0.811383,0.7919177,0.67397803,0.74789244,0.69366294,0.700825,0.69961756,0.62947285,0.6318972
3316,0.82405174,0.7975614,0.7910103,0.81482154,0.78644055,0.6764772,0.7360907,0.69152296,0.68855083,0.6979679,0.6178455,0.61239743
3317,0.8619846,0.82902765,0.80607146,0.8306795,0.80246687,0.675546,0.76116216,0.6900861,0.6971201,0.7056909,0.61811227,0.6149801
3318,0.87274134,0.83765644,0.8140437,0.8435679,0.80724776,0.67751396,0.7648078,0.6897941,0.69217026,0.70598966,0.61083394,0.60401046
3319,0.87184685,0.83474004,0.81655824,0.8483875,0.80757964,0.6771671,0.76312464,0.6866536,0.68735296,0.70719147,0.60321593,0.5920019
3320,0.86847603,0.82971287,0.81732327,0.8502123,0.807669,0.67433304,0.7623174,0.6823722,0.6842016,0.70904326,0.5970714,0.5820805
3321,0.8390673,0.80146056,0.8082805,0.8412972,0.7972731,0.6692317,0.7461058,0.67576927,0.67475355,0.70780605,0.5876901,0.56583786
3322,0.8380145,0.79935426,0.80784035,0.8396406,0.7998073,0.6618552,0.7516438,0.67001164,0.6782405,0.71133935,0.5865688,0.56458527
3323,0.78125733,0.7469831,0.78828955,0.81927085,0.7778483,0.6544352,0.71899915,0.66252065,0.6619818,0.7056292,0.5750919,0.54421204
3324,0.71460617,0.6835593,0.76136553,0.7842663,0.7512952,0.64091974,0.6856962,0.65129334,0.6496784,0.7030357,0.56813407,0.53044695
3325,0.6591478,0.63181424,0.73707306,0.7510582,0.7311736,0.62494177,0.6624869,0.6416333,0.64440143,0.7017633,0.56787336,0.5276067
3326,0.6212395,0.5990628,0.7187348,0.7267101,0.7190065,0.6104868,0.64909464,0.63475883,0.6451243,0.6994449,0.5716163,0.53312886
3327,0.5819136,0.5659679,0.7001594,0.70380086,0.7048701,0.59890175,0.6316055,0.63018507,0.6432706,0.69385684,0.5745289,0.5380856
3328,0.5492179,0.53915983,0.6832132,0.68293405,0.6926235,0.5892529,0.61688024,0.626825,0.64343303,0.68842196,0.5790247,0.545855
3329,0.5309161,0.5264518,0.67131644,0.669014,0.6862553,0.5821581,0.6097254,0.6253492,0.6476222,0.6836975,0.58568674,0.5576557
3330,0.5221228,0.5228091,0.6636212,0.6612185,0.68323827,0.5784892,0.60630023,0.6261022,0.6528037,0.67880327,0.5927309,0.5703229
3331,0.5044473,0.5095208,0.6534237,0.65001816,0.67478704,0.57694983,0.59555745,0.6276932,0.65232724,0.67272776,0.5973896,0.5778464
3332,0.49413446,0.50242025,0.6453784,0.6403601,0.66939336,0.57593346,0.58973664,0.6293125,0.6545986,0.66888666,0.6036193,0.58747
3333,0.49465504,0.505704,0.64181656,0.6364003,0.6688103,0.57653594,0.5899726,0.63215226,0.65944165,0.6660229,0.61094815,0.59907234
3334,0.49793428,0.511262,0.640387,0.6352205,0.66898143,0.5792593,0.5906557,0.63616145,0.6632592,0.66309977,0.6174704,0.6092643
3335,0.49041972,0.5055027,0.6356576,0.62923545,0.6636266,0.582329,0.58425915,0.63966036,0.66181254,0.6595796,0.62131953,0.61416274
3336,0.48837903,0.50440764,0.632434,0.62407,0.6610585,0.5846517,0.5822037,0.6425317,0.66300786,0.6580877,0.6263686,0.62088007
3337,0.4919011,0.50879705,0.631781,0.622224,0.6612819,0.58749616,0.58339083,0.64595455,0.6654961,0.65704066,0.6317815,0.6284232
3338,0.5001062,0.5176278,0.6335493,0.62355024,0.66357917,0.59147775,0.58681476,0.6500215,0.6687252,0.6563186,0.63707227,0.6361073
3339,0.5051987,0.5231264,0.6348698,0.6242851,0.6642429,0.5960408,0.5878418,0.65401644,0.6697944,0.65534824,0.64082897,0.6412004
3340,0.5450935,0.5615181,0.64889365,0.6404981,0.68084264,0.60316026,0.6096279,0.6605755,0.68312377,0.6587961,0.65009886,0.65673333
3341,0.57377017,0.58901435,0.66177607,0.65672636,0.6913417,0.61381364,0.6214976,0.6685891,0.6875686,0.6592737,0.653995,0.6631595
3342,0.8157768,0.805953,0.7509541,0.7615147,0.78859794,0.63715637,0.76471436,0.6967665,0.75389653,0.6862888,0.6862313,0.73364115
3343,0.7170337,0.7168437,0.7318057,0.7558966,0.73929393,0.66784483,0.67372894,0.7036123,0.6894728,0.6634088,0.6471197,0.66160166
3344,0.6811512,0.6736724,0.7174049,0.726729,0.7229704,0.6659882,0.65494007,0.6938725,0.68211657,0.67436594,0.6399817,0.64492273
3345,0.63768107,0.62922865,0.70215625,0.7009923,0.7081547,0.65783876,0.63643837,0.68670994,0.67066336,0.6785897,0.6349365,0.63062274
3346,0.6033316,0.5966342,0.6886566,0.67895406,0.69687104,0.6467821,0.62390935,0.6784614,0.66429216,0.6799392,0.6320082,0.62328845
3347,0.58320975,0.57978714,0.6799943,0.66534215,0.6916704,0.63676816,0.6187571,0.67223054,0.6631542,0.67962545,0.6318352,0.62253404
3348,0.59127396,0.5907657,0.68183655,0.667125,0.69839704,0.6310243,0.62826806,0.6701147,0.67093563,0.6800794,0.63599026,0.6306693
3349,0.6165457,0.6179468,0.69149065,0.6808923,0.7109551,0.6310897,0.64418685,0.672107,0.6807292,0.67993635,0.64044404,0.64057845
3350,0.59767115,0.60188496,0.6864725,0.6774878,0.70220286,0.632353,0.6301621,0.67225814,0.67226046,0.6744585,0.63550735,0.63287085
3351,0.606613,0.6101468,0.68865126,0.67952234,0.7064992,0.6317731,0.63665015,0.6719725,0.67777234,0.67656875,0.6384439,0.6377553
3352,0.58971334,0.5945428,0.6828866,0.6733332,0.69902956,0.6310387,0.6259686,0.6712349,0.67162853,0.67379653,0.6357249,0.6323836
3353,0.57288396,0.5783244,0.6755775,0.66346383,0.6919732,0.6280173,0.6174498,0.6689122,0.66839325,0.67302525,0.634862,0.62993133
3354,0.55782574,0.56438804,0.6685153,0.6539503,0.68605137,0.6240226,0.6106879,0.6666248,0.6662713,0.6720475,0.6350415,0.6292884
3355,0.5606062,0.56811017,0.66780394,0.6527709,0.688249,0.62135845,0.61444086,0.6660862,0.67054135,0.6723359,0.63850737,0.6348926
3356,0.57721543,0.5854214,0.67322356,0.66043264,0.69590515,0.622071,0.62443835,0.6681359,0.6773712,0.6724547,0.6427978,0.64282405
3357,0.58986795,0.5984464,0.6783997,0.66839474,0.7007112,0.6253493,0.629878,0.67106754,0.6802872,0.6714503,0.6445895,0.6465634
3358,0.6551289,0.6596367,0.7026097,0.69874406,0.7278719,0.6326456,0.66691077,0.67818964,0.6996376,0.67732024,0.6538205,0.6649048
3359,0.69499856,0.6964569,0.7215517,0.72541696,0.7419346,0.6449271,0.68287075,0.6865913,0.70216185,0.67759836,0.6534252,0.6659437
3360,0.712534,0.7100437,0.7316397,0.73916066,0.7463714,0.6548736,0.68632936,0.6907867,0.69877934,0.6791338,0.6491101,0.6587216
3361,0.84868443,0.8287779,0.78337467,0.7978182,0.7999972,0.6669505,0.7668767,0.7043422,0.7307821,0.6970364,0.66321427,0.6887379
3362,0.8945551,0.86781037,0.80990833,0.83724815,0.813413,0.6874357,0.7773035,0.7159502,0.7186131,0.69613934,0.65203995,0.67089987
3363,0.8577657,0.8293634,0.8022942,0.8321477,0.7949803,0.6960392,0.7436895,0.71119237,0.6944287,0.6942023,0.63049304,0.6330014
3364,0.8503754,0.81638795,0.8010673,0.82571554,0.79336625,0.6920815,0.7427142,0.703637,0.6913074,0.70256275,0.6233743,0.6188491
3365,0.83899933,0.8035549,0.7993393,0.8222444,0.7914048,0.68611926,0.74002653,0.6968668,0.6860003,0.7060125,0.61581457,0.6051912
3366,0.81704736,0.7825763,0.79322815,0.8148372,0.78493565,0.67863595,0.73089916,0.6887698,0.6791434,0.70644915,0.60717136,0.59107405
3367,0.8231014,0.78805804,0.7961101,0.81741005,0.790332,0.6709769,0.74050677,0.68262726,0.68288034,0.70960504,0.60498697,0.58941406
3368,0.79198384,0.76044834,0.7865499,0.8090351,0.77901465,0.6646327,0.7232104,0.6757545,0.67240167,0.7053409,0.5950941,0.5740341
3369,0.7795178,0.74901557,0.7813415,0.8025021,0.7760189,0.6563022,0.7210085,0.66860634,0.67280763,0.7061116,0.5921752,0.57045573
3370,0.7805054,0.7512031,0.781355,0.8037357,0.77848786,0.64979583,0.72588605,0.66413456,0.6757871,0.7062006,0.5912392,0.57098323
3371,0.7621906,0.7353545,0.77511394,0.7991184,0.7720629,0.64518887,0.71615696,0.6602548,0.6711475,0.7029134,0.58660007,0.5643375
3372,0.7007759,0.6774025,0.7520199,0.77230996,0.7466767,0.63758194,0.6808313,0.65327495,0.6554098,0.69719887,0.5777801,0.5478982
3373,0.66775924,0.6461159,0.7361606,0.7499545,0.73547596,0.6259612,0.66914254,0.64599556,0.6556651,0.6981602,0.57964295,0.5492051
3374,0.6225715,0.6051967,0.716726,0.725388,0.71863353,0.6151284,0.6478049,0.6406951,0.6495364,0.69407326,0.5794795,0.5472864
3375,0.5840545,0.5710318,0.69842935,0.70150846,0.7043367,0.6044286,0.63075715,0.63581884,0.64731604,0.6905575,0.58211046,0.5506176
3376,0.56253475,0.55426407,0.68599117,0.6858381,0.6975132,0.59560955,0.6233115,0.6329425,0.6506571,0.6874385,0.5878018,0.5600587
3377,0.54189175,0.5386959,0.6745245,0.67260045,0.6898284,0.58965176,0.61379755,0.631934,0.6517912,0.6823395,0.59244347,0.56807923
3378,0.5197683,0.5210393,0.6623819,0.65821207,0.68034893,0.58521956,0.6022012,0.6314972,0.6513476,0.67705554,0.5966496,0.57489115
3379,0.5074046,0.512424,0.65354985,0.64765215,0.67506635,0.5820387,0.5964216,0.6319498,0.65410537,0.673288,0.6026767,0.5845678
3380,0.50911635,0.5174051,0.6504371,0.6447403,0.67579365,0.5813707,0.598115,0.63419455,0.6603082,0.67041945,0.6101267,0.59706724
3381,0.49891007,0.5102057,0.6441806,0.63794243,0.6698727,0.58248377,0.59067327,0.6369316,0.65942144,0.6656045,0.61408013,0.60292447
3382,0.4915733,0.5047669,0.6384368,0.63048595,0.66513383,0.5833514,0.5857002,0.6390802,0.660042,0.6627741,0.61884534,0.6096203
3383,0.49312273,0.5078155,0.6362537,0.6273447,0.6647392,0.5849328,0.58619493,0.64199626,0.663364,0.66114,0.6248731,0.6184562
3384,0.5026603,0.5185198,0.63784736,0.6291778,0.6677609,0.588304,0.5906084,0.6460727,0.6681158,0.65992385,0.6311454,0.6281063
3385,0.4944598,0.51156986,0.63396186,0.62399703,0.6620454,0.591791,0.58348227,0.64925385,0.66472876,0.6567552,0.6330618,0.6298511
3386,0.49171236,0.5091483,0.63109636,0.61880773,0.65928054,0.5937926,0.58119,0.65133715,0.6648363,0.65603876,0.63663864,0.6341929
3387,0.50032735,0.5180235,0.63274527,0.6195628,0.6621364,0.5964628,0.58567625,0.65442693,0.66863954,0.65621835,0.64185417,0.6416772
3388,0.559775,0.57556564,0.6537819,0.6450739,0.68754387,0.60447776,0.6190196,0.66249144,0.6887024,0.6609537,0.6541132,0.6634935
3389,0.53466094,0.55222064,0.6483786,0.64014655,0.6728926,0.613129,0.59693694,0.66668606,0.67201215,0.6539148,0.6468297,0.6501116
3390,0.5704615,0.5843516,0.6592483,0.64988804,0.68606097,0.617248,0.6172209,0.66874325,0.68390745,0.65985733,0.65361965,0.6613981
3391,0.5523975,0.5667285,0.65537554,0.64496094,0.67674595,0.6222116,0.6030587,0.6712286,0.67256033,0.6568927,0.6490106,0.6518765
3392,0.55064994,0.5634045,0.65427285,0.64038116,0.6757187,0.62307006,0.60275346,0.67112494,0.67255586,0.6596244,0.6500312,0.6521366
3393,0.544196,0.55687046,0.6521962,0.63591605,0.6732919,0.62314177,0.5996983,0.67129797,0.6701891,0.6602242,0.65001124,0.6508566
3394,0.5453697,0.55802894,0.6525043,0.63468003,0.6743516,0.6230989,0.60133386,0.6716226,0.67124826,0.6613328,0.6514415,0.6526981
3395,0.55963254,0.57208073,0.6579101,0.64056695,0.68105954,0.62473637,0.6098716,0.67354906,0.67616296,0.6629247,0.65455455,0.65802
3396,0.5703103,0.5827255,0.66294855,0.64691585,0.6853973,0.62794214,0.614643,0.6759463,0.6779292,0.6631081,0.6554834,0.6599934
3397,0.556132,0.56903887,0.6589192,0.6418452,0.6782663,0.6292856,0.6047066,0.6756368,0.6709569,0.66120505,0.651595,0.6533574
3398,0.5521907,0.5644935,0.65695506,0.6377843,0.67675024,0.62837315,0.60345966,0.6746384,0.6705918,0.66259515,0.6517248,0.6529322
3399,0.55231607,0.56467664,0.6567812,0.6368039,0.6772611,0.62762886,0.60439044,0.67441136,0.6711051,0.663201,0.65239817,0.6537238
3400,0.5885703,0.5993927,0.6699715,0.6527728,0.69373477,0.63050103,0.62595576,0.6779955,0.6837051,0.66720706,0.65896904,0.6655997
3401,0.5589562,0.5717964,0.66210437,0.64505816,0.6796488,0.6329578,0.60497993,0.67804646,0.6691588,0.6616495,0.6507403,0.6518472
3402,0.54567003,0.557651,0.6559616,0.6351535,0.674024,0.6301393,0.5991763,0.6750728,0.66703904,0.6632644,0.64973265,0.6493514
3403,0.55666035,0.5681874,0.65889454,0.6377108,0.6800999,0.62848246,0.60782486,0.67507297,0.6728698,0.6657554,0.65348387,0.65512866
3404,0.57435507,0.58595175,0.6658883,0.6470944,0.6881923,0.6303185,0.6177426,0.6773818,0.6782429,0.6664354,0.65621823,0.66042924
3405,0.6409307,0.6487668,0.691344,0.67913073,0.7165881,0.63797903,0.6551491,0.6850087,0.697924,0.6724208,0.66538167,0.6785463
3406,0.6710949,0.6768988,0.7073157,0.70228064,0.7268767,0.6496814,0.6651644,0.6922681,0.69762784,0.67184186,0.6629365,0.676073
3407,0.7935975,0.785334,0.75503623,0.758726,0.77486825,0.6645535,0.7338805,0.70603,0.72596705,0.68639576,0.6745081,0.70117736
3408,0.7629576,0.7555294,0.75346226,0.7655753,0.75800925,0.6804126,0.69938236,0.70933896,0.6964938,0.6785956,0.65327686,0.66396487
3409,0.88071877,0.85421985,0.7970125,0.8097986,0.80377305,0.6873019,0.7712688,0.7163363,0.7254493,0.69983953,0.6643378,0.6866446
3410,0.841756,0.8176565,0.79224265,0.81389713,0.7855222,0.6980187,0.73387,0.7153824,0.69370234,0.6916663,0.63967,0.6436964
3411,0.82574624,0.79717326,0.78811747,0.80501115,0.7798312,0.6942828,0.72635007,0.7064229,0.68791556,0.698183,0.62959856,0.6261188
3412,0.8233321,0.79225904,0.7893432,0.8043449,0.7820146,0.68788105,0.7302064,0.6998852,0.6863666,0.70338583,0.6239862,0.6162357
3413,0.79308695,0.76379347,0.7808135,0.79520404,0.77225566,0.6805137,0.7153947,0.69157076,0.6761196,0.70221144,0.6131969,0.5986321
3414,0.8279587,0.7952663,0.79374635,0.80878896,0.7900064,0.67352587,0.7438736,0.6874522,0.68942547,0.70943254,0.6160629,0.6066576
3415,0.79644597,0.7678689,0.78571033,0.8050452,0.77795815,0.6700405,0.7230999,0.6820699,0.67480206,0.70270526,0.60302013,0.5864885
3416,0.7833793,0.7549882,0.7806023,0.7987797,0.77426267,0.6626229,0.7195347,0.67455286,0.6740459,0.70382786,0.59855527,0.5803481
3417,0.7709692,0.7438859,0.7760587,0.794603,0.7711797,0.6555084,0.7160497,0.66876084,0.67251116,0.7033041,0.59487695,0.57518715
3418,0.7665618,0.7406231,0.7740254,0.79363066,0.770912,0.6493663,0.7168345,0.6639817,0.6735247,0.70281804,0.5927913,0.57343125
3419,0.756558,0.7322393,0.7702343,0.7913029,0.76779944,0.6445844,0.7127101,0.6600867,0.67191434,0.70088327,0.5897537,0.5697301
3420,0.7895197,0.7633676,0.7818849,0.80637103,0.78349197,0.64216816,0.73638564,0.65997434,0.68454796,0.70443434,0.59442604,0.5809737
3421,0.73125947,0.70943177,0.7626341,0.7888718,0.75803256,0.6411067,0.6964115,0.6566811,0.66257477,0.694795,0.5811982,0.5573303
3422,0.684216,0.6629663,0.7424136,0.7610969,0.73912495,0.6317975,0.6734449,0.6488686,0.65591145,0.69493246,0.57851946,0.5500734
3423,0.6391742,0.6204712,0.72271776,0.7343281,0.7226581,0.6203603,0.6536034,0.6425892,0.6507676,0.6937048,0.57891285,0.5477325
3424,0.59986895,0.58510464,0.704495,0.7099444,0.7085176,0.6090595,0.63683414,0.63730973,0.64808285,0.6910389,0.5812232,0.5498883
3425,0.5773046,0.5671502,0.69202226,0.69381195,0.7015351,0.59970564,0.6292422,0.6339451,0.65095913,0.68829525,0.58638805,0.5583247
3426,0.54755557,0.54255444,0.6775782,0.67641103,0.6899977,0.59276205,0.61453617,0.6321523,0.64891225,0.6826526,0.58944225,0.5632253
3427,0.53769636,0.5369324,0.66953534,0.66678786,0.68699366,0.5876484,0.6118223,0.6314782,0.6543009,0.67959464,0.59614015,0.57482463
3428,0.5315933,0.5349426,0.6639135,0.6612418,0.6846253,0.5855888,0.60905457,0.6328181,0.65801126,0.6753231,0.60192144,0.5849426
3429,0.5204323,0.5270753,0.6569219,0.6535792,0.6789931,0.58521926,0.60196614,0.6346822,0.6583757,0.6707941,0.6062457,0.5917851
3430,0.50568056,0.51481676,0.64842105,0.64298546,0.67142844,0.58477384,0.5929594,0.6361763,0.657264,0.66703904,0.6102221,0.5971302
3431,0.49792087,0.5091046,0.6422213,0.63472354,0.6671922,0.5843093,0.58872324,0.63778013,0.6587404,0.6646556,0.61554956,0.60464567
3432,0.50873345,0.52159864,0.6432904,0.63599056,0.6714038,0.58585966,0.59510463,0.64104575,0.66587543,0.6637174,0.62316895,0.6168816
3433,0.5025005,0.51730055,0.6398687,0.63209987,0.66695416,0.58899015,0.5892524,0.6445871,0.6639643,0.6599668,0.6260553,0.6205889
3434,0.49575835,0.5114488,0.6354729,0.6255321,0.6623469,0.59092575,0.58430064,0.64679813,0.66301185,0.65817136,0.62935305,0.6245264
3435,0.49490887,0.51132023,0.633169,0.6213726,0.6608173,0.5924792,0.58343005,0.6490569,0.6642006,0.6572965,0.6336537,0.6301793
3436,0.51040024,0.5272432,0.63712716,0.62543696,0.66644555,0.59555095,0.59161973,0.6524986,0.6702537,0.65743905,0.6397354,0.63977575
3437,0.5652826,0.58053005,0.65717417,0.6502205,0.68974525,0.6043116,0.621712,0.6609746,0.68806416,0.6612458,0.65081865,0.6595929
3438,0.5634285,0.5791451,0.6599028,0.6551573,0.6855966,0.6146889,0.6133954,0.6670659,0.67980015,0.6570921,0.64780176,0.6537629
3439,0.6620296,0.6692775,0.6961996,0.69666916,0.72677416,0.6270325,0.6702458,0.6782995,0.7101028,0.6698821,0.6635274,0.6829519
3440,0.8477702,0.8344603,0.7703854,0.7862663,0.7981493,0.65363985,0.772765,0.7056317,0.7471248,0.6868466,0.6813012,0.7234381
3441,0.785351,0.7761705,0.7615122,0.7891506,0.76523113,0.6811072,0.7076975,0.71103007,0.69861215,0.6728507,0.6488873,0.6642222
3442,0.71646714,0.7028798,0.7374055,0.75210136,0.73533976,0.67894167,0.6669467,0.6990861,0.6779068,0.6784433,0.63247555,0.63227546
3443,0.6688081,0.6533395,0.71929115,0.72094357,0.7197042,0.6666193,0.6492049,0.6883353,0.6689688,0.68524283,0.62764734,0.6185723
3444,0.6386884,0.6251274,0.7075583,0.7012581,0.71234465,0.65371233,0.64156777,0.67996323,0.6660492,0.68801713,0.62649435,0.61410177
3445,0.60118365,0.5922237,0.6934018,0.6817437,0.70049614,0.64199877,0.62663007,0.6725609,0.6597161,0.6855081,0.62333333,0.6085224
3446,0.5712147,0.56681406,0.6805392,0.6644831,0.69094485,0.63086987,0.6154762,0.6658803,0.6570704,0.6828947,0.62256515,0.607648
3447,0.54806304,0.548274,0.6696381,0.65089315,0.6835218,0.6213721,0.6069829,0.66088194,0.65623623,0.67958015,0.62329966,0.6095119
3448,0.5463464,0.5503864,0.6661424,0.64760625,0.684713,0.61502284,0.6096842,0.6584943,0.662026,0.6774805,0.6274443,0.6177092
3449,0.5786507,0.5847442,0.6762455,0.66275615,0.7000802,0.6149485,0.6300368,0.6612235,0.6768009,0.67757833,0.6356342,0.6339791
3450,0.5570568,0.56648564,0.66949624,0.65818524,0.6890177,0.61718553,0.6132568,0.6628002,0.6672944,0.67012906,0.63160276,0.6274772
3451,0.55284315,0.5623029,0.66573113,0.65308905,0.686454,0.61640227,0.6111729,0.66226757,0.66896755,0.6701213,0.63394535,0.6306046
3452,0.5780266,0.58689535,0.67342645,0.66294664,0.6976888,0.61793673,0.62657666,0.66518515,0.6794045,0.67226547,0.6408859,0.6421383
3453,0.62894374,0.63579386,0.6927239,0.6885102,0.71875834,0.62508905,0.654251,0.67223954,0.6937718,0.6749309,0.6484248,0.65680873
3454,0.6764364,0.67994493,0.7132806,0.7163544,0.7364181,0.6368341,0.67608035,0.68094254,0.701283,0.676522,0.651299,0.6635645
3455,0.7647368,0.75875527,0.74894977,0.76040184,0.76968616,0.6514926,0.7223603,0.6924646,0.71805805,0.6846241,0.65757906,0.6780674
3456,0.77832013,0.7683435,0.7608425,0.7794804,0.7711151,0.667141,0.71783453,0.69923294,0.70559174,0.6834484,0.6475321,0.6602885
3457,0.78096384,0.7655131,0.76482135,0.78311706,0.76966393,0.67325413,0.7143691,0.69830334,0.6984427,0.6876602,0.6394435,0.6453247
3458,0.7806023,0.7609037,0.76732606,0.7841843,0.7698516,0.674317,0.7138769,0.69606113,0.69379044,0.69252646,0.63357997,0.6337544
3459,0.74745274,0.7275251,0.75766873,0.77175164,0.75723034,0.67104214,0.69497895,0.69015414,0.68113387,0.69270813,0.62338835,0.6150269
3460,0.7070048,0.6878656,0.7430965,0.7513045,0.74252784,0.6622467,0.6759555,0.6814458,0.6714854,0.693313,0.61593604,0.6011655
3461,0.6697159,0.6526863,0.72849333,0.73077655,0.73004013,0.6509647,0.6609191,0.6729953,0.66546386,0.6933242,0.61196285,0.59351397
3462,0.6405374,0.6268163,0.715914,0.7137828,0.7205694,0.6395408,0.6503863,0.6654712,0.6626269,0.6919478,0.61029303,0.5908727
3463,0.6168914,0.6070999,0.70520437,0.70042145,0.71303207,0.6298152,0.64179826,0.6598506,0.66139,0.6893261,0.6100182,0.5911951
3464,0.6105894,0.6042675,0.7004626,0.6953552,0.71232873,0.6226704,0.6423061,0.6564416,0.6654495,0.68738496,0.6125322,0.59703106
3465,0.5964656,0.59382707,0.69363415,0.6888925,0.7068055,0.6181111,0.6352842,0.65439194,0.664314,0.68298995,0.6126537,0.598495
3466,0.5866064,0.5865565,0.6876525,0.6826636,0.70250916,0.6144037,0.6306364,0.65263015,0.6649231,0.6799927,0.614048,0.6016121
3467,0.6321555,0.63188446,0.70193374,0.70170105,0.72275496,0.61502707,0.6596525,0.6554626,0.6835913,0.68301296,0.6237426,0.6211303
3468,0.68198097,0.6807104,0.72152287,0.7301035,0.7417964,0.62306786,0.6847781,0.66259754,0.69427055,0.6823926,0.62807566,0.6325632
3469,0.64093,0.6411993,0.70944726,0.71954256,0.7203285,0.62994623,0.65129495,0.66396016,0.6731406,0.6741289,0.6168442,0.6117507
3470,0.62688005,0.624728,0.7020801,0.7067613,0.7138686,0.6279881,0.64488727,0.66122776,0.67224985,0.67755246,0.6176412,0.6102433
3471,0.6039192,0.6021631,0.6926586,0.6932793,0.7049768,0.6243995,0.6336307,0.6593551,0.6672141,0.6773026,0.61730796,0.60682935
3472,0.5829389,0.5824553,0.6833148,0.67980886,0.69713527,0.61965847,0.62428445,0.6569565,0.6644056,0.6766573,0.61804724,0.60631424
3473,0.55516344,0.55703425,0.6712471,0.6634161,0.68601525,0.6141103,0.6106724,0.6541796,0.6593551,0.67415243,0.6179165,0.6047431
3474,0.5356932,0.5400347,0.6613828,0.6497778,0.6787067,0.6083181,0.60257846,0.6517367,0.65832436,0.67239475,0.6201257,0.6075149
3475,0.5206956,0.52796835,0.65319794,0.639152,0.672931,0.6035313,0.59622383,0.65023863,0.6580393,0.6697548,0.62273806,0.6114583
3476,0.5128352,0.52288854,0.64765596,0.6323768,0.6697932,0.60031474,0.5931619,0.6497996,0.6595608,0.6671637,0.62615925,0.61712724
3477,0.5164483,0.5287298,0.6466956,0.6318195,0.6713741,0.59949976,0.59582424,0.6510774,0.66408074,0.66531414,0.6309436,0.6253569
3478,0.5177195,0.5318575,0.6458496,0.6317295,0.6711643,0.6007663,0.5955657,0.65334177,0.66585046,0.6627659,0.63421565,0.6308004
3479,0.51406974,0.5293846,0.643307,0.6288832,0.6683427,0.60229445,0.592185,0.6551938,0.6653848,0.6605429,0.63635147,0.6337685
3480,0.50600255,0.5221377,0.6388954,0.62300223,0.66351146,0.6029022,0.58673716,0.65614784,0.6634503,0.65867794,0.6378109,0.6351557
3481,0.50134605,0.5180834,0.6355105,0.61798525,0.66065294,0.60299426,0.5840374,0.6570066,0.66326314,0.657741,0.64025307,0.6380809
3482,0.49787423,0.51539356,0.6328289,0.6140076,0.6584377,0.6032403,0.58195585,0.6580716,0.6631799,0.65663123,0.64263064,0.6410736
3483,0.5003026,0.5184518,0.6324317,0.6129704,0.658861,0.6041389,0.58313406,0.6596227,0.66497713,0.6560077,0.6457375,0.6455794
3484,0.51074904,0.5292381,0.63540953,0.6164234,0.66266584,0.60649246,0.5883095,0.6621782,0.6687609,0.65583783,0.64952224,0.6515786
3485,0.5429952,0.5606451,0.6469413,0.6307603,0.67570215,0.6119153,0.6051307,0.6670721,0.6787324,0.65757877,0.65584236,0.66265374
3486,0.5534147,0.57076603,0.65275335,0.63875407,0.6783436,0.61915714,0.60691553,0.67183274,0.6779256,0.6564119,0.6560999,0.66296685
3487,0.54907846,0.56550235,0.65189177,0.6368843,0.67407364,0.62295765,0.60149056,0.6727463,0.6731408,0.65580094,0.653684,0.6583731
3488,0.5503968,0.56563246,0.651448,0.6346758,0.6722822,0.62342334,0.6012027,0.6714248,0.67134494,0.6563094,0.652427,0.6560817
3489,0.6063165,0.6178935,0.67203695,0.65858006,0.69664794,0.6291514,0.6337183,0.6771691,0.6892024,0.66328496,0.6617502,0.6725969
3490,0.757535,0.75616163,0.7313126,0.7309168,0.758383,0.648091,0.7189879,0.6969488,0.7277331,0.6780592,0.6797882,0.7106764
3491,0.6900366,0.69329405,0.71850204,0.72577316,0.72506064,0.6668303,0.65928704,0.7002756,0.68457204,0.6640863,0.6519416,0.6618384
3492,0.6746775,0.6717164,0.7124446,0.71068245,0.71858275,0.66520077,0.65280116,0.6937895,0.68202215,0.6734614,0.64751494,0.6517865
3493,0.69312423,0.6862427,0.7204335,0.7163105,0.7296826,0.66319275,0.66855234,0.6930498,0.6881598,0.68164736,0.6499224,0.6536436
3494,0.66086715,0.6556718,0.71211874,0.70656556,0.7178969,0.6608995,0.6498931,0.68945485,0.6749401,0.67923754,0.640617,0.6374257
3495,0.6391292,0.63421756,0.70425254,0.6943581,0.71116936,0.65428287,0.64168096,0.68349427,0.67126197,0.68092734,0.6369724,0.63096327
3496,0.66424495,0.65843546,0.71300703,0.7037913,0.72515637,0.6500421,0.66182333,0.6821686,0.68296343,0.6859416,0.6417697,0.6401745
3497,0.64283997,0.64001614,0.7075774,0.7000417,0.7168326,0.64820504,0.6482418,0.68005997,0.6736137,0.6810583,0.6348602,0.6297265
3498,0.61391926,0.61244476,0.69664365,0.6862148,0.70544153,0.64284056,0.63337976,0.6749857,0.66685677,0.6794167,0.63020647,0.62196994
3499,0.6025903,0.60206485,0.69084454,0.6781546,0.70266914,0.6363841,0.63104284,0.67102164,0.6679161,0.6801224,0.6308637,0.6227588
3500,0.5903467,0.5919033,0.685273,0.6719342,0.69886184,0.6311834,0.6265013,0.6682316,0.66704345,0.6783638,0.63060814,0.6226092
3501,0.56888163,0.5728839,0.6759839,0.6611937,0.690008,0.6258915,0.6156155,0.6647699,0.66273266,0.6750564,0.62868905,0.61972743
3502,0.55688024,0.5627815,0.66911525,0.6529058,0.68522847,0.6204873,0.6109641,0.661613,0.6626923,0.6732519,0.6294098,0.6212112
3503,0.60938734,0.6146668,0.68562484,0.6745442,0.70849836,0.6203824,0.64407235,0.6639983,0.68352497,0.6771675,0.63972944,0.6416973
3504,0.69274116,0.69457793,0.7182816,0.718989,0.7420173,0.6311301,0.68912065,0.67456585,0.7040944,0.6801685,0.648276,0.66203254
3505,0.71360075,0.7136467,0.7313014,0.74092627,0.74606174,0.6455978,0.68961054,0.6820701,0.6970251,0.67636216,0.6418122,0.65257394
3506,0.75293154,0.746038,0.7480478,0.7611262,0.75927013,0.6553085,0.7074485,0.68653935,0.7014528,0.6820345,0.64124006,0.65219396
3507,0.7590515,0.7481123,0.75418866,0.7698818,0.7599878,0.6627614,0.70536447,0.68870866,0.6942013,0.68388605,0.6346266,0.6395894
3508,0.7691508,0.7534966,0.76034766,0.77602434,0.7640173,0.6657292,0.71011466,0.68846226,0.6927001,0.68880177,0.63086706,0.63223875
3509,0.77674013,0.7577263,0.76584744,0.7820929,0.7679867,0.6668843,0.7145122,0.6877142,0.6909058,0.69256383,0.6268994,0.625049
3510,0.77689207,0.75584245,0.7684745,0.7852714,0.7691486,0.66651034,0.7148945,0.68571985,0.68768513,0.69487214,0.62185156,0.61655384
3511,0.770515,0.748376,0.768157,0.7849419,0.7679147,0.6643408,0.7123095,0.6824707,0.6839984,0.6964167,0.6166168,0.6078979
3512,0.76185954,0.7393051,0.766308,0.78271025,0.7659486,0.6606244,0.70934755,0.67845815,0.681067,0.69755685,0.612081,0.60060555
3513,0.76442415,0.74119246,0.7681197,0.78495634,0.768991,0.656786,0.71394396,0.6753699,0.68253016,0.6995135,0.61020213,0.59846455
3514,0.8070622,0.7804277,0.78483534,0.8056327,0.7884057,0.6560153,0.7424505,0.67647237,0.6945881,0.7043947,0.61365134,0.6078921
3515,0.7420866,0.72042125,0.7644284,0.78722334,0.7597862,0.65548766,0.69717586,0.67143035,0.6678936,0.69390947,0.59585667,0.5772545
3516,0.6981978,0.6767979,0.7453998,0.7600239,0.74202675,0.6449416,0.6766971,0.66125226,0.66136104,0.69513243,0.5913903,0.56791526
3517,0.6556679,0.636848,0.7274654,0.73562574,0.7271292,0.63298696,0.65877545,0.65387464,0.65578604,0.6943013,0.59003925,0.5633092
3518,0.6169657,0.6020522,0.71025294,0.71281224,0.71349996,0.62121063,0.6425698,0.64743704,0.6521614,0.6917857,0.5903558,0.562744
3519,0.5782388,0.56803024,0.6925725,0.690064,0.69921845,0.61027133,0.62526137,0.64213455,0.648479,0.687677,0.5914396,0.5639365
3520,0.54974806,0.54432845,0.6778847,0.6714419,0.68899924,0.6006318,0.61350566,0.6381638,0.6485302,0.68382764,0.5949397,0.5696394
3521,0.52898186,0.5284394,0.666129,0.657442,0.68155175,0.59332824,0.60486937,0.6360748,0.65005296,0.6794525,0.5994328,0.5773378
3522,0.52564937,0.52939487,0.66088736,0.6523444,0.68121296,0.58920544,0.6052905,0.6361449,0.656427,0.6761186,0.6061009,0.58934647
3523,0.51595074,0.5235993,0.65451115,0.6463476,0.6765894,0.58794504,0.5993475,0.6376369,0.6574424,0.6710138,0.6102039,0.5964633
3524,0.50158703,0.51203585,0.64617914,0.6367349,0.66912925,0.5870814,0.59044784,0.6387403,0.65637964,0.66669434,0.6136135,0.60143006
3525,0.49265963,0.5052349,0.6394824,0.628393,0.66418463,0.5861795,0.5853825,0.63987356,0.6573173,0.6638625,0.61825204,0.60804856
3526,0.48671293,0.5013074,0.6343079,0.6219556,0.66050917,0.5860214,0.58178294,0.6415731,0.65840703,0.6611298,0.62291265,0.61469626
3527,0.49584138,0.5118807,0.63502187,0.6229488,0.66368866,0.587722,0.5867606,0.64466447,0.6642896,0.6599716,0.6295969,0.6252536
3528,0.49876267,0.51618993,0.63489825,0.6232179,0.6634158,0.59123254,0.58649737,0.6484635,0.66558045,0.65747046,0.6336491,0.6312297
3529,0.49218175,0.5104154,0.6313311,0.61824906,0.65859634,0.59404385,0.5808677,0.651005,0.6633091,0.65516293,0.63573724,0.6333485
3530,0.48978704,0.50829816,0.6287791,0.6137375,0.6562149,0.59574765,0.5789136,0.65294284,0.66342276,0.65448534,0.63903177,0.6372876
3531,0.49747542,0.5162045,0.6302125,0.61443484,0.6587211,0.5981265,0.5828682,0.65572906,0.6668214,0.654578,0.643725,0.6439857
3532,0.5707157,0.5866215,0.6563319,0.6463071,0.690506,0.60709274,0.6244657,0.6650416,0.69190246,0.6610821,0.6582834,0.67017925
3533,0.6226716,0.63630414,0.6800589,0.6778976,0.7098141,0.6233847,0.64660615,0.6771958,0.6993715,0.661567,0.6623956,0.6787022
3534,0.8273734,0.8180094,0.7583255,0.7698993,0.78947747,0.64889055,0.76288986,0.70367646,0.74848706,0.683809,0.6858813,0.73022205
3535,0.7145372,0.7134895,0.7320062,0.7534599,0.73519415,0.6744808,0.66734856,0.7057329,0.6841767,0.6635152,0.6453445,0.656405
3536,0.66855645,0.6605351,0.7131343,0.71794134,0.71588653,0.6682218,0.6457972,0.6935838,0.67592937,0.6748162,0.6379483,0.63910747
3537,0.632005,0.6232834,0.69942147,0.6938035,0.7047484,0.65739864,0.6334465,0.6854389,0.66834146,0.67974526,0.6349337,0.628908
3538,0.61076766,0.6042869,0.69064444,0.6788877,0.6992252,0.64655995,0.62849635,0.6779383,0.665973,0.68088174,0.63349724,0.625362
3539,0.60592777,0.6024496,0.6885248,0.67497057,0.7008295,0.6393104,0.63115335,0.6741286,0.66892827,0.68098575,0.63473815,0.6280308
3540,0.60244805,0.6021183,0.68741065,0.6742806,0.7014792,0.63507044,0.6316661,0.67202586,0.6703352,0.6790909,0.6348197,0.62957096
3541,0.5831669,0.58588237,0.68027186,0.6664435,0.6938115,0.63113916,0.6212997,0.66909045,0.66554666,0.6753356,0.63189983,0.6254965
3542,0.57502806,0.57936937,0.6758851,0.660959,0.69137955,0.62701386,0.6188635,0.66669214,0.66651326,0.6745173,0.632787,0.6271153
3543,0.57100946,0.57702017,0.6733394,0.65848136,0.6905626,0.62419116,0.6180445,0.6657001,0.6678904,0.67325294,0.6342268,0.6296027
3544,0.5569807,0.5649139,0.6672282,0.6517671,0.6844228,0.621554,0.61027426,0.66420037,0.6648549,0.67037314,0.6334011,0.6281796
3545,0.56704205,0.575465,0.66916907,0.65437466,0.68940574,0.6202053,0.6176407,0.66445935,0.6713637,0.67115027,0.63771635,0.63556916
3546,0.5877908,0.5964333,0.6766376,0.6651071,0.69857216,0.6225501,0.629192,0.6676284,0.67860997,0.6714367,0.64209545,0.64362466
3547,0.6226937,0.62991714,0.6903458,0.6836918,0.7129001,0.6284918,0.64735645,0.67295337,0.68803847,0.6730601,0.64681226,0.6529143
3548,0.6466246,0.6519377,0.70150936,0.6993913,0.7215368,0.63641715,0.65691215,0.67834854,0.6906719,0.67360044,0.6475028,0.6546789
3549,0.6962703,0.6963052,0.72186065,0.7245678,0.74126506,0.6453804,0.68298954,0.68510264,0.7014155,0.6791383,0.65177155,0.6631068
3550,0.75222456,0.7456498,0.74650323,0.7558957,0.76273465,0.65710646,0.7106505,0.69368064,0.7091342,0.6844425,0.65355605,0.6677641
3551,0.7955339,0.7821122,0.7673668,0.7829042,0.7778527,0.66906303,0.7289524,0.7004163,0.70989835,0.6886763,0.6503426,0.6635649
3552,0.8022488,0.7844193,0.7745264,0.79328847,0.77821225,0.67707026,0.725895,0.7015306,0.700736,0.6904793,0.6407277,0.64700264
3553,0.82712483,0.80263424,0.7865057,0.80596775,0.7880534,0.68022233,0.7395642,0.70136225,0.7019246,0.6974419,0.6369796,0.6408092
3554,0.83263713,0.8048364,0.79236645,0.81390136,0.7904311,0.68201923,0.74083,0.699733,0.69607455,0.70000654,0.62899333,0.62752724
3555,0.8108137,0.78231543,0.7873048,0.80861604,0.78223056,0.6798065,0.7273969,0.69396645,0.6854834,0.70035774,0.61806875,0.6089659
3556,0.7990177,0.76936966,0.7840298,0.8032741,0.77948976,0.6735703,0.72448665,0.6871811,0.6826054,0.7033008,0.6123533,0.59946305
3557,0.7923319,0.7627347,0.7826424,0.8015906,0.779186,0.6671605,0.72473884,0.6815768,0.6813016,0.70477057,0.6080395,0.59314626
3558,0.7586293,0.73169726,0.77136433,0.7895265,0.7668554,0.6601747,0.70701385,0.67454654,0.6716679,0.7018365,0.59955126,0.5793875
3559,0.76659685,0.7393293,0.7731637,0.7906442,0.772907,0.6525058,0.71828234,0.66934985,0.6790859,0.7051956,0.60099447,0.58372784
3560,0.75333285,0.72859263,0.76919574,0.78886217,0.7687864,0.6480216,0.7116896,0.6659348,0.6750097,0.70200276,0.5965081,0.5777264
3561,0.7323686,0.70958066,0.7609963,0.7802855,0.7606708,0.6426838,0.7009337,0.66103363,0.6707565,0.6996398,0.5924168,0.5716837
3562,0.73043895,0.7085731,0.7586616,0.7777361,0.7608246,0.63708913,0.7032412,0.6570404,0.6738295,0.6998244,0.5928096,0.5736783
3563,0.75677073,0.7343723,0.7679385,0.79059345,0.7735168,0.63524395,0.721884,0.6574586,0.68392724,0.70160466,0.5967734,0.58334297
3564,0.7155436,0.6964682,0.7543488,0.77857757,0.7552004,0.6349958,0.6931057,0.6557144,0.66814816,0.6940248,0.5876546,0.5671675
3565,0.67721504,0.65890425,0.7379688,0.7565989,0.739372,0.6285244,0.67331725,0.65018594,0.66193676,0.6933145,0.5853807,0.5610881
3566,0.6301664,0.6142105,0.71798605,0.7298112,0.72089285,0.6193178,0.65014267,0.64487046,0.65412384,0.691123,0.58437407,0.5563273
3567,0.58904153,0.5763587,0.69906664,0.7038397,0.70545954,0.6088356,0.6318077,0.6398439,0.650291,0.6889456,0.58643824,0.55743873
3568,0.5662101,0.5577331,0.68641037,0.6868144,0.69826794,0.5996784,0.62411475,0.6366096,0.65284294,0.68679315,0.5918116,0.56565374
3569,0.5501764,0.54652536,0.6769144,0.6754819,0.69307065,0.59361476,0.61796004,0.63553727,0.6554483,0.6827965,0.59691435,0.5744884
3570,0.5245938,0.52553093,0.6641665,0.6602263,0.68201584,0.5892456,0.60398716,0.6349528,0.65283805,0.6770277,0.5997257,0.57893574
3571,0.5080597,0.51263154,0.65387934,0.64726985,0.67484164,0.585358,0.5959778,0.63463414,0.6540607,0.67334276,0.60480607,0.58685595
3572,0.49594188,0.5040159,0.6456269,0.6372386,0.6693642,0.5828778,0.5898651,0.63546234,0.65555054,0.6695495,0.61015666,0.59512043
3573,0.5002354,0.51115453,0.6436611,0.635373,0.67101794,0.5827295,0.59287685,0.6378569,0.6619459,0.66725713,0.61754006,0.6073806
3574,0.49731472,0.5108459,0.640454,0.6322854,0.6683602,0.5847598,0.58960927,0.6411599,0.66290176,0.663352,0.6220626,0.6143953
3575,0.4918168,0.5069878,0.6361425,0.6267498,0.6641134,0.5867689,0.5849683,0.6437814,0.6627093,0.6604739,0.6259557,0.6197559
3576,0.4981595,0.514212,0.63613003,0.62612265,0.66562647,0.5892774,0.5878945,0.6469987,0.66680384,0.6596345,0.63188034,0.62854016
3577,0.5205339,0.53685206,0.64306533,0.63459325,0.674379,0.59441155,0.59942347,0.65231115,0.6750194,0.6599805,0.6393192,0.6405544
3578,0.5210141,0.53793526,0.6437104,0.635496,0.67236006,0.6005288,0.5960922,0.6569574,0.67267007,0.65749675,0.640956,0.6421476
3579,0.5093326,0.5261114,0.6388951,0.6278217,0.6651538,0.60361886,0.58743626,0.65872926,0.6677339,0.6562156,0.641165,0.6406138
3580,0.57804614,0.5911702,0.66212296,0.654366,0.6950707,0.6100577,0.628223,0.66583407,0.6924951,0.664417,0.65571684,0.6659958
3581,0.5610003,0.5759048,0.6602427,0.65436274,0.6843627,0.61941326,0.6104933,0.6708458,0.67758447,0.6577405,0.6490018,0.6537339
3582,0.5864879,0.59806854,0.6684095,0.6611037,0.69289356,0.62379307,0.62402594,0.67245054,0.6847796,0.66240466,0.6528206,0.6600147
3583,0.76775,0.7626976,0.7360645,0.7407997,0.7681171,0.6408761,0.7316012,0.69309235,0.73608315,0.68319887,0.6781409,0.71201247
3584,0.6796687,0.68194336,0.71715975,0.73039734,0.72522485,0.6617436,0.6563851,0.69708526,0.683053,0.6643964,0.64598423,0.6544612
3585,0.6564499,0.6525906,0.707,0.7083492,0.71516204,0.6586818,0.6463151,0.68918705,0.680138,0.67423105,0.64229006,0.6447792
3586,0.66895866,0.662177,0.71192956,0.7093355,0.7240758,0.65510327,0.65963995,0.6877146,0.68587804,0.68192893,0.6457564,0.64752525
3587,0.6460283,0.6410876,0.7061602,0.70179206,0.7162008,0.65259945,0.6472332,0.68499494,0.6766879,0.6801461,0.639726,0.63664144
3588,0.6373488,0.6329032,0.7031251,0.6959369,0.71453595,0.6480785,0.6456228,0.68118936,0.676348,0.68172586,0.6383788,0.6343643
3589,0.6027616,0.60093856,0.69105744,0.6805069,0.7013396,0.64227474,0.62770474,0.67642885,0.6666273,0.67875576,0.6328291,0.6246467
3590,0.58083504,0.580828,0.6813413,0.6667028,0.6939946,0.6345462,0.619546,0.6712242,0.66458464,0.67848057,0.632092,0.623015
3591,0.61617595,0.61632943,0.69230866,0.68005157,0.7120571,0.6313471,0.64501363,0.6717169,0.681433,0.6826656,0.64083403,0.639403
3592,0.5968138,0.6005643,0.6873612,0.6776621,0.70345795,0.6320528,0.63078433,0.6722581,0.6722909,0.67601347,0.6357027,0.63168496
3593,0.5978371,0.6015951,0.6864591,0.67627126,0.70398885,0.6306755,0.63235873,0.6710829,0.6752388,0.6767147,0.6371249,0.6344099
3594,0.5986709,0.6029486,0.68640417,0.676923,0.7046193,0.63014525,0.63310236,0.67128634,0.6762424,0.676171,0.6380638,0.63586855
3595,0.61188805,0.61586034,0.69088954,0.6830833,0.710367,0.630975,0.64087754,0.67252797,0.6810475,0.67694503,0.64059865,0.64060616
3596,0.62108,0.6248187,0.69487196,0.68921894,0.7138246,0.63331515,0.6447981,0.67436594,0.68258613,0.6766018,0.641186,0.6420028
3597,0.61704314,0.62064064,0.6939711,0.6888434,0.7111622,0.63487947,0.6406838,0.67469,0.6796038,0.67552763,0.6393183,0.6386917
3598,0.616014,0.6189482,0.693313,0.68764424,0.7102563,0.6348722,0.63992333,0.67413616,0.67912465,0.6760461,0.63891643,0.63764524
3599,0.6980417,0.6950745,0.72284865,0.72308743,0.74541146,0.6396232,0.69015735,0.6806029,0.704961,0.6854538,0.6509236,0.6616837
3600,0.72175676,0.7175436,0.73705274,0.7458128,0.7525919,0.65114254,0.6951992,0.6876861,0.6999381,0.6823953,0.645763,0.654711
3601,0.72511446,0.71781325,0.7410746,0.75175583,0.7512753,0.65775174,0.69142455,0.688497,0.6938131,0.683198,0.6392375,0.6438248
3602,0.7218872,0.71160316,0.7415181,0.7513933,0.7491522,0.6593989,0.68802416,0.6868745,0.68905854,0.68578905,0.6342593,0.63434476
3603,0.8798849,0.8506454,0.7995479,0.8159917,0.8135833,0.66622216,0.787773,0.69986874,0.7312892,0.70698476,0.6540313,0.6765092
3604,0.8556073,0.8298961,0.80153763,0.8323971,0.79935664,0.683548,0.75273126,0.70491046,0.69868875,0.69439167,0.6302421,0.6357709
3605,0.83516794,0.8055303,0.79581267,0.8234416,0.78938526,0.68416065,0.73767424,0.6975024,0.68908316,0.6982099,0.6183321,0.6147596
3606,0.83132434,0.79829556,0.7958783,0.8206538,0.79004836,0.67949134,0.7394898,0.69185346,0.6873226,0.704009,0.61366236,0.6050616
3607,0.815272,0.7823434,0.7919884,0.81598425,0.7856733,0.6739192,0.73290354,0.68571347,0.68130535,0.7049893,0.6064283,0.5924434
3608,0.7948499,0.7629961,0.7855681,0.80816704,0.77954066,0.66676724,0.724618,0.678631,0.6763659,0.70518816,0.60004157,0.5819594
3609,0.7644875,0.73494226,0.7748241,0.79538625,0.7693054,0.6582801,0.71084607,0.6710445,0.66997814,0.7038858,0.5937783,0.5715053
3610,0.7825791,0.7525945,0.780402,0.80115515,0.77998865,0.65074897,0.72880393,0.66676605,0.68066245,0.707799,0.5971065,0.57961524
3611,0.74182415,0.71659034,0.7668646,0.7891155,0.7632814,0.6461249,0.7032524,0.6619378,0.6665695,0.7003064,0.58732533,0.5637536
3612,0.68455964,0.662176,0.7440117,0.76029295,0.73982906,0.63641644,0.6726992,0.6534787,0.65462965,0.6966902,0.5808149,0.5513366
3613,0.6423431,0.622717,0.72481376,0.7339504,0.72460973,0.623795,0.65533656,0.6458288,0.6515045,0.6959207,0.5814652,0.5503621
3614,0.60594916,0.5906612,0.70784223,0.7118699,0.71207243,0.6122248,0.6404855,0.64041555,0.6497654,0.69304425,0.58374786,0.553039
3615,0.58189046,0.5713925,0.6950886,0.69600946,0.70438325,0.60286945,0.63169616,0.6368834,0.65180135,0.6897217,0.58807206,0.5603354
3616,0.55389005,0.5484569,0.68117505,0.6795168,0.6935925,0.5957332,0.61814106,0.63473016,0.65049106,0.68431395,0.59111285,0.56545496
3617,0.52930814,0.5283233,0.66789097,0.6633352,0.683571,0.589661,0.6061638,0.6331275,0.6502444,0.6795581,0.59519374,0.57199126
3618,0.5113554,0.5144804,0.6569652,0.65016174,0.6762272,0.5849518,0.5976989,0.6326543,0.65167874,0.675346,0.6004716,0.5803597
3619,0.510433,0.51718044,0.6525135,0.6455833,0.67623943,0.58275723,0.5986375,0.633979,0.658047,0.67241794,0.6079097,0.59296507
3620,0.50445956,0.51455224,0.6475316,0.64077914,0.67278165,0.5831483,0.59433043,0.63657403,0.6596139,0.6679017,0.61288774,0.6010432
3621,0.49396455,0.50644326,0.6408198,0.63274926,0.66658056,0.58385354,0.5871265,0.6386615,0.65895414,0.6640118,0.61686003,0.60665977
3622,0.48815963,0.50236297,0.63565546,0.62591046,0.66272056,0.5844706,0.5833627,0.6407338,0.660067,0.6616105,0.6218277,0.6135765
3623,0.4896199,0.5053085,0.63360536,0.622998,0.6622642,0.5860179,0.58373564,0.64357585,0.66304016,0.6598889,0.62751055,0.6218782
3624,0.4981822,0.51500285,0.63488424,0.6244116,0.6647514,0.58920145,0.5875257,0.6473779,0.66725093,0.658582,0.63334084,0.6308045
3625,0.4925077,0.51047707,0.63182724,0.6202562,0.6601151,0.59253633,0.58198327,0.6503823,0.6646904,0.6556884,0.63543,0.6330428
3626,0.48846602,0.50681317,0.6287176,0.6149354,0.65668964,0.59456366,0.5787477,0.652371,0.66393,0.6546506,0.6383632,0.6363936
3627,0.4863171,0.50513184,0.626492,0.6107324,0.65460813,0.59618264,0.5770575,0.6543689,0.6638443,0.6538926,0.64154726,0.6402041
3628,0.49564528,0.5147782,0.6284166,0.61195153,0.65747875,0.5984408,0.5817796,0.6568151,0.6673561,0.65381575,0.64598155,0.6468507
3629,0.5670977,0.5835404,0.6540939,0.64322907,0.6884346,0.6075685,0.62203735,0.66611516,0.6915331,0.66003096,0.6600624,0.6721581
3630,0.8255409,0.81618893,0.7512789,0.76082927,0.79083014,0.6362107,0.77129865,0.6997145,0.75801766,0.68459535,0.6922108,0.74519354
3631,0.70922047,0.7114514,0.7264182,0.75016165,0.7318401,0.6690402,0.6659429,0.70432115,0.6854945,0.65842026,0.6469144,0.66297954
3632,0.6650574,0.6594688,0.7084482,0.7150435,0.71216136,0.6656434,0.64348745,0.69288516,0.6768557,0.67035747,0.6390585,0.6445109
3633,0.64202493,0.63430935,0.7000728,0.6966858,0.70692635,0.65750855,0.6385713,0.6868445,0.6729643,0.67766666,0.6384782,0.63730085
3634,0.6219451,0.6159042,0.69334567,0.6844237,0.7023193,0.64968264,0.6330527,0.68146336,0.6694503,0.6792536,0.6366904,0.63215524
3635,0.59671056,0.59383506,0.68445826,0.6713751,0.69459397,0.64205056,0.62301713,0.67608696,0.66459376,0.6778887,0.6338309,0.62692565
3636,0.57966304,0.5797903,0.6774145,0.6612918,0.6899001,0.63466346,0.61758435,0.6713743,0.66350645,0.67677087,0.63325316,0.62607414
3637,0.55304176,0.5567344,0.6668432,0.6479308,0.6802694,0.62763596,0.60532916,0.66703707,0.6585579,0.6734348,0.6312055,0.62269247
3638,0.541135,0.5475248,0.6603304,0.6395135,0.67691123,0.62118775,0.60207856,0.6636805,0.6599145,0.67206347,0.63291126,0.62562114
3639,0.5327888,0.5420817,0.6554276,0.63428444,0.674189,0.6165642,0.59923303,0.66173154,0.66077507,0.66940606,0.63442385,0.6285467
3640,0.5358172,0.5471708,0.6548401,0.6347264,0.6760914,0.6144725,0.6020757,0.66169703,0.6650212,0.667846,0.6377645,0.6346171
3641,0.53911215,0.55208504,0.65511125,0.63661546,0.6773077,0.61457247,0.6035144,0.66285247,0.6675201,0.66579896,0.6401656,0.6389654
3642,0.53048456,0.5447334,0.6512787,0.6329135,0.67264605,0.61476123,0.5974111,0.66328806,0.66508776,0.66307557,0.6401259,0.638567
3643,0.5266381,0.5413356,0.64838964,0.62930584,0.67037463,0.61416185,0.5952427,0.66330004,0.665357,0.66222715,0.64173144,0.64053863
3644,0.52954936,0.54462,0.6482197,0.62919104,0.6713136,0.61424834,0.5969747,0.6642006,0.66758275,0.6618363,0.64440346,0.64439976
3645,0.57769936,0.5910047,0.6650569,0.6504058,0.69237745,0.61903286,0.6247056,0.66979295,0.6846062,0.6659897,0.65408814,0.66163
3646,0.59918594,0.6119761,0.67587686,0.666312,0.6998461,0.62804574,0.6318235,0.6763307,0.68593913,0.66460574,0.6547935,0.66339517
3647,0.6308264,0.64029837,0.6891745,0.6828589,0.7112303,0.6363962,0.64620316,0.6813963,0.6916262,0.6675184,0.65685153,0.66742337
3648,0.65365505,0.65979904,0.7003223,0.6968749,0.71916264,0.6446129,0.65517265,0.686024,0.6927506,0.6699648,0.65629244,0.6662986
3649,0.72995657,0.72768575,0.730781,0.7326805,0.74999946,0.65497786,0.69772846,0.6946999,0.7104903,0.6798143,0.66352105,0.6807002
3650,0.74282485,0.7375743,0.74202555,0.7499003,0.75285625,0.667126,0.6961294,0.70013493,0.70094293,0.6792959,0.65501344,0.6663948
3651,0.7404897,0.7314465,0.7439598,0.7515508,0.7495646,0.67107505,0.6906522,0.69778,0.69305706,0.6818674,0.6460787,0.65134466
3652,0.7346246,0.7225624,0.7439684,0.7497882,0.7475018,0.6705202,0.68752784,0.6943194,0.68779117,0.6855383,0.6397223,0.6398632
3653,0.74109447,0.72643137,0.7480591,0.7531804,0.7517036,0.66833824,0.6937124,0.6914085,0.6880433,0.6897972,0.63653266,0.6347522
3654,0.8757843,0.846325,0.7986323,0.8108651,0.8070638,0.67313224,0.7786657,0.7014936,0.72290444,0.70666426,0.6513936,0.6681496
3655,0.9596217,0.9204596,0.838373,0.8658875,0.8358948,0.69145787,0.8142438,0.7160332,0.7209771,0.70734286,0.64595234,0.6645449
3656,0.9237204,0.88569766,0.8328428,0.86916536,0.8174076,0.7034729,0.77548814,0.712713,0.6921538,0.7004239,0.6201358,0.6207202
3657,0.8613524,0.82288647,0.8118449,0.842938,0.79277414,0.69748753,0.73876655,0.6986901,0.67328763,0.701976,0.60120076,0.5864517
3658,0.81963146,0.7808843,0.7961069,0.8192015,0.77979404,0.6830309,0.72419417,0.6848045,0.66693383,0.7067944,0.59334975,0.57045263
3659,0.8321156,0.7925641,0.8004241,0.821356,0.7906978,0.67078304,0.7434141,0.6775951,0.67714965,0.7132113,0.596023,0.57571626
3660,0.8056968,0.7706902,0.7933202,0.81700444,0.783219,0.6635582,0.73042434,0.6718413,0.66917926,0.7085213,0.587799,0.56353265
3661,0.72504497,0.6954145,0.76399136,0.78316724,0.75103927,0.6520693,0.6853447,0.66064984,0.6486837,0.7012119,0.57403845,0.5397975
3662,0.6747416,0.64787406,0.74151224,0.7517212,0.7337453,0.6353096,0.66651094,0.6492462,0.6462035,0.701915,0.5737337,0.53734106
3663,0.63522154,0.6134353,0.7233474,0.7283322,0.72136194,0.6202862,0.6524287,0.6415617,0.6455478,0.6994199,0.57579315,0.5399767
3664,0.6021072,0.58612025,0.7073958,0.70911974,0.71056527,0.6082245,0.6395109,0.6362007,0.6458922,0.69497186,0.57867855,0.54523706
3665,0.575735,0.565356,0.693645,0.6932459,0.7016306,0.5989053,0.6286984,0.63277805,0.64747685,0.6900503,0.5826732,0.55264723
3666,0.5489541,0.5437874,0.67969567,0.67726576,0.6913566,0.5917481,0.61588234,0.6307598,0.64747596,0.68442965,0.5865465,0.55936146
3667,0.5244495,0.5238842,0.6661562,0.66131204,0.6812506,0.5858423,0.60372466,0.6294538,0.64758945,0.6792025,0.5910704,0.56664836
3668,0.50726885,0.5108649,0.6551962,0.64843476,0.6740714,0.58134747,0.5955386,0.6292025,0.64957875,0.6747469,0.5968511,0.5758613
3669,0.50819093,0.5154301,0.6512558,0.644796,0.6748439,0.57956445,0.5974404,0.6309133,0.6568025,0.67175806,0.604915,0.5895305
3670,0.49772042,0.50837046,0.6446214,0.6380279,0.66910386,0.5801099,0.5901251,0.6335987,0.6566291,0.66652143,0.609378,0.5963986
3671,0.48913133,0.5019996,0.6381924,0.6301343,0.6638863,0.58067954,0.5844635,0.6357421,0.6573544,0.66316545,0.6143758,0.60355705
3672,0.48358065,0.49831167,0.6330762,0.6234898,0.6600911,0.5814649,0.580766,0.63808364,0.65851575,0.6604833,0.6196152,0.6108637
3673,0.49227834,0.5083679,0.63360626,0.62393266,0.6629656,0.58379626,0.5853841,0.64166796,0.6642309,0.65938,0.62674385,0.6218217
3674,0.4904617,0.50800145,0.63167614,0.6215298,0.66039836,0.58734506,0.58231795,0.6454559,0.6638231,0.6564977,0.6304793,0.6268122
3675,0.48484614,0.50312835,0.6280375,0.61593455,0.6561006,0.5899419,0.5777245,0.6480477,0.66248417,0.65463984,0.6335537,0.63032436
3676,0.49540013,0.5138236,0.6300641,0.61713326,0.6596907,0.592848,0.58335125,0.6513348,0.6673638,0.6550532,0.6395355,0.6390505
3677,0.5479872,0.56504697,0.6484875,0.639587,0.6817036,0.60059357,0.612291,0.65888023,0.684843,0.6586078,0.6507067,0.65872127
3678,0.54959464,0.5674867,0.6511585,0.6442821,0.67728883,0.609633,0.6056475,0.66332114,0.6768179,0.65338105,0.6472759,0.6531884
3679,0.5426791,0.55890685,0.64934945,0.63977283,0.6722045,0.6148433,0.5990338,0.66543925,0.6721266,0.6540732,0.6463579,0.6497664
3680,0.53898746,0.5537395,0.64792967,0.6350775,0.6701645,0.6168072,0.5969922,0.6665448,0.6704523,0.6561076,0.64742905,0.6493512
3681,0.54796374,0.5617235,0.6511506,0.63679135,0.6743133,0.6186593,0.60273767,0.6683779,0.67347485,0.6585198,0.65053964,0.65333384
3682,0.56485724,0.5779065,0.6581659,0.6443487,0.68173087,0.62231797,0.6118905,0.6715706,0.6779379,0.6603696,0.6536945,0.6583997
3683,0.5906077,0.60226226,0.66921407,0.65744126,0.69263065,0.6281583,0.62508583,0.6761424,0.6840746,0.662796,0.65703154,0.6643801
3684,0.59513885,0.6060155,0.67347383,0.6627245,0.6936988,0.63387567,0.62455535,0.67921406,0.6813659,0.66285175,0.6552441,0.661229
3685,0.6100996,0.6186716,0.68037534,0.6697822,0.70001704,0.6381036,0.6322196,0.6816414,0.68432623,0.6662387,0.6563494,0.66274333
3686,0.64804703,0.6531295,0.6962424,0.6883554,0.71646416,0.64410955,0.6533177,0.6865251,0.6936353,0.6715179,0.660358,0.67003375
3687,0.62951213,0.63473374,0.693435,0.6862245,0.7076664,0.6488247,0.6381829,0.6873543,0.68138224,0.6690523,0.65227574,0.65600795
3688,0.60108244,0.60541856,0.6836093,0.6716765,0.69571924,0.6463931,0.6226735,0.6831673,0.6722711,0.6699047,0.6463635,0.64497626
3689,0.5888912,0.5927356,0.67831177,0.6623421,0.69243634,0.6412087,0.619711,0.6794157,0.6712356,0.67245895,0.64585084,0.6429561
3690,0.5761228,0.58120185,0.67337674,0.6553354,0.68883497,0.63654757,0.6153395,0.6766552,0.6692034,0.67228997,0.6448444,0.6410543
3691,0.6283175,0.6315199,0.6915313,0.67732865,0.71344686,0.637041,0.64906967,0.6797452,0.6892895,0.67851263,0.6546054,0.6597
3692,0.635027,0.63960755,0.6977326,0.6889594,0.71564287,0.6426285,0.64837724,0.68354994,0.68547654,0.6747843,0.65104437,0.6553701
3693,0.64435244,0.6473538,0.702408,0.6952733,0.71864235,0.6459433,0.65167373,0.6844268,0.6860802,0.6759531,0.6494606,0.65358925
3694,0.69959265,0.6974016,0.7237846,0.72118026,0.74197024,0.6512821,0.6838529,0.68947893,0.7009212,0.68295085,0.6553932,0.6654791
3695,0.73986363,0.7336076,0.7429281,0.7474346,0.75723726,0.6607562,0.7020983,0.6959091,0.7038954,0.6851385,0.6539853,0.66505224
3696,0.73205775,0.72391236,0.7443297,0.75179917,0.75202525,0.667209,0.69109136,0.6963514,0.6927639,0.68412703,0.64416885,0.6484475
3697,0.6772555,0.66908604,0.72582966,0.72854346,0.72830296,0.66399294,0.65777814,0.68881476,0.6734369,0.68211275,0.63071376,0.6241398
3698,0.6402303,0.631504,0.71050626,0.70520335,0.71500677,0.65356386,0.6428255,0.67991483,0.6672549,0.68491757,0.62679946,0.6153241
3699,0.614072,0.6072382,0.69923854,0.68899673,0.70722806,0.6428339,0.6344679,0.67315626,0.66470426,0.68533045,0.62576735,0.6125774
3700,0.6053449,0.6012257,0.69429743,0.6825244,0.7064266,0.63454425,0.6347885,0.66882694,0.66749007,0.68481296,0.6272603,0.6158769
3701,0.5970678,0.5961596,0.69017446,0.67882776,0.70439667,0.62917715,0.63248235,0.6662069,0.6682198,0.6820056,0.62747353,0.61775666
3702,0.6357019,0.63518494,0.7023117,0.69550335,0.72127175,0.6277767,0.65718096,0.66676575,0.6834054,0.6836883,0.63389575,0.63239855
3703,0.6526084,0.65335834,0.7095769,0.7089634,0.7260177,0.63142556,0.66273415,0.66896766,0.6838979,0.6796119,0.6321514,0.6325731
3704,0.6771113,0.6760514,0.71920395,0.7228616,0.7341828,0.63622105,0.6737732,0.6714227,0.68807745,0.680104,0.6324431,0.63503003
3705,0.6917294,0.6885159,0.7262167,0.7332607,0.7386881,0.641406,0.6787159,0.67400116,0.68792784,0.6806337,0.63090515,0.6328092
3706,0.7133291,0.7067825,0.7354951,0.74511445,0.7465934,0.64577943,0.6892148,0.67616624,0.6907081,0.6834164,0.63063645,0.63276345
3707,0.7292962,0.72000045,0.7430404,0.7552583,0.7516454,0.64962655,0.69571143,0.67730725,0.6902125,0.684937,0.6280287,0.62896293
3708,0.6865272,0.67791635,0.72926015,0.73966813,0.73201835,0.64945173,0.66683984,0.6732492,0.6722756,0.6808768,0.6164969,0.6079884
3709,0.661755,0.6520482,0.7189174,0.7232837,0.723142,0.6430601,0.65678185,0.6675764,0.6688288,0.68374354,0.6145155,0.6024951
3710,0.62431437,0.61639094,0.70431954,0.7033938,0.7093702,0.634916,0.6392047,0.66213155,0.6608373,0.68242854,0.611253,0.5951545
3711,0.5870464,0.58176625,0.68844813,0.68162584,0.6955577,0.62511927,0.6226583,0.6561221,0.6550019,0.680547,0.6097748,0.5915168
3712,0.55963844,0.5577127,0.67536974,0.6640003,0.6860522,0.61548173,0.61203957,0.65117997,0.6532828,0.6784516,0.6110287,0.593096
3713,0.54859143,0.5503455,0.6681892,0.6551522,0.68333447,0.60826415,0.60983634,0.6484843,0.6565347,0.6762857,0.6147968,0.5998793
3714,0.5397978,0.5452779,0.6626404,0.6496215,0.68048745,0.60413164,0.6065161,0.64774287,0.6583783,0.67265826,0.6177797,0.605657
3715,0.52371377,0.5323462,0.654569,0.6407509,0.67336684,0.6012325,0.5976454,0.64724547,0.6565999,0.66838795,0.6192437,0.6082064
3716,0.5108795,0.5218318,0.64706504,0.6317896,0.66750973,0.598421,0.59111243,0.64676994,0.6563454,0.66548955,0.6219131,0.6121815
3717,0.5015849,0.5146797,0.6408355,0.62439466,0.662981,0.5961514,0.5864197,0.6467601,0.6567069,0.66277725,0.6250422,0.6168097
3718,0.50497884,0.5197531,0.63952386,0.6232751,0.6641612,0.5956969,0.5888006,0.64823544,0.661085,0.6612885,0.63011634,0.6249488
3719,0.50901264,0.52527624,0.639527,0.62416863,0.66507316,0.5973582,0.5901415,0.6508774,0.66378886,0.6591997,0.63410884,0.6313155
3720,0.5003946,0.5178522,0.63532865,0.6192716,0.6597628,0.5989382,0.5835812,0.6526266,0.6610913,0.65632075,0.6352701,0.6323698
3721,0.49540204,0.5133522,0.6316585,0.613978,0.65636575,0.59934276,0.58037084,0.6535403,0.660686,0.65519106,0.63765824,0.6351994
3722,0.49651182,0.5149776,0.63048935,0.6119067,0.65610677,0.6001266,0.5808736,0.6551116,0.66226065,0.65456194,0.6410384,0.6398032
3723,0.50446826,0.5233374,0.63241327,0.6139776,0.65892065,0.602303,0.58480144,0.657708,0.665573,0.65426683,0.64499384,0.6457485
3724,0.5618187,0.57863694,0.65292805,0.6393331,0.6836233,0.609796,0.6168173,0.66526973,0.68510586,0.6590453,0.65642464,0.6660726
3725,0.60011184,0.6154451,0.67044216,0.66299856,0.6974608,0.622423,0.6323641,0.6743546,0.6903176,0.658959,0.65921277,0.67187417
3726,0.7360966,0.7386015,0.7232232,0.7260738,0.75181055,0.6417805,0.7076961,0.69203866,0.7250086,0.6735619,0.67562616,0.7054732
3727,0.6634275,0.6693573,0.7072015,0.71479464,0.7159288,0.6590638,0.6468102,0.694783,0.6817506,0.6608691,0.649268,0.6578579
3728,0.64949965,0.6490591,0.7009391,0.69852585,0.7101746,0.6569379,0.6421768,0.688825,0.6805581,0.67083544,0.6469568,0.6505755
3729,0.77262944,0.75962144,0.7462568,0.7477928,0.76443785,0.66161466,0.721512,0.69853306,0.7182095,0.6904853,0.6658591,0.68516123
3730,0.7229803,0.7151434,0.73808753,0.74665797,0.7419784,0.6720683,0.679192,0.69994426,0.6853475,0.67857176,0.64372975,0.64731264
3731,0.68970436,0.6796728,0.72627413,0.7275096,0.7284291,0.66756684,0.6618794,0.6913582,0.6767315,0.6822763,0.6351908,0.6319771
3732,0.6574297,0.64766884,0.7145774,0.7096443,0.7179714,0.65878785,0.6489575,0.6839298,0.6697474,0.68430555,0.63038677,0.6218536
3733,0.64650285,0.6378938,0.7098486,0.70160824,0.7169496,0.65008146,0.64911884,0.67827666,0.671065,0.68631303,0.6301939,0.62124586
3734,0.69236624,0.6829003,0.7262583,0.7218463,0.7393337,0.647122,0.68120086,0.67877847,0.68859935,0.69129,0.6373088,0.6365926
3735,0.6935085,0.68623763,0.7302741,0.7316593,0.7399217,0.64975715,0.6783444,0.68026745,0.6836521,0.6866962,0.6319993,0.629988
3736,0.85803616,0.8336451,0.7905672,0.802436,0.8069087,0.65868247,0.7802993,0.6944835,0.7294322,0.70574003,0.65245086,0.6759789
3737,0.7450527,0.731276,0.76030546,0.78363353,0.7551241,0.6725985,0.6897842,0.69281507,0.6719971,0.68253684,0.6151245,0.61027557
3738,0.69743884,0.6795935,0.7392124,0.7489575,0.73591626,0.6620556,0.66859126,0.6794073,0.6668785,0.69015664,0.60985875,0.59765685
3739,0.6785008,0.6609322,0.7303129,0.7337768,0.7325569,0.65012217,0.66702914,0.67212784,0.6680428,0.69438756,0.61143684,0.59668046
3740,0.6565043,0.6422643,0.72164154,0.72275007,0.7266536,0.6410334,0.6595735,0.6668465,0.6658359,0.6927092,0.61030906,0.5942335
3741,0.6500555,0.6386825,0.71799296,0.71848124,0.7265078,0.63406086,0.660281,0.6630554,0.6690992,0.6916841,0.61170673,0.597593
3742,0.65855974,0.6494459,0.7201243,0.7227283,0.7315526,0.6303393,0.66771096,0.6616417,0.6749936,0.6904893,0.61407125,0.6036799
3743,0.71010053,0.6998374,0.7387162,0.7478673,0.7537983,0.63206804,0.6993552,0.6649313,0.69164336,0.6930158,0.62084186,0.619776
3744,0.70373833,0.694985,0.7393298,0.75412035,0.74897856,0.63766867,0.68873817,0.6674763,0.68263584,0.68697304,0.61453176,0.6099452
3745,0.7136951,0.70245594,0.7430664,0.7586911,0.7525074,0.6397481,0.69371146,0.6678153,0.6853319,0.6892803,0.6148318,0.6103618
3746,0.6968273,0.68529636,0.7379107,0.7533734,0.7451747,0.64027995,0.6821611,0.66708106,0.67829436,0.6880191,0.6108761,0.60187286
3747,0.6808203,0.66879976,0.7315433,0.74437016,0.73907655,0.6375475,0.6742891,0.66450477,0.67528147,0.6887989,0.60946864,0.59775716
3748,0.6903321,0.67752075,0.7342156,0.74652326,0.7447748,0.6348709,0.68324953,0.663643,0.6812365,0.69158435,0.6126832,0.60305756
3749,0.7221299,0.70797056,0.74647593,0.76243776,0.7592338,0.63605124,0.7033199,0.66616595,0.6907788,0.69397926,0.61670303,0.6120658
3750,0.77980447,0.7615334,0.76954097,0.79249245,0.78247195,0.64218515,0.7357996,0.67212963,0.70311135,0.6973327,0.62082154,0.62354887
3751,0.7539187,0.73689854,0.7640666,0.79134554,0.7686225,0.64922917,0.71088433,0.67310405,0.68504614,0.69065726,0.6087056,0.60223544
3752,0.7438852,0.72428477,0.75987667,0.78384155,0.7637395,0.64798814,0.70541793,0.6694566,0.6825885,0.69374317,0.60584676,0.5958444
3753,0.7320797,0.7118642,0.7556271,0.77744025,0.7596841,0.6448835,0.7003657,0.666567,0.67951435,0.69508606,0.60368884,0.5905487
3754,0.72383654,0.7038345,0.7524213,0.77264494,0.7572632,0.6412182,0.6977987,0.66368437,0.6783738,0.69576675,0.6024172,0.5879346
3755,0.76010644,0.7380337,0.7654098,0.7877021,0.7739022,0.639831,0.7229542,0.66428405,0.6908932,0.7001848,0.6075326,0.59935486
3756,0.74386483,0.7237891,0.76213485,0.78767157,0.7665793,0.64192307,0.70916927,0.66463363,0.68083644,0.6952149,0.6006611,0.58803207
3757,0.695121,0.676551,0.744111,0.7652843,0.74539953,0.6382785,0.67961544,0.6594781,0.66680723,0.69190234,0.5928686,0.5727403
3758,0.647714,0.6304799,0.7242325,0.737232,0.7267997,0.62891626,0.6567562,0.65281296,0.6588675,0.6915826,0.5908177,0.56597465
3759,0.6033635,0.5891478,0.70477355,0.7099759,0.7104127,0.6177485,0.63710594,0.6468883,0.6533925,0.6900468,0.59149677,0.5643517
3760,0.5718112,0.5617759,0.6893368,0.6887422,0.6996433,0.60720736,0.62482643,0.64232486,0.652787,0.68782085,0.594984,0.56891507
3761,0.5583178,0.5530251,0.68053156,0.6775794,0.69625884,0.59953713,0.62163454,0.64009225,0.65721095,0.6850894,0.6006006,0.5787273
3762,0.5356724,0.53537285,0.6692703,0.66455203,0.68707156,0.59464896,0.6098201,0.63925636,0.6555256,0.6793831,0.6032671,0.5834599
3763,0.517067,0.5206548,0.6587108,0.65161085,0.67906034,0.59056294,0.60039824,0.63861144,0.6556049,0.6751836,0.6072183,0.58981377
3764,0.50621885,0.5132246,0.6509777,0.6422912,0.67432076,0.5877177,0.59527206,0.63901913,0.65770555,0.6717576,0.6124156,0.5980621
3765,0.5088979,0.5187608,0.6486424,0.6401401,0.6753184,0.58724433,0.59731793,0.6410986,0.66331685,0.66928977,0.61908764,0.6091971
3766,0.49904856,0.5116279,0.64289236,0.63383156,0.66950196,0.58830833,0.5900496,0.64348,0.66186076,0.66483593,0.62220746,0.6137049
3767,0.49216628,0.5063884,0.6376139,0.626879,0.66498816,0.5889827,0.5853817,0.64523685,0.6621218,0.6623538,0.62624776,0.61928296
3768,0.4891997,0.5048307,0.6340502,0.6219269,0.662492,0.5899529,0.583198,0.6474096,0.66332453,0.6604691,0.6307765,0.62553996
3769,0.49963346,0.5161987,0.635796,0.62373936,0.6661281,0.59248513,0.5886071,0.65082484,0.66867936,0.6598667,0.6369973,0.6351475
3770,0.4965054,0.5142796,0.63389486,0.62128484,0.6629378,0.5958777,0.5846196,0.6540313,0.6670142,0.65717524,0.63930583,0.6379464
3771,0.49486807,0.5130045,0.63191605,0.6176641,0.6605953,0.59828895,0.5825162,0.6562229,0.6668103,0.65620035,0.642169,0.64145267
3772,0.49206746,0.51066136,0.62957084,0.6135079,0.65780705,0.5999748,0.5799921,0.6578828,0.66583264,0.65508026,0.6444367,0.6439951
3773,0.5684206,0.5838252,0.6558942,0.6450625,0.69110924,0.60773486,0.6242531,0.666426,0.6929849,0.66261476,0.66009176,0.6719898
3774,0.5435628,0.5614203,0.6514874,0.6426129,0.67591876,0.61748445,0.60076267,0.6708943,0.6742106,0.6539708,0.6509502,0.65605456
3775,0.5564058,0.5710289,0.6552794,0.64361614,0.68022424,0.62137395,0.60776204,0.67245233,0.67900044,0.65884525,0.6544499,0.6604713
3776,0.5738708,0.5867241,0.66270655,0.6511942,0.68754303,0.62612265,0.6168081,0.6762574,0.68254477,0.6615758,0.65755576,0.6643805
3777,0.6157975,0.6256601,0.67936105,0.67057943,0.70450836,0.6331566,0.6391121,0.6816209,0.692724,0.665882,0.6625345,0.67354697
3778,0.6378674,0.6456112,0.69124734,0.6856703,0.71251255,0.6423898,0.6471468,0.6872155,0.69294894,0.667212,0.6616298,0.67234635
3779,0.6197139,0.6264272,0.6877863,0.6809308,0.7033923,0.6470544,0.6327902,0.68733346,0.68175906,0.6665517,0.65428114,0.6590694
3780,0.59824294,0.6035114,0.6804875,0.668805,0.6945957,0.6452518,0.6216779,0.6840061,0.6747554,0.6686194,0.6499544,0.6502439
3781,0.59451216,0.59893644,0.6787481,0.6638571,0.69478005,0.6417117,0.6229931,0.68152493,0.67548543,0.6717235,0.65028673,0.6497986
3782,0.5891418,0.5943883,0.67705846,0.6610069,0.6936301,0.63889587,0.6217124,0.6796025,0.6741694,0.6717398,0.64907014,0.6480046
3783,0.5805645,0.58693224,0.67402893,0.6569717,0.6906875,0.6362593,0.6180107,0.67753416,0.6720365,0.67094517,0.6473265,0.64564675
3784,0.5765544,0.58394444,0.6716368,0.6539031,0.68867475,0.6329801,0.61671996,0.67466664,0.67121005,0.6699545,0.64591056,0.6443748
3785,0.65497,0.6582208,0.6998266,0.68854374,0.7236823,0.63730395,0.66470814,0.6812125,0.69817924,0.6786223,0.6588518,0.66955227
3786,0.64926136,0.6542002,0.70340234,0.6985639,0.7192611,0.6463728,0.6530161,0.6859293,0.6862013,0.67236465,0.65057135,0.65656155
3787,0.64903975,0.6514437,0.70433134,0.6989252,0.71801805,0.64915216,0.65097463,0.68528295,0.68420285,0.67463094,0.6474778,0.65121996
3788,0.6610406,0.6607894,0.70967597,0.70454854,0.7236267,0.6504074,0.65841514,0.685717,0.6866816,0.6783497,0.6476399,0.65089136
3789,0.6827749,0.6800043,0.7193312,0.7164816,0.73330086,0.65282685,0.67091155,0.6874405,0.6909429,0.68164086,0.64812523,0.6522668
3790,0.6895888,0.68542296,0.72433275,0.72381294,0.735979,0.6555617,0.67291653,0.6881569,0.6888223,0.68230796,0.64459604,0.64698505
3791,0.744966,0.7350424,0.74597317,0.749633,0.7590264,0.65944844,0.7058877,0.6916807,0.702659,0.6895791,0.64878243,0.6568554
3792,0.7468436,0.73591304,0.7514455,0.7603952,0.75849545,0.6656227,0.70088655,0.69352645,0.69355047,0.68748397,0.64018184,0.64323556
3793,0.7539093,0.7395632,0.75596833,0.7657052,0.7609708,0.6671724,0.70379746,0.6918817,0.69199616,0.6907256,0.6354534,0.6358536
3794,0.7559737,0.73929006,0.75886655,0.76950574,0.7624914,0.6669767,0.7050426,0.689973,0.68935424,0.69312793,0.6307385,0.6280033
3795,0.7748231,0.75494283,0.7675076,0.7799016,0.7714482,0.66641504,0.7176325,0.688981,0.692791,0.6972237,0.6291726,0.6265709
3796,0.7836576,0.76210517,0.7733303,0.78882456,0.77560955,0.6667284,0.7221328,0.6879063,0.6910239,0.69824016,0.6243904,0.61997527
3797,0.7812795,0.7586723,0.77439046,0.7916913,0.7747891,0.6656993,0.72008324,0.68488896,0.68690604,0.6985399,0.6181436,0.6106089
3798,0.8066492,0.7807376,0.78453964,0.80402035,0.7857285,0.6641541,0.7369098,0.68312806,0.6925275,0.70252407,0.61730623,0.61156416
3799,0.80115986,0.77514863,0.7852218,0.8082256,0.7835459,0.6642242,0.73149145,0.6811169,0.6857314,0.7008168,0.60975236,0.59991485
3800,0.78204983,0.7559853,0.7792252,0.8020881,0.7759823,0.66097295,0.72038287,0.6759741,0.67888695,0.7002733,0.6025082,0.58787656
3801,0.7580709,0.73254585,0.77039987,0.7912975,0.76732826,0.65477586,0.709045,0.6698091,0.673444,0.7002329,0.59722793,0.5784832
3802,0.77272266,0.7460992,0.7749141,0.7958896,0.77583796,0.64892274,0.72340244,0.6664109,0.68162113,0.703975,0.5996157,0.5840903
3803,0.78927106,0.76278156,0.7818625,0.80691266,0.7833774,0.6473657,0.7339986,0.6657404,0.6848905,0.7034683,0.5987233,0.5855811
3804,0.72660387,0.7042656,0.76032555,0.7849062,0.7557171,0.64463663,0.69250816,0.6602534,0.66269535,0.69476277,0.5848053,0.56105864
3805,0.68255585,0.6609367,0.7410349,0.7576123,0.73857397,0.6341585,0.6725187,0.6518378,0.6574683,0.6956521,0.58279663,0.5551461
3806,0.64106196,0.62239796,0.72289526,0.7330486,0.72387546,0.6226364,0.6549038,0.6455552,0.6530971,0.694301,0.5831682,0.5533719
3807,0.5960992,0.5817181,0.703044,0.7069281,0.7071159,0.6113157,0.63425803,0.6400475,0.6478251,0.6906351,0.5838984,0.552999
3808,0.5647487,0.555016,0.68712926,0.68594503,0.6961438,0.600823,0.6217117,0.63569224,0.6480601,0.6874929,0.58793753,0.5590814
3809,0.55053353,0.54584247,0.6775589,0.6744578,0.6921724,0.59326065,0.61775404,0.6336982,0.65278834,0.6840423,0.5940056,0.56984514
3810,0.52865887,0.5290058,0.66612625,0.6615813,0.6832103,0.58859354,0.60626966,0.63328844,0.6519536,0.67809933,0.59752184,0.57598746
3811,0.5104686,0.5147616,0.655419,0.64875245,0.6752238,0.58486885,0.5968697,0.6331212,0.6524548,0.6735892,0.6021003,0.58331704
3812,0.50372225,0.5114035,0.6489197,0.6412271,0.6722271,0.5826564,0.5940318,0.63414973,0.6562555,0.67031944,0.6084116,0.59352875
3813,0.5045793,0.51522964,0.64598465,0.63856745,0.6719966,0.58284926,0.59439164,0.63665086,0.66076297,0.6671291,0.6147936,0.60407037
3814,0.4930305,0.5062273,0.6394224,0.6310163,0.6652702,0.58408725,0.58610684,0.63916314,0.6589025,0.6626769,0.6181075,0.60857356
3815,0.48705858,0.5018015,0.63427776,0.6240357,0.66126174,0.5848443,0.582204,0.641177,0.65983546,0.6604702,0.62287974,0.6151391
3816,0.49129698,0.50734717,0.6332931,0.6223772,0.66211355,0.5865902,0.58426416,0.64417034,0.66370815,0.6591898,0.62892115,0.6240819
3817,0.49598172,0.5132386,0.6334331,0.6223882,0.6626931,0.5897839,0.58549637,0.6477906,0.66602135,0.6573599,0.6337094,0.63115233
3818,0.49009183,0.5083097,0.63020027,0.61773044,0.65820205,0.5927674,0.5802449,0.65056854,0.6638106,0.65496373,0.6359818,0.63358045
3819,0.48787042,0.506451,0.62777436,0.61326385,0.6558144,0.59471273,0.5782755,0.65264875,0.6638299,0.65420234,0.6392898,0.63759017
3820,0.49426863,0.5131338,0.6287884,0.6132958,0.6576935,0.5971789,0.58142465,0.65544814,0.666681,0.65417355,0.64379966,0.6439284
3821,0.5160076,0.53474444,0.63591737,0.62143713,0.66593385,0.6016853,0.5924879,0.6596115,0.67353517,0.65486944,0.6495599,0.6533365
3822,0.55280995,0.57028383,0.65030426,0.6390747,0.6808066,0.6102087,0.61087924,0.6667811,0.6836139,0.65694964,0.6563843,0.6650656
3823,0.54142493,0.55905557,0.6488331,0.6375054,0.67317784,0.6175418,0.5990783,0.6703475,0.67404354,0.6538478,0.6523808,0.6573378
3824,0.5435652,0.55915827,0.64933944,0.63523036,0.6729765,0.6203751,0.59973174,0.67135704,0.6741363,0.6565137,0.6535401,0.65777946
3825,0.53556156,0.55067956,0.6467298,0.63006556,0.66884345,0.62140125,0.59477454,0.6715582,0.6699677,0.65674186,0.6524852,0.6546601
3826,0.5412825,0.55570096,0.64842725,0.6301281,0.671352,0.6219598,0.5987683,0.6720388,0.6720745,0.65861124,0.6544231,0.6572439
3827,0.5419112,0.55652493,0.6492678,0.63028514,0.6716385,0.62324953,0.598838,0.6730427,0.67137444,0.6586733,0.65466285,0.6573432
3828,0.5501875,0.56445396,0.6526378,0.6335124,0.6753611,0.6249835,0.6034862,0.6744472,0.6738587,0.6599083,0.65633446,0.6600875
3829,0.596859,0.60868555,0.6703663,0.6548391,0.6958442,0.6306198,0.62994945,0.67996097,0.6884592,0.6648863,0.66385806,0.6738063
3830,0.7133434,0.7162112,0.7162967,0.7115319,0.7437807,0.6461485,0.69449323,0.6951779,0.7184562,0.67570597,0.6776761,0.7024413
3831,0.90072906,0.8801705,0.7925352,0.80453753,0.812975,0.6750155,0.7942844,0.72385037,0.74959296,0.6922166,0.6913356,0.73621374
3832,0.8068452,0.7936046,0.77281123,0.7976398,0.76797694,0.7002432,0.70919675,0.72343534,0.6923311,0.6756032,0.6500658,0.66295236
3833,0.7432884,0.72479373,0.7493832,0.75967354,0.7419237,0.6929565,0.67564976,0.7077268,0.6769131,0.68420786,0.6346649,0.6336275
3834,0.6958003,0.6763575,0.7319808,0.7307912,0.72772056,0.6786381,0.6592543,0.69564635,0.66815174,0.690374,0.62856644,0.6185831
3835,0.66791177,0.6507219,0.7214292,0.7136892,0.72203696,0.6644998,0.6536409,0.6860772,0.6662985,0.6929874,0.6264751,0.61352247
3836,0.6790353,0.6642253,0.7250975,0.71730834,0.73190075,0.65502495,0.6684301,0.68130213,0.6758257,0.69543505,0.6296216,0.62065285
3837,0.67752993,0.66645104,0.72611654,0.72160023,0.7337112,0.65062684,0.6695689,0.6788107,0.6760301,0.69211,0.62711906,0.6192968
3838,0.68588376,0.6761237,0.7297146,0.7281994,0.7385515,0.6481288,0.6759069,0.67705935,0.67984825,0.69137764,0.626583,0.6209567
3839,0.7244126,0.7130361,0.74444735,0.7484725,0.7553471,0.64891505,0.69952077,0.67863107,0.6911164,0.6938304,0.62976307,0.6297221
3840,0.7222505,0.71140355,0.746462,0.7556242,0.75344193,0.65206707,0.6938333,0.6793166,0.68480027,0.6902192,0.6236736,0.62059355
3841,0.7358398,0.7224216,0.7520098,0.7631376,0.7588507,0.6528183,0.7015323,0.6786088,0.6877336,0.6926581,0.6226938,0.61975944
3842,0.7413189,0.72633827,0.7554683,0.7690751,0.7611488,0.65359306,0.7037809,0.6781955,0.6865564,0.69332266,0.6198645,0.6152015
3843,0.7660028,0.74785924,0.7654936,0.78194165,0.77159005,0.65447116,0.71872944,0.678559,0.69192296,0.6966263,0.6201321,0.61705124
3844,0.75981086,0.74120176,0.76547956,0.7847362,0.76845396,0.6557979,0.71223074,0.67754954,0.6852325,0.69497126,0.6137953,0.6065899
3845,0.7562477,0.73615074,0.76477367,0.78401977,0.76713425,0.6542133,0.71055377,0.67464596,0.6833117,0.696322,0.61028105,0.60068685
3846,0.7765133,0.7539418,0.77257276,0.7933677,0.7763209,0.6526819,0.7246175,0.6735131,0.68884385,0.69970167,0.6108519,0.60301363
3847,0.76903707,0.74675864,0.7716943,0.7949509,0.7730412,0.65258646,0.7183098,0.67192006,0.6827896,0.6976913,0.60501564,0.59374696
3848,0.77046204,0.7469707,0.7725768,0.79618263,0.77401084,0.65065193,0.72016156,0.6693159,0.6829848,0.6990967,0.6027453,0.590589
3849,0.7371641,0.7152419,0.7611783,0.78374565,0.7602891,0.64726114,0.69999534,0.66495883,0.67201406,0.69603884,0.5953077,0.5770154
3850,0.7558423,0.73213196,0.7662989,0.7878407,0.76981175,0.64215314,0.71660215,0.66183996,0.6822386,0.70091283,0.599338,0.58515996
3851,0.725266,0.7046768,0.7561424,0.778476,0.7567364,0.6395898,0.6966856,0.6589435,0.6705911,0.6953052,0.59204906,0.5726911
3852,0.6812132,0.66246885,0.73862284,0.7559479,0.7386174,0.6328668,0.6728429,0.65303886,0.66108197,0.69285005,0.5873404,0.5630963
3853,0.65020496,0.63340837,0.7244295,0.736072,0.72763914,0.6236346,0.660313,0.64758795,0.6590992,0.6926541,0.5882827,0.5628562
3854,0.60902137,0.59592515,0.70673966,0.7130408,0.71193516,0.61445296,0.64045364,0.6430366,0.65295666,0.6890712,0.58806616,0.56085014
3855,0.57230794,0.5631177,0.6895408,0.69010395,0.69806135,0.60494286,0.6238172,0.6387561,0.6499042,0.68586004,0.59024054,0.5631887
3856,0.5468628,0.54205483,0.6759971,0.6724499,0.68901485,0.59654653,0.6134785,0.63586396,0.65062696,0.6825984,0.5946846,0.5700134
3857,0.53882694,0.5384866,0.66896975,0.66424924,0.687104,0.5910636,0.6120535,0.63512075,0.65604955,0.67949575,0.6010919,0.5813171
3858,0.5210995,0.52516454,0.65951675,0.6537983,0.67935187,0.5882518,0.60205805,0.63569397,0.6550867,0.6739144,0.60447854,0.5870422
3859,0.5058766,0.5131991,0.65035087,0.64266074,0.6721995,0.58594406,0.59374315,0.63616997,0.6552576,0.66993535,0.60876036,0.593608
3860,0.49653062,0.5066741,0.6433472,0.6340602,0.6675548,0.5844,0.5888401,0.6372832,0.6568638,0.66673595,0.6139289,0.60141224
3861,0.50465804,0.5170363,0.6431219,0.6342563,0.67066747,0.58510196,0.5937659,0.6400646,0.66370106,0.66506857,0.62129027,0.61352694
3862,0.4977166,0.512365,0.6390006,0.6298804,0.66596156,0.5875096,0.5877096,0.6432759,0.6622391,0.6609604,0.6244122,0.6178454
3863,0.49132192,0.5071405,0.6344055,0.6234962,0.6615114,0.58910924,0.5829994,0.64545006,0.6618496,0.65882444,0.6280623,0.62253547
3864,0.4874509,0.5042796,0.6307972,0.61806935,0.658485,0.5903568,0.5802264,0.6475544,0.6621543,0.65725994,0.63204104,0.627648
3865,0.49746546,0.5149502,0.6325407,0.61947125,0.66196126,0.59281945,0.58553267,0.65076286,0.6670993,0.6570383,0.6379665,0.63658845
3866,0.4978683,0.5163065,0.63211006,0.6186234,0.6606154,0.59638035,0.58386046,0.6541431,0.6666313,0.65504867,0.64073807,0.6402109
3867,0.51408684,0.5322223,0.63708824,0.6238043,0.6666453,0.6006985,0.5920376,0.65812093,0.6724276,0.65596163,0.6463266,0.64881873
3868,0.5943385,0.6086142,0.6666352,0.6598454,0.7009435,0.61168647,0.6370007,0.6688921,0.6980819,0.6631589,0.66085047,0.6753927
3869,0.6239362,0.63669485,0.6830357,0.68267983,0.710164,0.6278754,0.64477736,0.6795219,0.69655186,0.661529,0.6602019,0.67463017
3870,0.8507506,0.8364165,0.76768875,0.78002137,0.79884064,0.6516256,0.77726454,0.7065923,0.7535671,0.68855333,0.68781435,0.7347566
3871,0.743094,0.73824483,0.7445626,0.76973325,0.7470406,0.67963666,0.68226403,0.7100404,0.68832207,0.66712576,0.64628625,0.658839
3872,0.69651353,0.6848206,0.72616315,0.73531353,0.72732717,0.6744949,0.6591107,0.6976629,0.67915624,0.67812955,0.63726276,0.6391253
3873,0.70019335,0.68502885,0.7275359,0.72917783,0.73416466,0.66679263,0.6710164,0.6929954,0.68442017,0.68835396,0.64042133,0.6396945
3874,0.6699139,0.6575633,0.7192216,0.71773386,0.7249126,0.6608172,0.6568919,0.6880242,0.67456394,0.68683434,0.63376087,0.6272807
3875,0.64038694,0.6304998,0.7086983,0.7024193,0.71542156,0.6524458,0.6447231,0.68114257,0.669093,0.6863748,0.6295367,0.61995125
3876,0.6038814,0.59744096,0.694729,0.68358207,0.7026986,0.64267844,0.62863886,0.6741609,0.662175,0.684111,0.62569225,0.6131577
3877,0.6251471,0.6199927,0.70009995,0.68916714,0.7153912,0.6358252,0.64776003,0.67148215,0.6762286,0.68763274,0.63271564,0.62645006
3878,0.6269552,0.6251882,0.70166147,0.6943763,0.7168764,0.6343958,0.64850277,0.6714474,0.67627686,0.68343955,0.63173556,0.62699306
3879,0.6082506,0.6089366,0.69442993,0.6872725,0.7074999,0.6321372,0.63618004,0.66847557,0.6698916,0.6788137,0.6273179,0.62075424
3880,0.59877175,0.60023135,0.68953633,0.6811387,0.70394516,0.62894666,0.63226336,0.6663458,0.66991526,0.6783457,0.6278032,0.6211743
3881,0.59134966,0.593918,0.68573,0.6767938,0.7016029,0.6262435,0.62943745,0.6653026,0.67017376,0.6774465,0.62892145,0.622506
3882,0.58485585,0.58861345,0.68231726,0.67304736,0.6993926,0.6241453,0.6267041,0.6646653,0.67045546,0.67625535,0.63009465,0.62412816
3883,0.61836565,0.6213266,0.69337124,0.68722034,0.7147393,0.62512904,0.6479155,0.6673534,0.6839398,0.6792778,0.63743925,0.637803
3884,0.6238865,0.6276413,0.69703704,0.6946342,0.71596193,0.6294408,0.64754575,0.6705798,0.6821565,0.6763176,0.6364093,0.63671947
3885,0.6337887,0.63626134,0.7009999,0.699982,0.7191097,0.632717,0.6514791,0.6723534,0.68400025,0.6770424,0.637076,0.6379733
3886,0.69149846,0.689266,0.7226553,0.7264303,0.74323165,0.638545,0.68514454,0.6781589,0.7003083,0.68338186,0.644608,0.6527868
3887,0.7159576,0.71136856,0.73557734,0.7455425,0.7511738,0.648041,0.6929238,0.6839282,0.6984755,0.68277085,0.6416944,0.6489249
3888,0.72557616,0.71762574,0.74180543,0.75390375,0.75317246,0.6545322,0.69384986,0.6858559,0.69489926,0.6843658,0.6373297,0.6414325
3889,0.717015,0.70675427,0.7406311,0.7521207,0.7487342,0.6567041,0.68658835,0.684617,0.6880602,0.6857208,0.63158035,0.6304687
3890,0.72194874,0.70895207,0.7432653,0.7535574,0.7514291,0.6559018,0.69088835,0.6828618,0.6885523,0.68959725,0.62997997,0.62715703
3891,0.71725065,0.7035477,0.74298257,0.7531177,0.750062,0.6545992,0.688595,0.6807562,0.68504554,0.69036967,0.62608975,0.62052584
3892,0.7215351,0.70676744,0.745366,0.7555601,0.75277376,0.65274835,0.69268805,0.6787474,0.68585116,0.69230646,0.6243715,0.61833036
3893,0.72991157,0.7143242,0.74957824,0.7612107,0.7570337,0.651746,0.69849396,0.6776408,0.68703455,0.69353795,0.622726,0.6167977
3894,0.739167,0.7227363,0.7541746,0.7678792,0.76103354,0.6514925,0.70386034,0.6767073,0.687619,0.6942032,0.6204514,0.6145499
3895,0.7501459,0.73245907,0.75947607,0.77551,0.765611,0.6518195,0.7099324,0.67612237,0.6884211,0.695134,0.61824614,0.6123635
3896,0.7497941,0.7314694,0.7607139,0.77851504,0.7651504,0.65191424,0.70854336,0.67469823,0.6853501,0.6948179,0.614031,0.60612345
3897,0.74191475,0.7230816,0.75867766,0.77670807,0.76208377,0.6504914,0.7039041,0.6722099,0.68176204,0.69491583,0.61000156,0.5994369
3898,0.74209505,0.72253174,0.7587989,0.77678984,0.76266557,0.64787453,0.7055365,0.66952777,0.6819554,0.69614774,0.6082182,0.596942
3899,0.7350193,0.71571356,0.7567958,0.7752236,0.7604132,0.6455651,0.70216125,0.6672701,0.6794768,0.69573355,0.60533243,0.59237325
3900,0.69831055,0.68082005,0.7436078,0.75976545,0.74545544,0.64130586,0.68092465,0.66288596,0.66896254,0.6926691,0.59904,0.5806569
3901,0.6423102,0.62705016,0.72133374,0.7303855,0.72263354,0.63223326,0.65143615,0.65579563,0.65651625,0.68977195,0.5936928,0.56926966
3902,0.6010702,0.5883794,0.7025132,0.70374984,0.70765346,0.62032825,0.63435537,0.64899004,0.6528389,0.689124,0.5947424,0.5687298
3903,0.5823921,0.57360476,0.691878,0.68929833,0.7029576,0.6102974,0.63008124,0.64496434,0.65644616,0.6879645,0.59963846,0.5764548
3904,0.55687356,0.5530622,0.67972606,0.67494273,0.6935887,0.6032486,0.61815244,0.6427188,0.654728,0.68291885,0.6017556,0.58022845
3905,0.5331623,0.53361154,0.66742676,0.65992975,0.6839538,0.5972121,0.6066345,0.6406865,0.6536855,0.6783991,0.604563,0.5849483
3906,0.5188746,0.5230829,0.65830946,0.64897853,0.67830944,0.5925262,0.60044765,0.63985914,0.65560776,0.6748732,0.6092284,0.59262216
3907,0.5187193,0.5262077,0.65478283,0.64563864,0.6785955,0.590479,0.6016015,0.6409871,0.661154,0.6721371,0.61553335,0.6034635
3908,0.5086591,0.51921743,0.64875656,0.6394253,0.6732192,0.5904204,0.5948041,0.64282244,0.66056097,0.6675712,0.6188101,0.6086164
3909,0.49880898,0.511423,0.6422895,0.63148916,0.6675702,0.59023255,0.58854973,0.6440702,0.66025084,0.6644279,0.62236494,0.6136441
3910,0.49541706,0.50964403,0.6382571,0.626267,0.6651032,0.59044325,0.586456,0.64583665,0.6620526,0.6624278,0.6270879,0.6204318
3911,0.5037344,0.51918674,0.639075,0.627313,0.6679216,0.59238046,0.5907829,0.64895153,0.6670931,0.6613718,0.63311654,0.6298254
3912,0.5085271,0.52506405,0.6397672,0.62843037,0.6685713,0.5959503,0.59169585,0.6526645,0.6689001,0.6594377,0.6371338,0.635812
3913,0.5117524,0.5287039,0.6400117,0.62832093,0.66830075,0.5996323,0.59168667,0.655896,0.6697892,0.6582227,0.6404002,0.6402869
3914,0.5090374,0.52621824,0.6382747,0.62525547,0.66553414,0.60258895,0.58855385,0.6583479,0.6684324,0.6570826,0.6424204,0.64229774
3915,0.5018571,0.51925766,0.6346416,0.6193145,0.6610107,0.6040586,0.58361644,0.6596078,0.66595787,0.6561058,0.643717,0.6430054
3916,0.50703293,0.5244408,0.6349686,0.61820835,0.66221946,0.60514176,0.5864801,0.6609181,0.6682684,0.6564104,0.6471289,0.64780617
3917,0.61122537,0.6234621,0.67212903,0.66332614,0.7074294,0.61523885,0.6470684,0.6722214,0.70339876,0.6666352,0.6658756,0.6830072
3918,0.5756171,0.5913178,0.6655617,0.6604245,0.6860501,0.6273108,0.6135005,0.67617095,0.6765953,0.6547572,0.6508486,0.65760154
3919,0.55570215,0.56841785,0.6575821,0.64595664,0.6756784,0.62825567,0.6017239,0.673602,0.67033935,0.65787995,0.647762,0.6502639
3920,0.54093546,0.5525827,0.65143883,0.6347051,0.67008924,0.6256046,0.59583014,0.6716301,0.66660166,0.6601545,0.6475091,0.64716184
3921,0.53846574,0.5503108,0.6496094,0.63017315,0.6699997,0.62293434,0.59684414,0.6703082,0.66737074,0.66145515,0.64899975,0.648679
3922,0.5334122,0.5464777,0.64762336,0.6268895,0.6683844,0.62142867,0.59494084,0.6696998,0.6663012,0.6606655,0.64911896,0.6487867
3923,0.5206784,0.5351302,0.6426513,0.6200987,0.6629411,0.6194836,0.5882905,0.6683382,0.66269475,0.65898687,0.64780706,0.64659756
3924,0.6552521,0.6618008,0.690023,0.677329,0.7223558,0.6283796,0.66951805,0.6805938,0.7100242,0.6744327,0.6716584,0.69224083
3925,0.68266857,0.68974465,0.70934004,0.70876044,0.7299693,0.6477447,0.6713291,0.69288045,0.70101917,0.66801184,0.66468894,0.68229574
3926,0.69376963,0.6963047,0.71746004,0.7186934,0.7312533,0.65900826,0.6701504,0.69601643,0.6960089,0.6707934,0.6585662,0.67182267
3927,0.67551696,0.6750518,0.7138475,0.71279025,0.7228644,0.66259587,0.65675986,0.6945606,0.6851573,0.6731369,0.6505261,0.6559132
3928,0.64880717,0.6465604,0.7052551,0.6990674,0.71283376,0.6593938,0.64337903,0.6897183,0.67647856,0.6758801,0.64434505,0.6433197
3929,0.627867,0.6253194,0.6976932,0.68675643,0.70648575,0.653013,0.6358504,0.68444407,0.6722598,0.6781907,0.6412498,0.63674134
3930,0.61326736,0.6118268,0.69217664,0.6783805,0.70298177,0.6464448,0.6318892,0.68003094,0.6706247,0.6789701,0.6397068,0.6339279
3931,0.59262425,0.59349334,0.68426996,0.66832745,0.6959767,0.63993555,0.6231347,0.6754929,0.66652715,0.6771846,0.6368587,0.6296779
3932,0.6241037,0.62476546,0.69432956,0.6806018,0.71181417,0.6369999,0.64563483,0.6753753,0.68100053,0.68106246,0.6435411,0.64288294
3933,0.66932625,0.66920334,0.7126976,0.7063799,0.7314035,0.64138067,0.6708984,0.6804691,0.6927514,0.68231267,0.6477618,0.6535158
3934,0.6949222,0.6934311,0.7252498,0.72564906,0.7401928,0.64875776,0.68045586,0.6847527,0.6937423,0.68130404,0.6453925,0.65207154
3935,0.7012456,0.6975507,0.73003435,0.73351115,0.7409372,0.6540106,0.6796122,0.6859506,0.689848,0.6814506,0.64052844,0.6444075
3936,0.74131536,0.7320598,0.74607533,0.75255203,0.75717396,0.6581282,0.70259196,0.6885769,0.6986402,0.6877811,0.6425409,0.6489392
3937,0.8058842,0.7890597,0.77321965,0.7866152,0.7827993,0.66619945,0.7380445,0.69550574,0.7094444,0.6944399,0.6449722,0.6559934
3938,0.75294906,0.7383118,0.75952065,0.77642006,0.75839025,0.67176634,0.6966916,0.6924391,0.68160176,0.68654305,0.6249722,0.6211076
3939,0.69286376,0.6773244,0.7368014,0.744709,0.73375607,0.6632445,0.664742,0.6813017,0.66645986,0.68771785,0.6140481,0.6002251
3940,0.66311204,0.6477462,0.7235029,0.7236113,0.7250042,0.6503931,0.65656173,0.67220384,0.6648772,0.6913583,0.6133033,0.59646463
3941,0.63633674,0.6242378,0.71217453,0.708499,0.71703285,0.6392428,0.6475244,0.6654879,0.66224307,0.6900112,0.61206645,0.5940982
3942,0.6217819,0.61325985,0.70482457,0.69951636,0.71325594,0.63029027,0.6440508,0.66037065,0.6634867,0.6880049,0.6126174,0.5962815
3943,0.66418135,0.6566167,0.7183212,0.7176559,0.7334459,0.62709534,0.6735081,0.6607069,0.68202937,0.69060284,0.6209039,0.6146564
3944,0.7094137,0.7018991,0.7366156,0.7451727,0.751719,0.6322947,0.6973902,0.6660819,0.69206303,0.6892258,0.62379587,0.62466514
3945,0.7258262,0.7174313,0.7452167,0.7603902,0.75572205,0.63991606,0.7002437,0.66989154,0.6896887,0.6863799,0.6201014,0.6205483
3946,0.73851144,0.7272024,0.7510769,0.7689788,0.7587655,0.644847,0.7037264,0.67125785,0.68878096,0.68741953,0.61754644,0.61652136
3947,0.7798547,0.7631179,0.76739657,0.78870755,0.77492416,0.64948344,0.7270457,0.6744939,0.69704026,0.6927739,0.61988926,0.6217338
3948,0.7517336,0.7352298,0.76054215,0.784015,0.76162124,0.6535695,0.7040606,0.67384887,0.68070424,0.68868196,0.6088877,0.6013362
3949,0.7170285,0.69941527,0.74780154,0.7661559,0.7476258,0.6496023,0.6851585,0.6682824,0.6717748,0.68996286,0.602972,0.5886639
3950,0.6949016,0.677199,0.7387371,0.7521264,0.74096686,0.64231616,0.6776393,0.6632154,0.6697937,0.692337,0.60223854,0.58512753
3951,0.67158556,0.655827,0.72941196,0.7394886,0.7336347,0.63510907,0.66843677,0.65893185,0.666933,0.6917495,0.60126466,0.58245414
3952,0.64268,0.6297512,0.7176146,0.7242399,0.72340655,0.62788564,0.6552305,0.65472466,0.6627889,0.68953764,0.6000959,0.5798339
3953,0.6217439,0.6116097,0.7078643,0.71139085,0.7166072,0.6207915,0.64719874,0.6512045,0.6624495,0.68800217,0.6014956,0.5818387
3954,0.6156281,0.6082461,0.70347565,0.7060933,0.716021,0.6156036,0.6472577,0.64960223,0.6664588,0.68679875,0.6051677,0.5885121
3955,0.6065671,0.60213864,0.69867986,0.7013675,0.71297926,0.6127694,0.6431428,0.6492615,0.66721153,0.68373287,0.6071767,0.59243333
3956,0.5924356,0.59041834,0.6918414,0.69359624,0.7070855,0.610614,0.63538224,0.64893925,0.6660446,0.68069893,0.60863155,0.594671
3957,0.58308804,0.5828792,0.68631315,0.68677914,0.7033661,0.6085833,0.63100415,0.6488966,0.6670004,0.6789529,0.61157954,0.5990431
3958,0.58881974,0.58991194,0.6864737,0.6872381,0.70633507,0.60806763,0.6354805,0.6503278,0.6724912,0.6784941,0.616648,0.6075708
3959,0.586143,0.58880556,0.68463564,0.6858977,0.70467544,0.60927093,0.632875,0.6523533,0.6726555,0.67603564,0.61887926,0.6110297
3960,0.5788929,0.58253497,0.68081564,0.68111587,0.7007711,0.6101335,0.6278066,0.65361226,0.67164683,0.6742635,0.6206397,0.613095
3961,0.57352716,0.5778595,0.6774302,0.6762562,0.69802713,0.61041534,0.6246433,0.6546612,0.6717901,0.67341125,0.62318677,0.61621356
3962,0.58136576,0.58600783,0.6790158,0.6776386,0.70143336,0.61150885,0.62960136,0.65674865,0.6763149,0.67386526,0.62771034,0.62325376
3963,0.58036315,0.5857952,0.67843163,0.67703444,0.7004199,0.6137135,0.6277698,0.6591116,0.6759242,0.67242277,0.6294964,0.62555975
3964,0.608863,0.61313266,0.6881761,0.6884987,0.71256405,0.617335,0.64440614,0.6629936,0.6860652,0.67512935,0.63593954,0.6369431
3965,0.6306858,0.634229,0.6973577,0.7008567,0.7201864,0.62364423,0.6537438,0.66773576,0.68914586,0.6748714,0.63789475,0.64099437
3966,0.96359956,0.92304724,0.8161909,0.8376142,0.8495833,0.6448948,0.86019427,0.7052523,0.77392894,0.71292394,0.6805395,0.7424011
3967,0.90328497,0.8752553,0.8153308,0.86623234,0.81448555,0.6897198,0.7747942,0.71924335,0.7067046,0.685214,0.6367669,0.6604129
3968,0.8758847,0.84029704,0.80716145,0.84855527,0.79965127,0.69550943,0.7519492,0.7095766,0.6953364,0.69460535,0.62183386,0.6308481
3969,0.82062924,0.7839752,0.7898588,0.8225601,0.7799423,0.689722,0.7231358,0.69917244,0.6784233,0.6993114,0.6087652,0.60144603
3970,0.76787794,0.7323713,0.77143884,0.7940324,0.76309824,0.6766171,0.70155615,0.68687195,0.668342,0.70308906,0.6010069,0.5833698
3971,0.7234493,0.6914851,0.75511616,0.76956046,0.75025856,0.6615802,0.6860085,0.67580444,0.662872,0.7043721,0.59715503,0.57407886
3972,0.686694,0.659911,0.7405906,0.7492578,0.73941076,0.647216,0.6733243,0.66612375,0.65974253,0.70281094,0.5950592,0.5699479
3973,0.6591844,0.63785493,0.72887266,0.7340961,0.73169315,0.6350346,0.66436386,0.6587853,0.6594657,0.7000734,0.5950218,0.570457
3974,0.62495214,0.60928744,0.71444887,0.7167403,0.7196923,0.62476134,0.6489524,0.6528796,0.65590143,0.6951016,0.59413975,0.5694231
3975,0.6048891,0.5937762,0.70402896,0.70408314,0.71351,0.61592376,0.6420272,0.6485015,0.6580455,0.69207543,0.5969636,0.57465136
3976,0.6087681,0.6013938,0.70261776,0.70387244,0.7174391,0.6107196,0.6481162,0.6473866,0.66670877,0.69029695,0.60297394,0.58631116
3977,0.60939413,0.60540366,0.7014776,0.7053403,0.71825117,0.6096193,0.6485911,0.6485346,0.6702681,0.68634874,0.6062869,0.5932183
3978,0.62248653,0.6198728,0.7048367,0.7115286,0.7237516,0.61088365,0.65596616,0.6508421,0.67712957,0.68490106,0.6110917,0.602549
3979,0.6077766,0.60682994,0.6990795,0.70636505,0.71608347,0.61286783,0.64447486,0.65257514,0.6721685,0.68057865,0.6106081,0.60066277
3980,0.6259577,0.6241715,0.7036687,0.7114681,0.7237376,0.6140816,0.6561037,0.6544764,0.681186,0.6827218,0.6169373,0.61125094
3981,0.6311465,0.6297397,0.7056687,0.7152073,0.7249663,0.61746645,0.65692717,0.65760386,0.6814808,0.68101484,0.61866367,0.613661
3982,0.70697576,0.7004531,0.73303485,0.74841,0.75677234,0.62413234,0.70259535,0.6649179,0.704851,0.6884743,0.6301583,0.63723373
3983,0.75329053,0.743181,0.75454307,0.7788251,0.77300566,0.6377577,0.72165275,0.67485297,0.7070382,0.68804395,0.63003224,0.6392788
3984,0.7954624,0.77891874,0.77354807,0.80310065,0.7866644,0.6502906,0.73889107,0.6818258,0.70867825,0.691292,0.628583,0.6379637
3985,0.7435814,0.72731686,0.7582929,0.7873495,0.761408,0.6566874,0.6986335,0.6796159,0.6830163,0.68615854,0.6124517,0.60679126
3986,0.6908361,0.67294425,0.73788476,0.75669914,0.73960525,0.6501834,0.6709017,0.67141175,0.6704374,0.68890774,0.60567343,0.5905559
3987,0.660672,0.6430808,0.7248607,0.7351852,0.7304163,0.63976413,0.6613459,0.6648053,0.6683198,0.6924453,0.6064452,0.5880836
3988,0.6231106,0.6090379,0.70977455,0.7140753,0.71747047,0.6298839,0.6450893,0.65930706,0.66233987,0.69054794,0.6053129,0.5843792
3989,0.5930888,0.58297336,0.69629246,0.69536084,0.70722437,0.6203084,0.6330292,0.65428466,0.66015536,0.68837225,0.6063761,0.58554083
3990,0.57850355,0.572489,0.68807393,0.6844864,0.70332366,0.6126983,0.62915754,0.6512371,0.662783,0.68623406,0.60998344,0.59196174
3991,0.5686403,0.5667784,0.6819813,0.67766696,0.70013607,0.6079258,0.62561524,0.6499322,0.6647724,0.68264997,0.6130763,0.59810245
3992,0.548918,0.5508586,0.67239314,0.6665684,0.6912047,0.6044619,0.61445165,0.6488075,0.6619011,0.67770016,0.6140428,0.5999596
3993,0.583261,0.5862646,0.6815867,0.6785318,0.70689684,0.6041826,0.63699913,0.6510228,0.6788253,0.6797578,0.62424463,0.6192731
3994,0.640339,0.64288676,0.7029031,0.7082155,0.7304237,0.6119445,0.6681032,0.6591749,0.6951681,0.68041533,0.63273966,0.6377047
3995,0.6273591,0.6311424,0.70097005,0.7099019,0.7204808,0.6214834,0.65115327,0.6638015,0.68251836,0.67346805,0.62659246,0.626735
3996,0.6022242,0.60468835,0.6909488,0.695539,0.7072028,0.6233368,0.6340519,0.6628335,0.6738654,0.6729543,0.62360406,0.6188099
3997,0.57778144,0.5797504,0.6801814,0.6789565,0.69657475,0.62043524,0.6215838,0.6607176,0.66849923,0.67365456,0.62361246,0.6154012
3998,0.5685146,0.57108885,0.674645,0.66950995,0.69361234,0.6166994,0.6192756,0.6593426,0.6693858,0.6746019,0.6267381,0.6186841
3999,0.54988873,0.5546526,0.66653764,0.65838224,0.68595016,0.6135557,0.6097924,0.65823543,0.6656004,0.67219454,0.6271869,0.61833113
4000,0.5362953,0.5430458,0.65951395,0.6484037,0.6803986,0.61021,0.6036727,0.6569824,0.66460514,0.67057735,0.6290364,0.6207171
4001,0.53493667,0.5435525,0.6569466,0.6446304,0.68025446,0.6081344,0.60439545,0.6570731,0.6675223,0.6695674,0.632819,0.62682414
4002,0.5341029,0.5446419,0.655313,0.64284927,0.67961514,0.60790586,0.60386926,0.6581802,0.668913,0.66750723,0.6355571,0.63144195
4003,0.5229219,0.53519696,0.6501005,0.63641703,0.67375165,0.60780144,0.5966217,0.65867984,0.66602015,0.6646149,0.63611597,0.63193375
4004,0.5158071,0.5291356,0.6456681,0.63018507,0.66997194,0.6070098,0.5927507,0.6588324,0.6655605,0.6633131,0.638141,0.6345355
4005,0.50798523,0.5225482,0.6411597,0.6240368,0.6659243,0.60618377,0.5884081,0.6591172,0.66446084,0.6616364,0.6399095,0.63666135
4006,0.5164712,0.531716,0.6424549,0.62521225,0.6692801,0.60661316,0.59360164,0.66064835,0.6691909,0.6616312,0.64444214,0.6439036
4007,0.5129249,0.5294257,0.64069325,0.6233235,0.66659886,0.60819834,0.5901395,0.6623578,0.6675367,0.6592411,0.64541864,0.645153
4008,0.5063026,0.52342296,0.6372523,0.6184453,0.6625391,0.6088389,0.5856171,0.6629763,0.66563404,0.65784115,0.64620394,0.64577496
4009,0.50363,0.5211587,0.6349806,0.614764,0.6606374,0.6089674,0.5840604,0.6635666,0.6655653,0.6572753,0.64805126,0.64803666
4010,0.5774852,0.59186757,0.6605786,0.6459306,0.69322085,0.6155726,0.62717694,0.6714247,0.69199574,0.6646677,0.66280943,0.674536
4011,0.5933813,0.60815746,0.67124504,0.662505,0.697366,0.6278004,0.628347,0.67956334,0.6881154,0.6609487,0.6607625,0.6716672
4012,0.56275064,0.5768587,0.662196,0.65078324,0.6810636,0.6324985,0.60583425,0.67902225,0.67310834,0.65833646,0.6522469,0.65622795
4013,0.54724383,0.5593329,0.6552611,0.63829887,0.674124,0.63019055,0.5988699,0.6760479,0.6692997,0.6612666,0.651028,0.6519651
4014,0.535521,0.5478838,0.6489798,0.62840736,0.66792333,0.62515104,0.593889,0.6715578,0.66516423,0.6606957,0.64886355,0.647963
4015,0.5379226,0.55090266,0.6486901,0.62693894,0.6693187,0.6225303,0.59697986,0.6701068,0.6671307,0.6610445,0.650197,0.6503453
4016,0.5279189,0.5424841,0.64486873,0.6222756,0.66460735,0.6207824,0.59126806,0.6687219,0.6633941,0.658647,0.6482884,0.6476715
4017,0.5182301,0.53379226,0.64041895,0.61624914,0.6601994,0.61843,0.5864901,0.66693926,0.6611166,0.6573991,0.6474086,0.64638597
4018,0.51163375,0.5281524,0.6368788,0.6114971,0.65737385,0.6160512,0.5837374,0.665585,0.6602215,0.6564487,0.64758646,0.6466652
4019,0.5129452,0.5302862,0.63625306,0.61072433,0.65802854,0.61471903,0.5852087,0.66528314,0.6619763,0.6559384,0.6492004,0.6494808
4020,0.51869005,0.53672457,0.63777614,0.6130906,0.66032815,0.61504245,0.58829033,0.66612184,0.6643788,0.65532017,0.6510303,0.6528248
4021,0.51001424,0.5289821,0.6345413,0.6096154,0.6556585,0.6151579,0.5823378,0.6660126,0.66074914,0.6530837,0.64955413,0.65044284
4022,0.5122846,0.53117526,0.6343644,0.6089893,0.65637565,0.6149288,0.58393425,0.6660921,0.6625065,0.6534481,0.65118146,0.6528873
4023,0.51587677,0.53499013,0.635318,0.6103136,0.65764683,0.6155898,0.58566004,0.66697854,0.6637393,0.65315753,0.65251255,0.65493613
4024,0.52945477,0.5482614,0.64003366,0.61633986,0.6630873,0.61760056,0.59268516,0.66879,0.66804844,0.6538182,0.6551225,0.6594746
4025,0.5346892,0.5534164,0.6426494,0.6201131,0.66443515,0.6204001,0.5938646,0.67054594,0.66799843,0.6532071,0.6551575,0.6596623
4026,0.5310306,0.5494607,0.6416605,0.6187577,0.6617614,0.6217519,0.5904662,0.67066115,0.66524416,0.652599,0.653579,0.65691435
4027,0.5301755,0.54799974,0.6412136,0.61743206,0.6610738,0.6220561,0.58994794,0.670525,0.6647109,0.65327024,0.6534687,0.65629554
4028,0.5376876,0.5549714,0.643738,0.6200915,0.6641371,0.6225837,0.594275,0.67090535,0.66694945,0.6542643,0.6546357,0.6582116
4029,0.54338837,0.5604749,0.6462863,0.6233511,0.6661995,0.62397474,0.5967354,0.6716961,0.66764903,0.6543589,0.65471107,0.65859795
4030,0.53574556,0.5530835,0.6434899,0.62009853,0.6612794,0.62345743,0.59113127,0.66991687,0.6629383,0.65254974,0.65119386,0.6534053
4031,0.5311965,0.5484077,0.6407629,0.61626154,0.65794796,0.6213092,0.58855146,0.6671783,0.6605844,0.6518712,0.64899975,0.6503425
4032,0.5348625,0.552099,0.6408341,0.61632127,0.6582094,0.61932606,0.5906696,0.6649422,0.6609394,0.65133417,0.6481268,0.6498649
4033,0.5415077,0.55876994,0.6433737,0.6197622,0.66083866,0.61984295,0.59409934,0.6652322,0.66250134,0.651389,0.648472,0.6509858
4034,0.5430883,0.5603228,0.6446436,0.6216302,0.6613985,0.6210425,0.5942721,0.6658515,0.66214496,0.6512489,0.6479265,0.6503131
4035,0.5375601,0.5547321,0.64293724,0.6194594,0.65868443,0.62098557,0.5907259,0.6652194,0.6595832,0.6508084,0.6461827,0.647455
4036,0.5452201,0.56173015,0.6455801,0.62223756,0.6624243,0.6211973,0.59571946,0.66554785,0.66275644,0.6524682,0.647751,0.6500044
4037,0.55183285,0.5681337,0.64872307,0.62643784,0.66554445,0.62260675,0.599089,0.6667246,0.6643143,0.6530012,0.64833105,0.6511179
4038,0.56598926,0.58149284,0.65461385,0.6339532,0.67168164,0.62497514,0.6065195,0.66843796,0.6682124,0.65446115,0.64979553,0.6540076
4039,0.6631561,0.67227983,0.6913305,0.67900616,0.7132587,0.63520783,0.66231644,0.67887557,0.69821453,0.66510963,0.66390586,0.68138266
4040,0.69304353,0.7000419,0.7099209,0.70689094,0.7233436,0.65134424,0.6691417,0.6887414,0.6940407,0.66384596,0.6589622,0.6742754
4041,0.7126413,0.71448946,0.7211161,0.72077197,0.72885907,0.6609762,0.67426103,0.69149065,0.6915363,0.66779816,0.6534598,0.6655154
4042,0.72802204,0.72498846,0.7297763,0.73060936,0.7336347,0.66584367,0.6800225,0.6914201,0.68893003,0.6723414,0.6478426,0.65617394
4043,0.7518379,0.7437076,0.7419581,0.7444094,0.7438365,0.6697423,0.69294876,0.6924153,0.6904831,0.67843443,0.6447941,0.65132153
4044,0.7486938,0.7381985,0.7451307,0.7489417,0.7435216,0.6719954,0.68939775,0.691316,0.6836015,0.6806271,0.6368945,0.6380031
4045,0.69049567,0.680881,0.72667503,0.7263492,0.7207032,0.6668727,0.65587425,0.68323946,0.66370875,0.67828995,0.62225544,0.6125934
4046,0.6416121,0.6323378,0.70753896,0.6986094,0.7034262,0.65394247,0.6352614,0.6723865,0.65448546,0.67993,0.6157675,0.60035837
4047,0.61815536,0.61088204,0.6969356,0.6829929,0.69822526,0.64103466,0.63073367,0.6646167,0.6549812,0.6815367,0.6159695,0.6000977
4048,0.5890371,0.585883,0.685005,0.6686705,0.6892418,0.63038176,0.61950487,0.65866965,0.6513962,0.6783458,0.61411554,0.5977307
4049,0.5607886,0.5616184,0.6723047,0.65356,0.6793111,0.620481,0.60773164,0.6529936,0.64844406,0.67462367,0.6130175,0.5968611
4050,0.54041135,0.5449411,0.661787,0.6414653,0.6722254,0.61183244,0.5999544,0.6486104,0.6481771,0.67126733,0.61400765,0.59928554
4051,0.5365995,0.5443622,0.65741664,0.6377443,0.6721232,0.60619307,0.6008007,0.64684975,0.6529982,0.6689506,0.6179339,0.6067585
4052,0.5224976,0.5335089,0.6502922,0.6312241,0.6661388,0.6027536,0.5931842,0.6460932,0.65164113,0.6643169,0.6189356,0.60890895
4053,0.510202,0.52339745,0.64317626,0.6235994,0.6605606,0.59964186,0.5868974,0.6452598,0.65135336,0.6611897,0.6209098,0.61202717
4054,0.50246,0.5175169,0.63755804,0.6176015,0.65672386,0.5970277,0.58314145,0.6448454,0.6521132,0.658552,0.62363535,0.61619174
4055,0.50942683,0.5258359,0.63772136,0.6188838,0.65954596,0.59664166,0.58755237,0.64629894,0.6575515,0.6573803,0.6287263,0.62452835
4056,0.50411236,0.5220301,0.63473225,0.6164788,0.65614694,0.5976546,0.58315384,0.6480923,0.6563779,0.6542137,0.63036627,0.62674856
4057,0.49798813,0.516592,0.63088316,0.61179453,0.65234715,0.5979606,0.5790648,0.6489923,0.655582,0.6524363,0.6322358,0.6289552
4058,0.492696,0.5120695,0.62650394,0.6063204,0.64791065,0.5968433,0.5753971,0.64832985,0.65412235,0.6500917,0.63318324,0.6301401
4059,0.50139964,0.52118295,0.6276959,0.60775113,0.6504901,0.59738237,0.5800457,0.64944375,0.6579582,0.6495229,0.63691336,0.6361117
4060,0.53169656,0.5510652,0.6385148,0.6215859,0.6634192,0.6024687,0.5963047,0.65458435,0.6685282,0.651189,0.6440196,0.64812994
4061,0.5854241,0.6025455,0.65994656,0.6490195,0.6857437,0.61315966,0.6239627,0.663702,0.6836746,0.654756,0.6525132,0.6636215
4062,0.8079843,0.8034373,0.74442106,0.7508399,0.7746361,0.63912016,0.7520799,0.6923551,0.7425077,0.67784506,0.6809591,0.7253974
4063,0.72113234,0.72367716,0.72853774,0.74773234,0.73120254,0.6679353,0.6704937,0.6986983,0.68420464,0.65839696,0.64447844,0.6587329
4064,0.6773916,0.6729564,0.7121537,0.7174191,0.7120202,0.6657469,0.6468863,0.6888139,0.67330813,0.66801,0.63497233,0.638366
4065,0.67293173,0.6648872,0.71075135,0.7082425,0.71471673,0.65932,0.6525842,0.6843579,0.67536527,0.67732865,0.63652116,0.6360056
4066,0.81999934,0.7987677,0.7657146,0.77029103,0.77899855,0.6642841,0.74751395,0.6962737,0.7195177,0.6974676,0.657807,0.6782637
4067,0.71933556,0.7084286,0.7407005,0.75320727,0.73523885,0.67380524,0.6709353,0.6938853,0.66892034,0.6773118,0.62433445,0.6211336
4068,0.6736491,0.6603059,0.72175175,0.7217752,0.7179059,0.66284645,0.6513353,0.68083954,0.66291326,0.6833731,0.61803013,0.6083844
4069,0.6271617,0.61590797,0.70380193,0.6955933,0.7030371,0.6492568,0.63318473,0.67160237,0.6547266,0.68411356,0.61438835,0.59905505
4070,0.5972572,0.589518,0.69075304,0.67708546,0.6948405,0.6361601,0.6242138,0.663807,0.65339345,0.6836641,0.6144457,0.59816545
4071,0.5819533,0.578571,0.6830634,0.6676044,0.6919947,0.62612015,0.6214451,0.6588088,0.655811,0.68165565,0.6163882,0.6020085
4072,0.5727634,0.5736203,0.6779028,0.66285115,0.690234,0.6194877,0.6194486,0.6559691,0.658325,0.6783185,0.6182435,0.60642993
4073,0.6001493,0.6029792,0.68614435,0.6753305,0.7037401,0.617866,0.6378267,0.6571786,0.6721326,0.6787019,0.62544763,0.62099296
4074,0.6072046,0.61211205,0.68960845,0.6835886,0.7063552,0.62070155,0.6392864,0.6602102,0.6733369,0.6748457,0.6261893,0.6235434
4075,0.60885423,0.61388624,0.69021994,0.68607676,0.70614094,0.62318355,0.63819915,0.66184944,0.67367506,0.67345095,0.6267202,0.624384
4076,0.59494114,0.60008794,0.68486035,0.6800296,0.69940084,0.62367517,0.6288184,0.6618458,0.6691973,0.67176765,0.62543494,0.62080014
4077,0.6198232,0.62321323,0.6926339,0.6888693,0.7107798,0.6244931,0.6450943,0.6637219,0.67987907,0.67567027,0.63181406,0.6313097
4078,0.65374166,0.65554935,0.70639485,0.7074007,0.7252608,0.62984717,0.6634576,0.6690716,0.6885042,0.6775201,0.63628554,0.63984996
4079,0.6863624,0.6854893,0.72085583,0.72696126,0.73790413,0.6378174,0.67879075,0.67492694,0.69371974,0.6792203,0.63798964,0.64389485
4080,0.7167277,0.7119472,0.73484445,0.7452393,0.7491683,0.64612883,0.6923956,0.68014365,0.6968658,0.68194556,0.63803643,0.6446246
4081,0.74973094,0.7399119,0.7500077,0.7642439,0.76164216,0.65401983,0.7080709,0.6848922,0.70009214,0.6860545,0.6375999,0.6444094
4082,0.76848584,0.7543885,0.76047826,0.777861,0.7683265,0.6608353,0.7149619,0.6879375,0.6981176,0.688919,0.6338603,0.6380009
4083,0.78275347,0.7643812,0.7687675,0.78785753,0.7738806,0.66510797,0.72104436,0.6890319,0.6965071,0.6926408,0.6299526,0.63120157
4084,0.82223815,0.79757243,0.7859609,0.8076962,0.7903903,0.6687192,0.74423397,0.6914696,0.70282143,0.6992881,0.6300648,0.6327189
4085,0.8141758,0.78832734,0.7873852,0.81248605,0.7866985,0.67226034,0.73487395,0.6907309,0.69198996,0.69821966,0.6199996,0.6156552
4086,0.8318462,0.80148005,0.79554737,0.82082427,0.79477435,0.6716501,0.7468407,0.68868464,0.6948377,0.70373374,0.61758494,0.61241966
4087,0.8021832,0.77300555,0.7874245,0.8134931,0.7827455,0.66961926,0.72741,0.68351185,0.68124217,0.7010907,0.6060241,0.59250486
4088,0.7853689,0.7556595,0.7812947,0.804447,0.77742743,0.66293114,0.721513,0.676513,0.6784004,0.7033211,0.60127354,0.5842913
4089,0.7623244,0.73410386,0.7731099,0.79444224,0.7700059,0.65552884,0.71187514,0.67023695,0.67360425,0.7029492,0.5964484,0.57601404
4090,0.7549705,0.72786367,0.76982373,0.7901462,0.76926684,0.6482778,0.7124911,0.66507757,0.675169,0.7037212,0.595379,0.5752553
4091,0.75617725,0.7304503,0.77007574,0.7917006,0.7714685,0.64331657,0.7163928,0.6619768,0.6776444,0.70326924,0.59479827,0.57631093
4092,0.74540454,0.72162455,0.7663392,0.78943723,0.7676587,0.6400294,0.7107032,0.6592854,0.6749924,0.7006659,0.591725,0.5725026
4093,0.6936752,0.67294174,0.7470738,0.7672614,0.745993,0.6345717,0.6801454,0.65412664,0.66102463,0.69539154,0.58424723,0.55842644
4094,0.65688837,0.63784075,0.73042583,0.74421704,0.7323458,0.62486476,0.6642912,0.64786726,0.658109,0.69529766,0.58462393,0.55694216
4095,0.6206231,0.60503435,0.71404713,0.7226562,0.71920335,0.61508095,0.648331,0.6431207,0.65478873,0.69285256,0.58593273,0.55745023
4096,0.5833348,0.5719644,0.69682646,0.70030165,0.7050634,0.60577977,0.6309757,0.6390643,0.651311,0.6890368,0.58781564,0.5594159
4097,0.5527571,0.54584086,0.68139887,0.68030816,0.6935848,0.5972268,0.6173593,0.63593024,0.6504512,0.6852545,0.5915787,0.5649143
4098,0.52955574,0.5273101,0.66853994,0.6642027,0.6848577,0.5903015,0.6071412,0.63415277,0.65132755,0.68108946,0.5964288,0.57267004
4099,0.5122117,0.51452076,0.65791935,0.65144634,0.67789567,0.5853691,0.5990868,0.63361084,0.6529055,0.6765766,0.6016355,0.5813
4100,0.5126565,0.5188099,0.654029,0.6476363,0.6785232,0.5832636,0.6007636,0.6349817,0.6596851,0.67354584,0.60909563,0.59430933
4101,0.51095265,0.5204809,0.65071666,0.64507097,0.67699355,0.584149,0.5988489,0.6379307,0.662597,0.669285,0.61452544,0.6035284
4102,0.5109282,0.52261513,0.6482097,0.6426792,0.67560005,0.58632463,0.59747225,0.6411375,0.66520405,0.6662417,0.6197726,0.6118256
4103,0.509006,0.5221819,0.6453628,0.63922274,0.673088,0.5889351,0.5947777,0.6443167,0.6661652,0.66368175,0.6242404,0.61816454
4104,0.5115543,0.52558815,0.6443272,0.63744074,0.6727794,0.59182894,0.59506863,0.6476387,0.66850096,0.66237575,0.6292656,0.6252713
4105,0.51527923,0.52994543,0.6443141,0.63681245,0.6730268,0.5952791,0.5958183,0.6512253,0.6703908,0.66127986,0.63379776,0.6315434
4106,0.51342404,0.5286321,0.64268035,0.6338781,0.6706776,0.59855694,0.5931428,0.65426964,0.6697209,0.659897,0.63676244,0.63501555
4107,0.50501966,0.520719,0.6384898,0.6271865,0.66549397,0.6004796,0.58723927,0.6560477,0.6670209,0.65851617,0.63852537,0.6362846
4108,0.50029606,0.516418,0.6351676,0.6212375,0.66234094,0.60124093,0.58441913,0.6572,0.66633195,0.65795475,0.6411489,0.6391901
4109,0.5907614,0.60303104,0.6664385,0.658792,0.7021274,0.60910517,0.6379976,0.6665351,0.6986011,0.6671231,0.6590412,0.67212874
4110,0.629435,0.6411682,0.6858095,0.68637776,0.71417326,0.6250321,0.65035254,0.67727166,0.69860506,0.66372615,0.65862167,0.67340887
4111,0.599852,0.6107013,0.6789337,0.6782001,0.6974298,0.63469243,0.62491024,0.67923397,0.6805557,0.66030526,0.6485321,0.6545517
4112,0.62388086,0.62948596,0.68715334,0.68311745,0.70782465,0.63771987,0.6404833,0.68073785,0.6890945,0.66894853,0.65355843,0.66082424
4113,0.5974056,0.60328686,0.6801108,0.6735183,0.6961629,0.63937986,0.62326777,0.6803477,0.6761289,0.66707957,0.64704806,0.64780027
4114,0.5729604,0.57860655,0.67024577,0.65776145,0.68525505,0.63503677,0.6111128,0.67538005,0.66891146,0.66760373,0.64306015,0.64009756
4115,0.5528257,0.5593373,0.66196066,0.6447677,0.6782185,0.6295255,0.6031865,0.67177004,0.665097,0.66806185,0.64204836,0.6372048
4116,0.55731046,0.5648284,0.66226244,0.6436854,0.6821822,0.6257107,0.60932994,0.6704876,0.67019784,0.6695732,0.6455225,0.6430351
4117,0.57006407,0.578902,0.6670092,0.6501646,0.6888093,0.62573767,0.6175054,0.6719263,0.675444,0.66945124,0.6485238,0.649093
4118,0.58359563,0.59301054,0.67274755,0.658378,0.6946325,0.62832516,0.6241964,0.6743466,0.6791082,0.66905195,0.65024,0.65309453
4119,0.591073,0.60037124,0.67651224,0.6638853,0.697253,0.63152313,0.6266474,0.67642534,0.6798256,0.66872215,0.650327,0.6537116
4120,0.59226906,0.60100967,0.67774045,0.66556793,0.69721013,0.6338168,0.6259348,0.67749596,0.67875606,0.6688574,0.6495768,0.6522494
4121,0.57702357,0.5857927,0.6725696,0.65882576,0.69008183,0.6336426,0.61640203,0.67633986,0.6727787,0.66784394,0.64640665,0.6462176
4122,0.56457806,0.5732646,0.6672347,0.65087426,0.6849887,0.63110125,0.61062294,0.6741943,0.6700465,0.66820157,0.64538026,0.6436399
4123,0.5551746,0.56445885,0.6628895,0.6446122,0.68160784,0.628073,0.60697746,0.6723989,0.66870904,0.6680708,0.6453258,0.6430012
4124,0.55985355,0.5696475,0.66367286,0.6452613,0.68450797,0.6264024,0.61127156,0.6721673,0.67226654,0.66868925,0.64774567,0.6471389
4125,0.5603798,0.57118255,0.6637809,0.64608675,0.68474406,0.6262268,0.6113948,0.672507,0.6725569,0.6674429,0.64812666,0.64822626
4126,0.5600487,0.571392,0.6633491,0.64593726,0.68417954,0.62625545,0.61080295,0.6725346,0.6725269,0.6665533,0.64821994,0.6487216
4127,0.55232877,0.5642765,0.6601541,0.6421677,0.68022436,0.6256408,0.6059464,0.671826,0.6698692,0.665149,0.6470752,0.64676964
4128,0.5883362,0.5985935,0.67217684,0.65670705,0.69603115,0.62750477,0.627679,0.67449296,0.6830882,0.66912735,0.6540103,0.6593175
4129,0.6329482,0.64126897,0.6904602,0.6812351,0.7140258,0.6350948,0.650386,0.6810002,0.69314754,0.67098254,0.65828115,0.668554
4130,0.723772,0.72433186,0.7268161,0.72692126,0.74976426,0.6486923,0.69893175,0.6925913,0.7135798,0.6787218,0.66641086,0.6867562
4131,0.8225063,0.81149256,0.76956975,0.781495,0.7854589,0.6687769,0.74676675,0.70797956,0.72536606,0.6861085,0.6689596,0.6956701
4132,0.8206536,0.80606586,0.77709305,0.7967407,0.77940845,0.68560284,0.72969514,0.7118518,0.7047735,0.68375593,0.6515921,0.6655714
4133,0.82794553,0.80594915,0.78297997,0.80103225,0.78093284,0.6899884,0.73084605,0.7091947,0.6997105,0.6913547,0.643014,0.64981925
4134,0.82364964,0.7976879,0.7848484,0.80193377,0.7799326,0.68946517,0.72833437,0.70483613,0.69248533,0.6960074,0.6338707,0.63322186
4135,0.8153237,0.7871977,0.78464335,0.80059445,0.778514,0.68571204,0.72576535,0.6990644,0.68705654,0.69952273,0.6257263,0.6193993
4136,0.7939208,0.7660227,0.7790782,0.793774,0.7720852,0.6794462,0.7162626,0.6916362,0.6795489,0.7004024,0.6166569,0.6045636
4137,0.79789746,0.76899827,0.7814684,0.795673,0.77674675,0.6723823,0.7243057,0.68577343,0.68236315,0.70398724,0.613937,0.6016048
4138,0.76103145,0.73542297,0.7699043,0.7843838,0.76324856,0.665562,0.70399565,0.67843306,0.6702729,0.69983935,0.60327077,0.58465666
4139,0.77459836,0.74807334,0.7737517,0.78781307,0.77156276,0.65765005,0.7189015,0.6727591,0.679215,0.70405066,0.6047436,0.5895961
4140,0.7224493,0.7007074,0.756149,0.7705545,0.75054914,0.65125626,0.68755573,0.666207,0.66200614,0.6963457,0.5929177,0.5700255
4141,0.6810187,0.66123146,0.7385899,0.7473874,0.73517513,0.6401489,0.66909754,0.65744543,0.6567946,0.6955397,0.58957833,0.5636549
4142,0.6440158,0.6274708,0.72230995,0.72639793,0.7224516,0.62844133,0.65400106,0.65052384,0.6534576,0.69366497,0.58910155,0.561859
4143,0.606613,0.5942332,0.70550454,0.70534074,0.70902693,0.61746365,0.6376565,0.6447946,0.6500088,0.6900989,0.5894562,0.56190324
4144,0.5702497,0.5623384,0.6884489,0.68400955,0.6954867,0.6072241,0.621271,0.6400387,0.6471513,0.6858627,0.5910331,0.56405336
4145,0.54412186,0.54072016,0.67453057,0.6668502,0.6861041,0.5983189,0.61051035,0.6366593,0.64785117,0.68202704,0.59496444,0.57044137
4146,0.5230043,0.5242273,0.6626131,0.6529316,0.6781458,0.591547,0.60119814,0.63488275,0.64886194,0.6774214,0.5993034,0.577728
4147,0.5203282,0.52554816,0.65747184,0.64798695,0.677909,0.5877065,0.60187584,0.6351049,0.65540236,0.67426103,0.6061785,0.58989406
4148,0.516185,0.52503645,0.6530052,0.64450747,0.6756353,0.58695006,0.599159,0.6369585,0.6582106,0.6696733,0.6110967,0.5985372
4149,0.50640017,0.5178619,0.6466774,0.6377768,0.6699848,0.5871801,0.5923965,0.638757,0.65795577,0.66541535,0.6147109,0.60404074
4150,0.49727917,0.5105636,0.6403684,0.6300398,0.6646363,0.58722436,0.5865948,0.64029354,0.65795493,0.6624409,0.6187252,0.6095353
4151,0.49008557,0.5049669,0.6349265,0.62300223,0.6602875,0.5873367,0.58217335,0.6419523,0.65828097,0.65999085,0.6229538,0.61519957
4152,0.48655853,0.5029042,0.63108164,0.6178396,0.6575712,0.5879033,0.57982534,0.6438795,0.659392,0.65790284,0.6273757,0.62134534
4153,0.4969435,0.5142955,0.63271934,0.61965495,0.6611833,0.5901385,0.5853161,0.6470837,0.6648563,0.657156,0.6335804,0.6310134
4154,0.5024833,0.5208033,0.6339367,0.621301,0.6620735,0.5940797,0.58651763,0.65095115,0.66645795,0.65527433,0.63743484,0.6367065
4155,0.49870667,0.5175006,0.6319081,0.6181309,0.65862614,0.5974396,0.5824186,0.6536932,0.6645617,0.65351284,0.6393027,0.63857174
4156,0.5036489,0.52222306,0.63256574,0.6175733,0.6596967,0.6001583,0.5845604,0.65626574,0.66669667,0.6538434,0.6431483,0.6436822
4157,0.6284352,0.6402217,0.676961,0.671397,0.7131634,0.61217535,0.65728766,0.6694008,0.7082861,0.66628224,0.664854,0.6853232
4158,0.8218505,0.81528324,0.7550054,0.76882106,0.7865676,0.6432256,0.7607471,0.69953936,0.74642044,0.6798164,0.68265307,0.7279846
4159,0.73996085,0.7386614,0.7395526,0.76397693,0.7443098,0.6723897,0.68244153,0.704526,0.69143754,0.6634227,0.64728373,0.662995
4160,0.69744533,0.6890745,0.72367,0.7341133,0.7253491,0.67066795,0.6591578,0.6946282,0.6801931,0.67336226,0.6375803,0.6416912
4161,0.65538925,0.64531213,0.70890677,0.70856535,0.7115271,0.6618964,0.6422558,0.6867676,0.66981745,0.6787909,0.6324183,0.62737143
4162,0.6176595,0.6091636,0.6949693,0.6861829,0.70001274,0.65069556,0.62848973,0.6787822,0.66292506,0.6806219,0.6291101,0.6191196
4163,0.5905411,0.5853177,0.6841251,0.66972256,0.6926883,0.6397453,0.620149,0.6720208,0.6603707,0.6804698,0.6281822,0.6168193
4164,0.58528614,0.5835584,0.6808135,0.6647716,0.69399524,0.6316281,0.62284774,0.6679957,0.6646586,0.68008286,0.6305979,0.62171084
4165,0.6387468,0.6376128,0.69954896,0.6893081,0.7195415,0.63108474,0.6577405,0.67081314,0.68589866,0.6837737,0.6404898,0.64227045
4166,0.6526168,0.65356684,0.70806146,0.70490575,0.7245507,0.63690966,0.660888,0.6751771,0.68476146,0.67910635,0.63819265,0.640942
4167,0.6588218,0.6588777,0.7118087,0.71119505,0.7258419,0.6410572,0.6612425,0.6765887,0.6838897,0.6786688,0.6361403,0.638152
4168,0.69610065,0.6923021,0.7263449,0.72907364,0.7414638,0.6453049,0.68264526,0.68004555,0.6937795,0.6835996,0.64002895,0.645507
4169,0.69032836,0.68583244,0.7274318,0.73299414,0.73812234,0.6500437,0.67485094,0.681744,0.68597984,0.6818277,0.6343929,0.63527006
4170,0.69306564,0.6860394,0.7293314,0.73443246,0.73943496,0.6509767,0.67640823,0.68103665,0.6858741,0.68476164,0.63285,0.6319173
4171,0.6883433,0.6801699,0.7288713,0.73369515,0.7382676,0.65057296,0.6740273,0.6799904,0.6832284,0.68603015,0.6303287,0.6267672
4172,0.6478294,0.6408656,0.71490115,0.7163264,0.72163385,0.6467203,0.6506709,0.6754497,0.670385,0.68338317,0.6228549,0.6126775
4173,0.61493343,0.60881853,0.701113,0.69655496,0.70948297,0.6384647,0.6362565,0.6692911,0.66516626,0.68373346,0.6207213,0.60742134
4174,0.6002319,0.5959532,0.69357383,0.6856415,0.7059449,0.6304355,0.6331893,0.66513157,0.66657084,0.68412995,0.6226591,0.60995895
4175,0.65598696,0.6510147,0.7122242,0.7091464,0.73276144,0.62892133,0.67108357,0.66778994,0.68967974,0.6895722,0.63409436,0.6328771
4176,0.6956879,0.6908127,0.72981167,0.7358827,0.7486853,0.63610864,0.69018143,0.67451715,0.69614625,0.68743503,0.63557714,0.63949764
4177,0.6976062,0.6922166,0.733306,0.74388784,0.74671155,0.64325964,0.68450224,0.677211,0.689774,0.68429124,0.6300869,0.63122034
4178,0.70381176,0.69571084,0.7361335,0.747259,0.74775416,0.646075,0.6860079,0.6771962,0.6890003,0.68621385,0.6280908,0.62749964
4179,0.77914035,0.763207,0.7641681,0.7800373,0.7785577,0.65076315,0.73187,0.68261266,0.70865667,0.6955939,0.63616985,0.64465284
4180,0.9427205,0.90605944,0.82807815,0.856122,0.8403211,0.6669943,0.82563865,0.7029088,0.7382462,0.7099678,0.6500291,0.67896867
4181,0.8977044,0.8655795,0.8224535,0.86598915,0.8154198,0.68881315,0.77152663,0.706108,0.6969233,0.6953136,0.6196806,0.6250712
4182,0.8456652,0.81069946,0.804287,0.8409043,0.7925388,0.68686116,0.7382853,0.6942204,0.68057823,0.6988335,0.6034085,0.59423196
4183,0.8161767,0.7792073,0.79342,0.82220685,0.7838565,0.676505,0.72902274,0.68404466,0.67605793,0.7052454,0.59819865,0.5811499
4184,0.81273705,0.7755686,0.79262257,0.81840605,0.7868493,0.66675794,0.73549724,0.677402,0.6789493,0.7095916,0.5974497,0.5790392
4185,0.7792905,0.74612033,0.78186756,0.806897,0.77544856,0.65885043,0.7187465,0.6703851,0.6698242,0.7060563,0.58954877,0.56602645
4186,0.78073,0.7484771,0.78165644,0.8055591,0.7791511,0.6506219,0.72627604,0.6647138,0.6757726,0.7082483,0.5903733,0.5691679
4187,0.7321199,0.7048791,0.7645191,0.7875493,0.7597369,0.6436668,0.6980325,0.6584657,0.66182506,0.701464,0.5813496,0.5538368
4188,0.6888512,0.6644207,0.74622124,0.7635154,0.7433592,0.6329833,0.67798567,0.6505404,0.6563825,0.6997682,0.5788368,0.5484252
4189,0.64406484,0.6234706,0.7268256,0.7382264,0.72685456,0.6213498,0.65772814,0.6438874,0.65120333,0.6969491,0.57844067,0.5460932
4190,0.6058187,0.5896362,0.7089649,0.7149,0.7130788,0.61003333,0.64134616,0.63839704,0.6490767,0.693774,0.5806218,0.54865426
4191,0.5819369,0.570572,0.6960217,0.69860834,0.70540744,0.6006698,0.63271743,0.63491845,0.6515427,0.6905667,0.5854434,0.5566637
4192,0.5620703,0.5557222,0.6850076,0.68588173,0.69850993,0.5941732,0.62421864,0.6334579,0.6533961,0.685967,0.5900821,0.5647907
4193,0.5460968,0.5441791,0.6754274,0.67502105,0.6923529,0.5898619,0.6166723,0.6331754,0.65538585,0.68143755,0.59499365,0.5732341
4194,0.5373142,0.53910196,0.66858757,0.66751045,0.6888253,0.5874784,0.6126238,0.63407904,0.6587952,0.6776884,0.6007567,0.5829196
4195,0.5271448,0.53215593,0.66170675,0.6598246,0.68386054,0.58664805,0.60656345,0.6357154,0.6600077,0.6735972,0.6055903,0.5905215
4196,0.51073253,0.518427,0.65260494,0.64857024,0.6755764,0.58600885,0.5965166,0.63709575,0.65835845,0.6695095,0.6093309,0.59545904
4197,0.500532,0.51038414,0.6454132,0.63898325,0.67033213,0.5851967,0.59096926,0.6384617,0.65933526,0.6669745,0.61451036,0.60264134
4198,0.4931756,0.5052263,0.63971514,0.631427,0.6663015,0.58507335,0.58676934,0.6403841,0.6603828,0.664334,0.6196104,0.60981053
4199,0.49756667,0.5113933,0.638629,0.6297694,0.66749495,0.5864246,0.58917964,0.6433077,0.6649599,0.6627991,0.62604916,0.6197537
4200,0.5049738,0.52026796,0.6397088,0.6311809,0.6695352,0.5897893,0.5920932,0.6473191,0.66867125,0.66098845,0.6316226,0.62842923
4201,0.505199,0.5215123,0.6387648,0.6297034,0.6677711,0.593698,0.59005547,0.65093434,0.6685692,0.65879875,0.63497794,0.63297194
4202,0.49816093,0.51504564,0.6350033,0.62383693,0.6628347,0.5963749,0.584437,0.65327036,0.66615397,0.65706533,0.63709503,0.63489294
4203,0.49455154,0.51174444,0.6321058,0.61851615,0.66004956,0.59790426,0.5819625,0.65506685,0.6657979,0.6565314,0.6402081,0.6384274
4204,0.49348864,0.5112356,0.6303874,0.6149373,0.6586255,0.5993465,0.5810207,0.6569595,0.66607165,0.6558842,0.64336514,0.6423749
4205,0.5359307,0.5526983,0.64437884,0.63132256,0.6765019,0.6042348,0.6050434,0.6621418,0.6811393,0.6591848,0.6531074,0.6592519
4206,0.57785857,0.59370184,0.66139877,0.6533919,0.6917304,0.61447275,0.6241413,0.66981757,0.68928176,0.65925664,0.65783453,0.6688095
4207,0.6008523,0.61461,0.67313427,0.6682458,0.6989166,0.6262434,0.6312424,0.6770086,0.689943,0.6599052,0.6583621,0.66963243
4208,0.57646614,0.5890691,0.666961,0.6595497,0.6860216,0.6321687,0.61254287,0.6780519,0.6763886,0.65849215,0.6513658,0.6558931
4209,0.5576118,0.56823117,0.65970993,0.6464046,0.6778098,0.630999,0.6031821,0.67573076,0.6707424,0.6612808,0.6492911,0.6499626
4210,0.5461698,0.55641115,0.6549112,0.6373197,0.6741207,0.6279076,0.59950453,0.6737799,0.66859496,0.66318965,0.64943653,0.64845335
4211,0.5465793,0.55733234,0.6545451,0.6351417,0.67566836,0.6257601,0.6020665,0.67310834,0.6704855,0.6643785,0.6512791,0.6511003
4212,0.54390067,0.55589914,0.6536795,0.6336524,0.6750719,0.62484854,0.601194,0.6729105,0.67000085,0.6635578,0.65142024,0.65162194
4213,0.53134507,0.54472333,0.6488291,0.6273052,0.6692865,0.6231288,0.59415877,0.67135906,0.6658842,0.6615718,0.6494354,0.64863455
4214,0.5281078,0.542177,0.6464906,0.6236749,0.66797763,0.6210738,0.59344614,0.67011654,0.66628146,0.66137546,0.6501596,0.6499064
4215,0.5744421,0.5871223,0.66246283,0.64342064,0.6888242,0.6239678,0.6210491,0.67429185,0.68325835,0.66580915,0.65927887,0.6664814
4216,0.57706654,0.5908837,0.66637367,0.6510129,0.6882134,0.6300431,0.6176241,0.67793137,0.6784996,0.6621026,0.6561464,0.66211957
4217,0.58707315,0.59918267,0.6707555,0.6559805,0.69134474,0.6339231,0.6214491,0.6795377,0.6800093,0.6637924,0.6562443,0.6623702
4218,0.61425805,0.6237296,0.6817474,0.66905445,0.702682,0.63855386,0.63601196,0.6829739,0.68671155,0.66747415,0.65923566,0.66745186
4219,0.60176295,0.6110281,0.6798217,0.6675492,0.6962975,0.6420594,0.62552696,0.6836341,0.67803234,0.66575664,0.6536202,0.65758556
4220,0.6171929,0.623729,0.6857188,0.67288417,0.7034402,0.6433888,0.6354023,0.684202,0.68325806,0.6703836,0.6555938,0.66052574
4221,0.64139867,0.64579576,0.6964204,0.68598574,0.7144362,0.6469033,0.6490086,0.6872054,0.6886869,0.6736555,0.6574317,0.6639732
4222,0.73279893,0.72915345,0.73222744,0.7294115,0.7526777,0.65633374,0.7017991,0.69699645,0.71254575,0.6838891,0.6674556,0.6849729
4223,0.77971476,0.77117753,0.7565301,0.7637686,0.7689494,0.6713036,0.7192984,0.70627725,0.71107584,0.6848147,0.6624489,0.67917603
4224,0.9614855,0.92540175,0.82670265,0.8431805,0.83617,0.68952644,0.8232419,0.7276111,0.7451216,0.7068004,0.6777022,0.71471685
4225,0.93807507,0.90341413,0.831436,0.8646698,0.82107526,0.7135836,0.78238523,0.7326178,0.7066577,0.69647956,0.647554,0.66171044
4226,0.91080904,0.87086165,0.8249339,0.85446244,0.8091841,0.7147682,0.7622478,0.72254944,0.69315875,0.70262164,0.62997663,0.6305606
4227,0.88240975,0.8401033,0.81717384,0.8421238,0.8008916,0.7069154,0.7504952,0.711409,0.6837796,0.7081817,0.6178576,0.6077258
4228,0.8616832,0.8194942,0.81110036,0.8328508,0.79594463,0.6955584,0.7454537,0.6997033,0.67852795,0.7112629,0.6086361,0.59216535
4229,0.835217,0.79542404,0.80317676,0.82364446,0.78920555,0.68433577,0.73645604,0.68925375,0.6726721,0.71127236,0.5998031,0.5783071
4230,0.8088188,0.77192265,0.7943641,0.8137333,0.78233266,0.6728748,0.7276855,0.67941475,0.6687609,0.71058816,0.59295696,0.5682455
4231,0.81887203,0.782691,0.7978714,0.81836206,0.79040956,0.6633477,0.7415031,0.67320794,0.676659,0.7129375,0.5934065,0.57217216
4232,0.805544,0.7727089,0.7942855,0.8185858,0.78665257,0.65760654,0.73509085,0.66825676,0.67244637,0.7087326,0.58719826,0.5644715
4233,0.79608065,0.76472783,0.79063416,0.8165092,0.7841396,0.6517607,0.732158,0.6629773,0.6720578,0.7073473,0.58375525,0.56071895
4234,0.79917216,0.76840353,0.7912355,0.8192119,0.7867199,0.646866,0.7369538,0.6593009,0.6752157,0.7071655,0.5829558,0.5615042
4235,0.762717,0.73488295,0.77823025,0.8071162,0.77192587,0.64249474,0.7148081,0.6547395,0.66463757,0.7020633,0.5755566,0.54871756
4236,0.6992587,0.674029,0.75306755,0.77607113,0.7456886,0.6331204,0.6800412,0.6467845,0.6507738,0.69803643,0.56861347,0.5344578
4237,0.65384036,0.63091564,0.7322522,0.74722743,0.7291383,0.6200453,0.661366,0.63903815,0.64791894,0.6978717,0.57001126,0.5340117
4238,0.6174638,0.5988143,0.71492356,0.7244318,0.71685576,0.6080811,0.6471205,0.6337656,0.6472915,0.69541454,0.57339257,0.53825104
4239,0.5881682,0.5746207,0.70007646,0.70586973,0.7067836,0.5984164,0.63512886,0.63024503,0.648038,0.6913821,0.57757163,0.54510677
4240,0.5576727,0.54933965,0.68475133,0.6871742,0.69503355,0.5907461,0.6205034,0.6280056,0.64704174,0.6859895,0.5813681,0.5513208
4241,0.53139687,0.52785283,0.6704803,0.6695303,0.68450063,0.584317,0.607829,0.6265662,0.64718145,0.6810345,0.5862577,0.5591265
4242,0.5118131,0.5128149,0.6585651,0.6549742,0.67646784,0.5793712,0.59848875,0.6261941,0.6487702,0.6763889,0.5921182,0.5685323
4243,0.5086933,0.51379395,0.6529514,0.6488412,0.67553306,0.57696944,0.5982243,0.62755966,0.65503967,0.67296284,0.5999705,0.5818999
4244,0.5073879,0.51609844,0.64930177,0.64571124,0.67442447,0.57762134,0.5969747,0.6306746,0.6590819,0.66876715,0.6065306,0.5929356
4245,0.50268096,0.513999,0.6448885,0.6409243,0.6709311,0.579631,0.5928053,0.63401073,0.6604274,0.66488415,0.61178637,0.600979
4246,0.493233,0.5064002,0.6387998,0.6330319,0.6650795,0.58141,0.5860466,0.6368125,0.65961957,0.6616444,0.6161576,0.6066629
4247,0.4878973,0.5024669,0.6340228,0.62609845,0.6613121,0.58272654,0.58244956,0.6392986,0.6604151,0.65964586,0.621259,0.61343634
4248,0.48676956,0.502704,0.631194,0.6216564,0.65952253,0.5844716,0.5812317,0.64211464,0.6620192,0.6579004,0.6264633,0.62062883
4249,0.49673054,0.5136348,0.6329543,0.62312907,0.662799,0.5876907,0.5861728,0.6459778,0.6668794,0.6571887,0.63279444,0.6302508
4250,0.5021364,0.5198952,0.6342235,0.6242491,0.66359997,0.59224373,0.58726656,0.6502617,0.6683083,0.65561444,0.63696617,0.63619184
4251,0.4969945,0.5152411,0.6317481,0.6200212,0.6594805,0.59589374,0.58236074,0.6531884,0.6657868,0.6539109,0.6388723,0.63786584
4252,0.54015964,0.556671,0.64620584,0.63633037,0.6780696,0.6018767,0.6071377,0.6592559,0.6816873,0.6585421,0.64962864,0.6557423
4253,0.5989121,0.61296856,0.66998297,0.66624814,0.7017838,0.6144667,0.63685316,0.66990876,0.6960603,0.66162497,0.65819824,0.671654
4254,0.8939677,0.87265533,0.77923423,0.7948652,0.8159827,0.643863,0.8104945,0.7073231,0.7685346,0.69286454,0.69382954,0.7544397
4255,0.80678475,0.79658,0.7676775,0.8041504,0.7703803,0.6845355,0.71631914,0.71683985,0.69971,0.6686925,0.6495571,0.67183477
4256,0.7434467,0.7268777,0.74538636,0.7663839,0.7420746,0.6845064,0.6777384,0.7037468,0.6817508,0.6777628,0.63306767,0.6390514
4257,0.69848037,0.6793935,0.72947156,0.7370037,0.7281938,0.67385936,0.66139495,0.69361526,0.6725248,0.6860831,0.6279402,0.6231748
4258,0.7773146,0.75163066,0.7580105,0.7643602,0.76747733,0.6682392,0.720417,0.6945483,0.7021215,0.70222855,0.6426875,0.6484442
4259,0.8141861,0.78853977,0.7787513,0.79401535,0.78414136,0.6741849,0.73857975,0.6999042,0.7019674,0.70076096,0.638547,0.64474577
4260,0.7221444,0.70296174,0.75069463,0.7651082,0.7448071,0.67345977,0.6769616,0.6908622,0.6667397,0.6891149,0.6135342,0.6022785
4261,0.66610825,0.64696425,0.7275756,0.7296818,0.72444016,0.6589045,0.6534611,0.67748076,0.65926766,0.69281304,0.6084697,0.5906134
4262,0.67195904,0.65398633,0.727052,0.7254199,0.7331495,0.64629006,0.6685536,0.67130685,0.67140365,0.69849414,0.61548847,0.6011941
4263,0.64714587,0.63456297,0.7186784,0.71754164,0.7255261,0.6390486,0.65685976,0.66751987,0.6660872,0.6929116,0.6122734,0.5966689
4264,0.6452414,0.6352725,0.71647084,0.7154554,0.7269425,0.63313913,0.6596661,0.66426176,0.67118984,0.6921034,0.61443824,0.60183686
4265,0.6189902,0.6126764,0.70638233,0.7050153,0.7166323,0.62854934,0.64506125,0.6615574,0.6653664,0.6870994,0.61191297,0.597679
4266,0.5890349,0.58534634,0.6931436,0.68855,0.7044648,0.6222335,0.62985903,0.6575341,0.66086924,0.6839472,0.6110989,0.5954751
4267,0.5683553,0.5671961,0.68252707,0.67494136,0.6969289,0.6155509,0.6212958,0.6543797,0.66060424,0.6820342,0.6133972,0.59829915
4268,0.5622059,0.5637365,0.67734,0.66894674,0.69561905,0.61074483,0.620602,0.6531305,0.6645093,0.68031925,0.617785,0.6054999
4269,0.63721377,0.6375538,0.70241433,0.7017849,0.7295955,0.61332035,0.66793203,0.65902704,0.6936997,0.68595284,0.6327082,0.6356169
4270,0.6442064,0.6466476,0.7086243,0.7158077,0.7294266,0.62324,0.66318697,0.665918,0.6871338,0.678426,0.62917405,0.6310007
4271,0.650008,0.65044713,0.71103704,0.71924037,0.72906643,0.62915003,0.6623312,0.66816723,0.68623793,0.6785663,0.62855047,0.62946093
4272,0.6856336,0.6821542,0.72392696,0.7342897,0.74258715,0.6339732,0.6820477,0.67160255,0.6950353,0.6829454,0.63283986,0.6369943
4273,0.75026685,0.7406174,0.7498503,0.7665206,0.7680488,0.643176,0.71743184,0.6795757,0.70815057,0.6886641,0.63823986,0.64872944
4274,0.76470065,0.7521628,0.75994897,0.7823356,0.7708779,0.65429556,0.71701926,0.684795,0.7003944,0.6874361,0.63165313,0.6375902
4275,0.7872015,0.76901835,0.7706215,0.7943154,0.7783686,0.6605331,0.72677404,0.6866784,0.7006348,0.69221044,0.6289229,0.63277924
4276,0.7764053,0.7560662,0.7696945,0.79371876,0.77298695,0.66359675,0.71688414,0.6854752,0.6908551,0.69289863,0.6208621,0.61755544
4277,0.9110713,0.8730719,0.819343,0.84652346,0.82792276,0.6679491,0.8034204,0.6952743,0.7260784,0.71219,0.63754356,0.65299314
4278,0.89310443,0.8577826,0.8221224,0.86208445,0.8172677,0.68240917,0.7748989,0.6994781,0.698166,0.7017511,0.61673576,0.61728394
4279,0.89068574,0.85066384,0.8229812,0.8609604,0.81486154,0.6834576,0.7709842,0.6940174,0.6932065,0.706405,0.6079867,0.6021407
4280,0.8542765,0.81463957,0.812027,0.8482226,0.8011104,0.6794278,0.7496656,0.6863718,0.67970204,0.70651877,0.59589696,0.5793394
4281,0.82343554,0.78421795,0.80102986,0.83264005,0.7910392,0.6701047,0.73716104,0.676946,0.67380893,0.7087673,0.5891711,0.5663741
4282,0.7962937,0.75915444,0.7910141,0.8192443,0.78298295,0.6596674,0.72771215,0.6685068,0.6700714,0.7093309,0.58468205,0.5582465
4283,0.78339416,0.7484765,0.78586775,0.8126343,0.78098917,0.6502663,0.72669303,0.6621203,0.67139125,0.7097256,0.5834004,0.55705893
4284,0.7235055,0.6938171,0.76409507,0.7880782,0.7575491,0.6411142,0.6935124,0.6547673,0.6564721,0.7032315,0.5744845,0.5413035
4285,0.6611363,0.6351035,0.738068,0.75353044,0.7332027,0.6275101,0.6634534,0.64542973,0.6470162,0.7003892,0.5712216,0.5336976
4286,0.6229854,0.60118276,0.7194475,0.7279141,0.7206886,0.61329,0.6500585,0.63819784,0.6477766,0.699318,0.5750699,0.53865945
4287,0.5954237,0.57932967,0.7052345,0.71030855,0.7121821,0.6022679,0.64022535,0.63403124,0.6498858,0.6955194,0.57966685,0.54656565
4288,0.56537217,0.5551002,0.6903119,0.69270045,0.7009866,0.59414154,0.6260419,0.6315327,0.64921445,0.68968713,0.5831794,0.55284464
4289,0.5371682,0.5320094,0.6754861,0.67474,0.68970513,0.5874263,0.6121675,0.6298117,0.64882976,0.6842957,0.58752835,0.5599754
4290,0.52221173,0.5216422,0.66519314,0.66251427,0.68410647,0.582427,0.60594445,0.6294222,0.65261924,0.68025786,0.59416956,0.5710659
4291,0.5168833,0.52057606,0.659106,0.6562416,0.68207717,0.5802447,0.6039124,0.63087696,0.65762675,0.6761672,0.60120225,0.58314383
4292,0.50062466,0.50806814,0.6498631,0.6457726,0.6738011,0.57975256,0.5935094,0.6328162,0.6563309,0.6706058,0.6053767,0.5894307
4293,0.49406058,0.5040973,0.64357156,0.63787484,0.66994727,0.57954526,0.589747,0.6347489,0.6590526,0.66765606,0.6116268,0.59888536
4294,0.49813983,0.51041067,0.6419146,0.6360541,0.6709178,0.5810839,0.59179735,0.63809407,0.6641649,0.6654645,0.61882883,0.6101685
4295,0.49604565,0.51030093,0.6391139,0.6328013,0.6683453,0.5840648,0.5888292,0.64184135,0.6649332,0.6622368,0.62361467,0.6170665
4296,0.4892736,0.5048375,0.63456565,0.62640035,0.66346365,0.5865885,0.5834076,0.6447257,0.66389585,0.6596785,0.6274029,0.621763
4297,0.48680255,0.50326943,0.6314032,0.62117463,0.6608706,0.58854073,0.5812841,0.6472901,0.66465086,0.6583365,0.63196546,0.6276937
4298,0.49698305,0.5140797,0.6332761,0.6224676,0.6642827,0.5915979,0.5865113,0.65092003,0.66942835,0.65811676,0.63813466,0.63687485
4299,0.49320295,0.5113388,0.63132656,0.6193712,0.66083765,0.5952276,0.5822765,0.65419936,0.66728294,0.65574694,0.6403715,0.63932383
4300,0.49283263,0.5112338,0.6298527,0.61593217,0.659041,0.597738,0.5810431,0.6563891,0.6673147,0.6550932,0.6433954,0.6430849
4301,0.607699,0.62026733,0.67029643,0.66462815,0.7090354,0.60879827,0.64837414,0.6687796,0.70692325,0.666817,0.66485584,0.6833164
4302,0.59931964,0.61412895,0.6743155,0.6746579,0.6993337,0.6253133,0.629601,0.6770279,0.6878431,0.6571862,0.65471596,0.6659931
4303,0.6150354,0.6250722,0.68108886,0.6792814,0.7034023,0.6336347,0.63531744,0.679975,0.68966264,0.6625325,0.6554127,0.66571367
4304,0.5809197,0.5900084,0.671037,0.6646635,0.68758976,0.6363414,0.61319923,0.6792316,0.6740491,0.6616118,0.6478968,0.649948
4305,0.570302,0.5775038,0.6662261,0.65381914,0.6840711,0.6335,0.6104482,0.6765277,0.6728561,0.6658439,0.64827406,0.6481727
4306,0.55953014,0.5673672,0.6619285,0.6460505,0.6803281,0.63005674,0.60663766,0.6741758,0.669995,0.6662548,0.6474703,0.6458989
4307,0.5618531,0.57051176,0.6621294,0.6448416,0.682063,0.62769926,0.6098802,0.6728631,0.67197233,0.66683,0.6486554,0.64822036
4308,0.6454684,0.65016663,0.69273853,0.68207586,0.71941006,0.6335943,0.66028494,0.68075264,0.70013225,0.67561084,0.6625275,0.67512316
4309,0.61287016,0.6209772,0.6872294,0.6806216,0.703042,0.64217895,0.6319788,0.68381107,0.67868006,0.66633123,0.6496317,0.6536583
4310,0.60421115,0.60993326,0.6834269,0.6727828,0.69869083,0.6416657,0.62756634,0.6808918,0.677015,0.66970944,0.64768,0.6495128
4311,0.5843482,0.5900254,0.67634135,0.66238916,0.69104797,0.6387109,0.61774987,0.6782435,0.6708897,0.67000526,0.6447644,0.6429933
4312,0.5696424,0.5758285,0.67013115,0.65300524,0.68593794,0.63419235,0.6120634,0.6750261,0.6683649,0.6704474,0.6437247,0.6404691
4313,0.5697607,0.576742,0.6692536,0.6511429,0.68755734,0.6308047,0.61483943,0.67356956,0.6710933,0.67124,0.645521,0.6434423
4314,0.6095337,0.61568075,0.6835278,0.6692568,0.70608616,0.6324158,0.639424,0.6769073,0.6856528,0.674801,0.6527986,0.6573872
4315,0.6164464,0.6234249,0.68887573,0.67881435,0.7082528,0.63756,0.6395188,0.6803798,0.6833672,0.67210525,0.6506189,0.65487057
4316,0.6017794,0.608586,0.68470246,0.67414516,0.70090026,0.6392952,0.6287313,0.679749,0.67657334,0.6707024,0.6461503,0.6471136
4317,0.63459754,0.63826114,0.69591486,0.686481,0.7154231,0.64044964,0.64949864,0.681253,0.6882504,0.67641115,0.6516411,0.6567134
4318,0.6626903,0.66456056,0.70862716,0.70377606,0.72705466,0.645812,0.66350704,0.6856003,0.69269466,0.67788625,0.6526827,0.6595422
4319,0.6866542,0.6858042,0.72012216,0.7191614,0.73612165,0.6520533,0.67411244,0.6891592,0.69491744,0.67982423,0.651634,0.6589148
4320,0.7878969,0.77613753,0.75945574,0.7660632,0.7768575,0.6620272,0.73272943,0.6992766,0.7190676,0.6916684,0.6612129,0.6800044
4321,0.8143858,0.7988206,0.77675605,0.79337615,0.78391653,0.6767708,0.73597294,0.7064644,0.7087327,0.6898988,0.65092254,0.66401434
4322,0.8127573,0.7926705,0.7803592,0.798921,0.7808724,0.683387,0.7283415,0.7051432,0.69858104,0.69221854,0.6395906,0.64465094
4323,0.8105194,0.7861322,0.78209066,0.79964894,0.78023505,0.6832567,0.7267894,0.7011915,0.69337773,0.6969905,0.63197535,0.6308541
4324,0.9750686,0.9268654,0.8431231,0.8644156,0.8460452,0.68778634,0.8321369,0.7147357,0.73299414,0.7201803,0.65172344,0.6727968
4325,1.0247287,0.9709697,0.87169003,0.90961194,0.86003315,0.7073654,0.8410148,0.7262687,0.71552324,0.7146289,0.6371084,0.65101457
4326,0.9717182,0.9208726,0.85832465,0.9026106,0.8357732,0.7148477,0.794349,0.7172289,0.6864731,0.7082608,0.6087082,0.60264164
4327,0.9681839,0.9117718,0.85787135,0.8963346,0.83644706,0.7074988,0.7977643,0.7066684,0.68635845,0.7173456,0.6018214,0.58927435
4328,0.96886945,0.91061395,0.8609649,0.89937353,0.84043944,0.70067555,0.80322814,0.70008683,0.6843954,0.7212671,0.5956098,0.5781558
4329,0.9479016,0.89165264,0.85615075,0.8962588,0.83498716,0.6937951,0.79334205,0.69165534,0.6766646,0.72024703,0.5848932,0.56072384
4330,0.90417016,0.8518098,0.84161144,0.8813042,0.8201306,0.6836979,0.7714969,0.68004405,0.66611093,0.717935,0.57261413,0.54021823
4331,0.8451564,0.79736114,0.81970966,0.85573137,0.7990406,0.66947055,0.74375325,0.66648144,0.6551579,0.7156736,0.56184244,0.52138436
4332,0.77060866,0.72785825,0.7907418,0.8199669,0.77161616,0.651862,0.7092082,0.65265805,0.64289033,0.71275216,0.55318856,0.5051434
4333,0.6941716,0.65647286,0.7591654,0.7787511,0.74336535,0.6318579,0.67556834,0.6397976,0.63327336,0.70994014,0.5494393,0.4966525
4334,0.6356993,0.6038569,0.73242325,0.743164,0.72307956,0.6122222,0.65300554,0.6294373,0.6312668,0.707262,0.5520547,0.49972466
4335,0.60185325,0.57725203,0.71426374,0.72057307,0.71330774,0.5963976,0.6428201,0.6227651,0.6364509,0.703411,0.55862063,0.51174366
4336,0.5684927,0.5516266,0.6970443,0.7012249,0.70180863,0.5853686,0.62829256,0.619377,0.6381163,0.69611776,0.56364435,0.5218439
4337,0.5365762,0.5263811,0.67991066,0.68156147,0.68939185,0.57716906,0.612692,0.6174372,0.63901365,0.68893486,0.5690926,0.5318889
4338,0.51625866,0.5119065,0.6666318,0.66643953,0.68158555,0.5711773,0.60345906,0.6168939,0.6431359,0.68322235,0.5766026,0.5450413
4339,0.5134452,0.514366,0.6603061,0.66063553,0.6811155,0.5685208,0.6035192,0.6185163,0.651406,0.67861956,0.58582836,0.5616068
4340,0.49909818,0.50456536,0.65124166,0.6513173,0.67382777,0.5686724,0.59396833,0.6215193,0.65186447,0.6720303,0.5916348,0.5710228
4341,0.48784333,0.49645293,0.6428402,0.6411809,0.6675457,0.56911147,0.58686143,0.6241379,0.6535172,0.6677207,0.59828913,0.5809743
4342,0.4866739,0.49790883,0.638444,0.63573366,0.66595924,0.57044715,0.5859468,0.62747544,0.65791905,0.66483635,0.6061701,0.59297085
4343,0.49297836,0.5064154,0.63782406,0.635166,0.66748357,0.57375485,0.5886035,0.6320283,0.66316354,0.6623656,0.61400163,0.60515636
4344,0.5043339,0.5191989,0.6400857,0.6380466,0.67086965,0.5790378,0.59332407,0.6375362,0.66841453,0.6605296,0.6213323,0.61655444
4345,0.51776206,0.53317505,0.64398956,0.642566,0.6748506,0.5857053,0.59859085,0.6435195,0.6728258,0.6594314,0.62779146,0.6262769
4346,0.5163756,0.53204334,0.64312965,0.64048475,0.67182404,0.59185535,0.5946901,0.64828193,0.6708038,0.6575504,0.6308018,0.6292957
4347,0.50496566,0.5205493,0.638022,0.6317864,0.66485906,0.5952423,0.58655417,0.65083355,0.6665717,0.656459,0.6326417,0.62974733
4348,0.5033498,0.51878697,0.6358052,0.62623924,0.66333044,0.5969267,0.5859189,0.6528789,0.667313,0.6571401,0.6368459,0.63453835
4349,0.56167984,0.5753096,0.6556739,0.6492164,0.68863183,0.6031203,0.6201035,0.65969086,0.6880164,0.66265666,0.6496802,0.65714484
4350,0.6061471,0.6185031,0.67554957,0.67514277,0.70568436,0.61647284,0.6399744,0.6701638,0.6954439,0.6629902,0.6545073,0.66657054
4351,0.5761623,0.58862174,0.6684093,0.6666706,0.6889353,0.6255352,0.6148642,0.67287105,0.67734414,0.6583312,0.6455294,0.64960784
4352,0.5562483,0.5663198,0.66038054,0.65181255,0.6795991,0.6254182,0.6043449,0.67097545,0.6715838,0.6614401,0.6440683,0.64413965
4353,0.54940885,0.55874044,0.65698344,0.6438824,0.67778486,0.6232597,0.6032711,0.6700135,0.67111427,0.6641182,0.6459184,0.64486295
4354,0.54467833,0.55477834,0.65499353,0.6394874,0.6767237,0.6217975,0.6022623,0.66975325,0.67062944,0.66449803,0.64711297,0.6459766
4355,0.52926093,0.5409252,0.64917374,0.6310613,0.6702643,0.6199036,0.5942097,0.66857046,0.66610295,0.6627916,0.64583075,0.6434745
4356,0.5190431,0.53197867,0.64405024,0.6232895,0.6658109,0.61694103,0.58980113,0.666673,0.66434723,0.66186166,0.645953,0.64353365
4357,0.52100885,0.53505766,0.64353085,0.6219721,0.6672244,0.6154176,0.5922827,0.66663283,0.66701746,0.6617669,0.6486171,0.647928
4358,0.5283746,0.54346716,0.6457262,0.6249152,0.67050385,0.61609644,0.59646285,0.6680854,0.6701889,0.6611881,0.65127057,0.6526759
4359,0.5263107,0.542385,0.6450853,0.6245223,0.66898215,0.6175025,0.594137,0.6692991,0.6689756,0.65953755,0.6514627,0.65306455
4360,0.57509816,0.58893037,0.6622434,0.64538425,0.69038975,0.62250626,0.622241,0.67472196,0.6861945,0.664633,0.6610174,0.6700183
4361,0.58203477,0.5961284,0.6681167,0.65492964,0.69167536,0.63043565,0.62091345,0.6798132,0.6824411,0.6620964,0.65894526,0.6667376
4362,0.58911335,0.6012285,0.6718747,0.6588417,0.6932836,0.63528246,0.6224496,0.6817867,0.6821197,0.6637501,0.6582662,0.66521674
4363,0.60204464,0.6119007,0.67775,0.6650277,0.6984944,0.6390658,0.6288021,0.6839894,0.6841995,0.66662866,0.65913206,0.665944
4364,0.6274948,0.6346374,0.688727,0.6778313,0.7094304,0.64385056,0.6424634,0.6875167,0.6898501,0.67044157,0.66142243,0.6697826
4365,0.67509556,0.67790633,0.70872843,0.70225406,0.7292312,0.65143347,0.668072,0.69354266,0.7003126,0.6758355,0.6652314,0.67760277
4366,0.7119344,0.7105921,0.72668123,0.72562915,0.7432811,0.6612313,0.6844866,0.6996268,0.70314115,0.6789932,0.6638913,0.67679924
4367,0.7501626,0.7430068,0.74493116,0.74833655,0.757703,0.6703529,0.70227206,0.70453316,0.70611954,0.68408275,0.6617716,0.674582
4368,0.8197455,0.8027796,0.7746598,0.7838717,0.7845259,0.6801781,0.73958045,0.711651,0.7163527,0.69315666,0.66287357,0.679281
4369,0.8377941,0.816169,0.78796655,0.80374485,0.7896796,0.69033796,0.7415392,0.7148074,0.7067995,0.69440687,0.65186185,0.6616645
4370,0.84753114,0.8204226,0.79574066,0.8132491,0.7929622,0.6941296,0.743883,0.7129598,0.7012176,0.6991153,0.6424829,0.64634866
4371,0.8714545,0.83811355,0.80802774,0.8271402,0.8035149,0.694868,0.75833726,0.71137893,0.7017257,0.7057325,0.6371417,0.63826495
4372,0.8936375,0.8557412,0.81990916,0.842521,0.81263953,0.69519234,0.77051365,0.70923144,0.6998738,0.70939857,0.6298638,0.62816757
4373,0.8904951,0.8511492,0.82245547,0.8484409,0.8114694,0.6941383,0.76656216,0.7041188,0.6914305,0.7095169,0.6181572,0.61028486
4374,0.8878264,0.84656954,0.82386625,0.8510668,0.8118004,0.69006884,0.76646787,0.6978051,0.6874548,0.71173376,0.60964197,0.59737515
4375,0.894282,0.85112876,0.8280943,0.8570096,0.81615555,0.6851298,0.77308416,0.69226253,0.68696624,0.7141774,0.6038164,0.5895154
4376,0.9309438,0.88342524,0.8432411,0.87560564,0.83216035,0.68231016,0.79755604,0.6904221,0.69378906,0.7182727,0.6028996,0.5918228
4377,0.8879277,0.8449375,0.8310093,0.8688332,0.81437063,0.6806659,0.7665196,0.6834328,0.67412037,0.7105717,0.585235,0.56291217
4378,0.86026984,0.8175065,0.8202432,0.8551168,0.804622,0.6714784,0.7549269,0.6729623,0.6699489,0.71212125,0.57804286,0.5507642
4379,0.7974565,0.7587011,0.7970879,0.8285616,0.780928,0.659672,0.72243166,0.6619068,0.65543705,0.708553,0.5670322,0.53058296
4380,0.73960227,0.7040659,0.77336013,0.79755765,0.7601159,0.64395714,0.69755036,0.6502824,0.648276,0.7077591,0.56260085,0.52127206
4381,0.67131287,0.6405825,0.7452086,0.7611944,0.7347677,0.62712705,0.6663157,0.64010817,0.6385898,0.70414805,0.55947745,0.51391053
4382,0.61942595,0.5939293,0.7211938,0.7291613,0.71663463,0.61028844,0.6457385,0.63147354,0.6366852,0.7014363,0.56220114,0.5172025
4383,0.59087527,0.57181984,0.70536125,0.70938903,0.7084862,0.59669864,0.637279,0.6260397,0.6416342,0.69792926,0.56858015,0.5286392
4384,0.5607737,0.54862654,0.68980026,0.6918232,0.6977919,0.58735085,0.62369657,0.6234252,0.6425399,0.6911223,0.5731203,0.53745437
4385,0.5306652,0.52441543,0.6737858,0.67313486,0.6857109,0.5802097,0.6086184,0.62184227,0.64251375,0.6845364,0.5779434,0.5459486
4386,0.5122301,0.51112354,0.66161484,0.6589659,0.6784579,0.5748249,0.60026497,0.6214442,0.64606774,0.6795292,0.5849452,0.5578242
4387,0.509117,0.5127095,0.6555865,0.6531099,0.67751646,0.5724373,0.59984666,0.6230216,0.6530552,0.67529136,0.593338,0.57253116
4388,0.49678168,0.5044689,0.6475154,0.6446835,0.67103946,0.57257783,0.5916056,0.6257857,0.6535621,0.6694088,0.5987798,0.5812407
4389,0.4888428,0.499349,0.6407378,0.63655657,0.6662623,0.5732122,0.5864445,0.6284086,0.6556344,0.6656457,0.6051328,0.59081084
4390,0.48755622,0.50038296,0.6368256,0.6317363,0.66446817,0.5747824,0.58514047,0.6316957,0.659031,0.6628254,0.6120468,0.60117847
4391,0.4950048,0.50962895,0.6368541,0.6318325,0.6663864,0.57805055,0.5883946,0.6359775,0.66412926,0.6608058,0.61933976,0.612485
4392,0.48849124,0.50472605,0.6328305,0.6265529,0.6612243,0.5818204,0.5822419,0.6398207,0.6621684,0.65726304,0.6229409,0.61688125
4393,0.49769107,0.51436263,0.6339137,0.62659615,0.66371214,0.58544403,0.5866867,0.6436132,0.6669559,0.65707517,0.6295637,0.6265878
4394,0.50109327,0.51847714,0.63427496,0.62622815,0.6635017,0.5899931,0.5867095,0.6479077,0.66768295,0.65554315,0.63383687,0.63222647
4395,0.5067729,0.52424634,0.6355414,0.6264216,0.66448414,0.59449893,0.5884238,0.65185446,0.6694139,0.6552055,0.63818073,0.63803625
4396,0.5004715,0.5182652,0.63284636,0.6215266,0.6600584,0.5979509,0.58312833,0.6546023,0.6662958,0.65381896,0.6397943,0.63898146
4397,0.6147283,0.62636083,0.6729861,0.6691209,0.7097488,0.60869485,0.65073127,0.66644967,0.7059339,0.6663459,0.66115826,0.67898875
4398,0.7983602,0.7937108,0.7469118,0.76114964,0.7807331,0.6376145,0.7499968,0.6946931,0.74410677,0.6793197,0.67927057,0.72142524
4399,0.7088582,0.7098507,0.7279233,0.7507706,0.7351981,0.6646624,0.6690672,0.6991719,0.6882667,0.66213036,0.64467233,0.6577882
4400,0.6869806,0.67995363,0.7187906,0.7282353,0.7255238,0.6634752,0.65934414,0.6917443,0.6848826,0.6744311,0.640757,0.6460358
4401,0.66903466,0.6598724,0.7135291,0.71574533,0.7214601,0.65881574,0.65453833,0.6878792,0.68000686,0.6803269,0.63881844,0.6377861
4402,0.6565741,0.6477502,0.71016943,0.70798767,0.7195685,0.6536178,0.652187,0.68404907,0.6778277,0.6830598,0.6371599,0.6332908
4403,0.64497024,0.63773984,0.70699066,0.7022603,0.71753716,0.64877933,0.6492217,0.6806465,0.6760417,0.6836441,0.6353593,0.6300585
4404,0.6347308,0.629348,0.70383596,0.69753146,0.71552896,0.6443371,0.64633566,0.6776304,0.6749502,0.68339324,0.6339702,0.62806773
4405,0.6061891,0.603534,0.69366366,0.68474823,0.7048371,0.63904035,0.6317931,0.673538,0.66777766,0.6805539,0.62989825,0.6211708
4406,0.5817556,0.5812892,0.6832447,0.67066395,0.6960494,0.63205373,0.6213051,0.6688737,0.6644249,0.6792481,0.6286984,0.618753
4407,0.5672879,0.56922936,0.67601603,0.6612078,0.6917213,0.625603,0.616684,0.66558707,0.6646972,0.6780853,0.6299642,0.6206751
4408,0.5670662,0.57132125,0.67407477,0.65939325,0.69300264,0.62148404,0.61913145,0.6642863,0.66877097,0.6769443,0.6330275,0.62643796
4409,0.5566171,0.56347764,0.669332,0.65496397,0.68868876,0.619293,0.6133318,0.6637214,0.66725934,0.67352986,0.6332664,0.62725806
4410,0.5520273,0.5603934,0.6660102,0.65143204,0.68672985,0.617496,0.6113428,0.663294,0.66847104,0.6719388,0.63514954,0.6304667
4411,0.56844556,0.57728493,0.670551,0.6578382,0.69409126,0.6179732,0.62144953,0.6651617,0.6761848,0.67244023,0.6403171,0.6395771
4412,0.61246705,0.6200486,0.68670607,0.67946935,0.7126793,0.62341726,0.64584243,0.6709897,0.689904,0.67466724,0.6476719,0.65379816
4413,0.6363673,0.64282316,0.69797313,0.6961415,0.72068083,0.63222903,0.6543163,0.67708945,0.69166046,0.6736185,0.64810425,0.6555176
4414,0.8542752,0.8361952,0.77802944,0.7900915,0.80693614,0.65026927,0.78478783,0.70069516,0.74869233,0.6981122,0.67507625,0.71565884
4415,0.8749851,0.8550996,0.79986334,0.83144134,0.8067586,0.68227804,0.76780754,0.71639246,0.7186679,0.687765,0.6544279,0.6792403
4416,0.8750558,0.8473467,0.8045979,0.83629435,0.8018116,0.69459206,0.7562512,0.7149207,0.70577836,0.69303864,0.6399983,0.652733
4417,0.8702535,0.83635503,0.80644643,0.83536005,0.80000824,0.69642806,0.75211346,0.7107094,0.6976459,0.70027417,0.63032913,0.6328249
4418,0.8905345,0.85031384,0.8170057,0.8444237,0.81029785,0.69466895,0.7672827,0.70774025,0.6991266,0.70868796,0.62658393,0.6253686
4419,0.8761239,0.83568823,0.816124,0.84497195,0.8062231,0.69241226,0.75844544,0.7023054,0.6888429,0.70895565,0.6149699,0.6056819
4420,0.8402726,0.80134976,0.80532205,0.8323193,0.7937153,0.68518436,0.73980147,0.69242495,0.6776359,0.7085273,0.60276675,0.58508176
4421,0.8135735,0.77589285,0.7960287,0.8196676,0.786142,0.6743766,0.7308652,0.6823626,0.6735655,0.71008706,0.5962546,0.5741056
4422,0.82349783,0.7858225,0.7996612,0.8231968,0.79409975,0.6650737,0.7447476,0.67631495,0.6807381,0.7134607,0.5967302,0.57712203
4423,0.8129337,0.7781692,0.7973699,0.8240687,0.7915669,0.65965664,0.7401883,0.67165655,0.67687106,0.71013045,0.59082603,0.56966805
4424,0.79529464,0.7627868,0.79090023,0.8183719,0.78493834,0.65368915,0.73143387,0.66544485,0.6728207,0.7075983,0.5851852,0.5619599
4425,0.8169337,0.7833777,0.7980668,0.8274075,0.7957947,0.64875346,0.7491592,0.6626156,0.6824097,0.7104053,0.5877993,0.5694069
4426,0.7993749,0.76838386,0.792991,0.8260196,0.7885778,0.6470437,0.73673505,0.66016144,0.6745983,0.7054717,0.5810986,0.5591579
4427,0.7756402,0.74570256,0.7836854,0.81584984,0.77914214,0.64251643,0.723944,0.65532976,0.66989905,0.70399463,0.57691807,0.5518129
4428,0.76042753,0.7312811,0.7768864,0.8075726,0.77447236,0.63654625,0.7188147,0.651167,0.6698611,0.7042533,0.57644635,0.55049396
4429,0.6996582,0.67403185,0.7538312,0.78041,0.74947244,0.6292684,0.68402195,0.64565927,0.6546785,0.6986806,0.5694477,0.5360516
4430,0.6402617,0.6172017,0.7282121,0.7453612,0.7258342,0.6170683,0.65527123,0.63812906,0.6462803,0.6967826,0.5685152,0.5310548
4431,0.6028969,0.5837489,0.7095735,0.7192429,0.7131492,0.6042133,0.6414846,0.6323613,0.6469022,0.695676,0.57348233,0.53721803
4432,0.5785767,0.564898,0.6962691,0.7022751,0.7057582,0.5944539,0.63305193,0.6293853,0.6499712,0.69218767,0.579373,0.54699636
4433,0.5575005,0.54942536,0.6845953,0.68857306,0.69839066,0.58802843,0.62377167,0.62832457,0.6519644,0.6870452,0.58458495,0.5563087
4434,0.5456398,0.54235625,0.67620945,0.6791263,0.6941826,0.58415455,0.61876094,0.62862635,0.655994,0.6826562,0.5908295,0.5674314
4435,0.52448666,0.52550125,0.66491544,0.6658963,0.68453944,0.5818932,0.60637796,0.6296116,0.65457094,0.6769494,0.5949371,0.5737874
4436,0.50700873,0.5113766,0.65435666,0.6524758,0.67637515,0.57972366,0.596826,0.63047636,0.6548858,0.6729865,0.6003161,0.58163303
4437,0.50121933,0.5086416,0.6482046,0.6446598,0.6735941,0.57864416,0.59429014,0.632327,0.65873325,0.6701872,0.6073592,0.5925114
4438,0.50288904,0.5131076,0.64568186,0.6418852,0.67366415,0.5797896,0.5949761,0.6355515,0.66328853,0.667346,0.61432797,0.6036619
4439,0.4917117,0.50441045,0.6393182,0.6339963,0.6669065,0.58177924,0.58669156,0.6385491,0.6612325,0.663057,0.61797893,0.6084628
4440,0.48788583,0.50205815,0.63502336,0.6275911,0.6638035,0.5832651,0.5839535,0.64109075,0.6627536,0.6612218,0.62336904,0.6159364
4441,0.49222043,0.5077208,0.6342602,0.6258501,0.66452014,0.58567685,0.58579636,0.6444819,0.6662087,0.6599033,0.6294259,0.62481976
4442,0.49677482,0.5134218,0.63446933,0.62552357,0.6649934,0.5893397,0.5868765,0.64838314,0.66829973,0.6582504,0.63433397,0.6319406
4443,0.49085608,0.5084486,0.6312575,0.6205149,0.6604133,0.59260064,0.5815651,0.65130794,0.66592807,0.655989,0.6367163,0.6344348
4444,0.48874822,0.50671613,0.6289163,0.61585736,0.6580635,0.59477574,0.5796517,0.6535458,0.6659027,0.6553514,0.6401663,0.63859755
4445,0.5206559,0.5380656,0.63890934,0.62696296,0.67110914,0.5992189,0.5974999,0.658176,0.67742765,0.6576939,0.648748,0.6527899
4446,0.55614054,0.57299423,0.6527289,0.64434963,0.6839204,0.60803086,0.6138469,0.6649738,0.6850061,0.65779465,0.65400195,0.662534
4447,0.55300754,0.5695265,0.6542276,0.6462335,0.6798204,0.6166871,0.6065621,0.66965836,0.6782357,0.6556574,0.6516746,0.6575981
4448,0.5600629,0.574279,0.6571466,0.64712656,0.6815764,0.6214282,0.60920036,0.67207855,0.6790076,0.65851545,0.6533078,0.65876657
4449,0.8212833,0.8083614,0.75134444,0.75689596,0.7886943,0.64129174,0.767584,0.70018417,0.7551671,0.6900349,0.6908913,0.7387397
4450,0.7316092,0.7298063,0.7369094,0.75868386,0.74384975,0.6726047,0.6812012,0.7082323,0.6918546,0.66579354,0.6516872,0.6677026
4451,0.72020525,0.7101307,0.73219854,0.74221903,0.7377518,0.6733339,0.67552197,0.7006392,0.6905788,0.6781859,0.646561,0.6558032
4452,0.678839,0.6680062,0.7195649,0.7220423,0.7232047,0.6685037,0.65511054,0.6944581,0.67645645,0.6809767,0.63822097,0.6368047
4453,0.6753424,0.6634105,0.71838206,0.71528405,0.7259599,0.66119224,0.6605051,0.68913394,0.67959285,0.68704766,0.6389459,0.63597184
4454,0.6406046,0.6320119,0.7075695,0.70112616,0.71430796,0.6543525,0.6436809,0.68361,0.6695656,0.68443453,0.6324542,0.62443954
4455,0.6112177,0.60523945,0.6961613,0.6849557,0.7046538,0.6453271,0.6318476,0.676846,0.6651534,0.6836502,0.6295039,0.619261
4456,0.58913064,0.58624756,0.6867177,0.6722401,0.69806385,0.6364652,0.6241915,0.67140174,0.66350216,0.6823096,0.62887245,0.61816573
4457,0.5837009,0.58369917,0.6830646,0.6679133,0.69825965,0.6298928,0.6252587,0.66830957,0.66711897,0.68134904,0.6311421,0.622681
4458,0.5951146,0.5972995,0.6862121,0.67343956,0.7048169,0.62729335,0.63401407,0.6682827,0.67432374,0.6805558,0.6349759,0.6306718
4459,0.59703875,0.60119075,0.6870416,0.676962,0.70568234,0.62753236,0.6342356,0.66919744,0.6753281,0.677733,0.6354691,0.63264495
4460,0.60808885,0.6124082,0.690648,0.68278116,0.71010643,0.6287272,0.6400503,0.67048204,0.6795572,0.6774756,0.63764495,0.6370549
4461,0.60610825,0.61076796,0.6902316,0.6837163,0.7085213,0.63032776,0.63718843,0.6715061,0.67794067,0.67584777,0.63703775,0.6358444
4462,0.64154106,0.6439166,0.70233613,0.6987523,0.7229881,0.6327883,0.6579537,0.67393684,0.68931437,0.6793361,0.64235866,0.64613736
4463,0.7333928,0.7287699,0.73773557,0.743491,0.76027703,0.6427809,0.71015656,0.6842249,0.71236944,0.6869119,0.6523353,0.668009
4464,0.7844362,0.7745134,0.7627018,0.7791105,0.7771756,0.65902066,0.7291641,0.69467705,0.7118178,0.6870795,0.648794,0.6645782
4465,0.9754345,0.9362448,0.835664,0.861208,0.84718084,0.6785162,0.8386521,0.71793747,0.7472322,0.70904917,0.66623783,0.70474637
4466,0.9526981,0.9149922,0.840144,0.8833468,0.83088094,0.70527226,0.7949772,0.7243884,0.7069868,0.6973595,0.63621986,0.65050286
4467,0.93681026,0.89234966,0.8372609,0.8764491,0.82253283,0.708458,0.7804129,0.71620864,0.6959867,0.704561,0.62125355,0.6227146
4468,0.9218732,0.87360424,0.83490855,0.8704446,0.81920683,0.7038688,0.7749351,0.70825016,0.6887597,0.7111284,0.61139446,0.60272735
4469,0.9286917,0.8770622,0.8401147,0.8738841,0.82568264,0.69728196,0.78498065,0.70199513,0.68944186,0.7173714,0.60674405,0.5943088
4470,0.8883784,0.8404996,0.82891005,0.8636398,0.81208724,0.6902575,0.76260215,0.69240063,0.6751849,0.71424323,0.5921929,0.5698614
4471,0.881525,0.83350116,0.8268153,0.8591297,0.8130064,0.6796881,0.7665571,0.68301517,0.6775352,0.7179066,0.588559,0.56488657
4472,0.84136933,0.7978676,0.8137395,0.8463947,0.7994971,0.67015207,0.7465132,0.6738424,0.66716397,0.7140926,0.57828265,0.5481297
4473,0.79601604,0.7563786,0.79627097,0.82551706,0.78320366,0.6577152,0.72586644,0.6627423,0.65973365,0.7118684,0.5709495,0.5359511
4474,0.7575174,0.7216927,0.78021324,0.80556095,0.77031976,0.6443355,0.7110077,0.65304756,0.6565693,0.71039873,0.5679638,0.5308727
4475,0.7468299,0.7143456,0.7738365,0.79797596,0.7695234,0.63304853,0.7129451,0.6466183,0.662519,0.71021783,0.5705103,0.5369061
4476,0.6985356,0.67166996,0.7548843,0.77767384,0.75027996,0.6243953,0.6863372,0.6411823,0.6523104,0.702823,0.5655166,0.5287252
4477,0.6386807,0.6158061,0.72927845,0.7451493,0.7257732,0.6130577,0.6554606,0.6342621,0.6428912,0.6979347,0.56343603,0.5234321
4478,0.59536874,0.576559,0.7081023,0.7167234,0.7098319,0.6004016,0.6372518,0.62843406,0.64186496,0.69551635,0.5676452,0.52853465
4479,0.56295145,0.549575,0.69102615,0.6949777,0.69854414,0.5897546,0.62406236,0.62492746,0.6432437,0.6914184,0.57341826,0.5375123
4480,0.54695857,0.5393086,0.6800858,0.6822062,0.69377,0.58245194,0.61885124,0.6236014,0.64879054,0.68706906,0.5808091,0.55069196
4481,0.5300857,0.527887,0.6697064,0.6709405,0.6870781,0.57852125,0.6102833,0.62417614,0.6509935,0.68108416,0.58661616,0.56103116
4482,0.5098242,0.5120518,0.65802383,0.65722996,0.6777303,0.5759873,0.5987062,0.6251143,0.65082276,0.67536646,0.5917394,0.56918687
4483,0.4968764,0.50270355,0.64878243,0.64588404,0.6716234,0.57418185,0.5918653,0.62653136,0.65308917,0.67135626,0.59835345,0.5793684
4484,0.49537152,0.50440395,0.64424783,0.6406546,0.6705661,0.5741824,0.5913675,0.6292534,0.6581669,0.6682736,0.6061156,0.5917493
4485,0.49859342,0.5103372,0.64247155,0.6390997,0.67093426,0.57650805,0.5923096,0.63321203,0.6626971,0.66512686,0.61321473,0.6031239
4486,0.49619815,0.50996774,0.63938254,0.63539493,0.66801006,0.5799173,0.5889635,0.63722235,0.6635043,0.6617418,0.6183289,0.6105195
4487,0.4891324,0.5042141,0.6346141,0.62857586,0.6629778,0.58275384,0.5833431,0.64045995,0.66255206,0.6591697,0.6225914,0.61577386
4488,0.48601192,0.50204015,0.6311458,0.6228096,0.66013205,0.58493894,0.5808758,0.6433337,0.6632912,0.6578022,0.6275565,0.62214935
4489,0.4858206,0.5028432,0.62915504,0.61900514,0.6587219,0.5873232,0.580054,0.646363,0.6644665,0.6565171,0.6323765,0.62857366
4490,0.49719954,0.5148269,0.63179284,0.62116456,0.66262555,0.59095824,0.5857557,0.6503176,0.6692569,0.6563345,0.6384731,0.6377378
4491,0.50439173,0.5225978,0.63407856,0.6232729,0.66426295,0.59588575,0.58783346,0.6546893,0.6707975,0.65523154,0.6424345,0.643367
4492,0.5091573,0.52736473,0.6355834,0.62389714,0.6647586,0.600608,0.58862233,0.65840244,0.6713569,0.6547827,0.6455106,0.6473313
4493,0.6285675,0.6397016,0.67858595,0.6752582,0.71619934,0.61335087,0.6581747,0.6719436,0.71084625,0.6674407,0.6666167,0.6872425
4494,0.63433003,0.64602804,0.689037,0.69310594,0.7139457,0.6327336,0.64764065,0.68300515,0.69609815,0.6608041,0.6588143,0.6733844
4495,0.6559849,0.661943,0.6993822,0.7024808,0.7203832,0.6434758,0.65549463,0.687344,0.6974872,0.66683036,0.65853316,0.6715858
4496,0.6982287,0.6977017,0.71795315,0.72224814,0.7374982,0.6528176,0.67787343,0.693578,0.70449704,0.6748224,0.6614872,0.6754779
4497,0.94941026,0.91432536,0.81135416,0.82705754,0.8330795,0.6729414,0.8279625,0.72265553,0.76043445,0.7049242,0.6894744,0.7385777
4498,0.8277221,0.8072981,0.78495157,0.8196,0.7772499,0.70175517,0.7195407,0.7227339,0.6886214,0.6793392,0.63928926,0.6491966
4499,0.78531235,0.7581494,0.76834065,0.78704745,0.7605659,0.694132,0.70006484,0.70709956,0.68244153,0.6917839,0.6287095,0.6279742
4500,0.7656924,0.73698866,0.76257306,0.7734424,0.758459,0.6834228,0.69892555,0.6986331,0.68005896,0.6994255,0.62568253,0.6182309
4501,0.7098241,0.6854336,0.7443154,0.74945575,0.73975354,0.6716386,0.67259,0.68822724,0.66548353,0.696999,0.61518204,0.5990412
4502,0.67954236,0.658249,0.73222655,0.7312096,0.73212314,0.6578306,0.6645088,0.67823106,0.6644449,0.69825685,0.61319673,0.5952609
4503,0.6828088,0.66465014,0.73252285,0.7311637,0.73851687,0.64783,0.6746264,0.673143,0.67266554,0.6994937,0.6163225,0.60211164
4504,0.6918655,0.67689043,0.7364422,0.73883635,0.74516153,0.6434082,0.68308866,0.6715956,0.6781222,0.69757193,0.61729044,0.6067707
4505,0.6573481,0.64649457,0.72475797,0.72790414,0.730895,0.63982034,0.6617442,0.66808534,0.66752493,0.69086045,0.610508,0.5960939
4506,0.62243325,0.6137088,0.70988345,0.7090153,0.7169539,0.6324008,0.6443099,0.66233724,0.6619876,0.6885679,0.6081622,0.5911801
4507,0.5932827,0.5871222,0.69634414,0.69145006,0.7063277,0.6238007,0.63178873,0.6574659,0.65953285,0.68673545,0.6088782,0.5909958
4508,0.59050894,0.586915,0.6921549,0.6863785,0.70746034,0.6172427,0.63482827,0.6551316,0.6660095,0.68631387,0.6140887,0.5998493
4509,0.6046379,0.60344994,0.6956253,0.69282436,0.71492106,0.61545134,0.64494264,0.65632194,0.6747462,0.684982,0.61968744,0.6109213
4510,0.6082114,0.6090588,0.69655573,0.69679624,0.7158865,0.6169677,0.64533347,0.658453,0.6763422,0.6815083,0.6213707,0.6148569
4511,0.6670008,0.6652206,0.7170566,0.72333807,0.74055904,0.62186617,0.6801699,0.663995,0.69591135,0.685854,0.6310026,0.63470465
4512,0.6737987,0.6720676,0.722576,0.73468226,0.7404807,0.63086224,0.67653406,0.6694954,0.68990797,0.6813808,0.62753105,0.62910736
4513,0.6832312,0.67883486,0.726237,0.73911566,0.7416033,0.63573515,0.6784253,0.6707894,0.6893796,0.68250716,0.62641525,0.62688416
4514,0.6890571,0.68233293,0.7291091,0.74224705,0.74283236,0.63896054,0.67991513,0.6720048,0.6882206,0.6840812,0.6255451,0.6242067
4515,0.7095186,0.6998358,0.7373419,0.751495,0.75099117,0.6417337,0.69149506,0.6737279,0.6922996,0.6874295,0.6269006,0.62644804
4516,0.90113044,0.86935604,0.8079323,0.8322678,0.8274361,0.6530153,0.8102854,0.69231105,0.74090564,0.70899063,0.6501927,0.67961895
4517,0.82818663,0.8052352,0.7933644,0.83370197,0.79063636,0.67508566,0.73776203,0.69586444,0.6894808,0.68813384,0.61593974,0.6182187
4518,0.7909436,0.7634161,0.778747,0.8091424,0.7736818,0.6718543,0.71631,0.68509996,0.68084335,0.69464105,0.6063605,0.5986578
4519,0.77203196,0.7428921,0.7717083,0.7956082,0.7687982,0.66369843,0.71197087,0.67799425,0.6780958,0.7000621,0.6038364,0.5903537
4520,0.7811729,0.7514194,0.77554935,0.7979111,0.77599937,0.6572545,0.7237537,0.6741793,0.68330926,0.70415485,0.60491604,0.59209484
4521,0.7611259,0.7341837,0.7702027,0.7931297,0.7693318,0.653236,0.7127982,0.6703327,0.6761665,0.7011151,0.5987067,0.582071
4522,0.7508538,0.72504336,0.7664363,0.7880985,0.76676214,0.64782596,0.71000224,0.6656828,0.6757864,0.70133847,0.59653944,0.57906574
4523,0.7247453,0.70147556,0.7568923,0.77711636,0.7570746,0.64214313,0.69657683,0.66093343,0.6697901,0.69878954,0.592269,0.5716645
4524,0.68427074,0.66380405,0.74096715,0.7571236,0.7413596,0.6344405,0.6757577,0.6550613,0.6617854,0.6959268,0.58829993,0.56372297
4525,0.63664925,0.61931413,0.7211038,0.73087865,0.72303665,0.62432826,0.65260917,0.64873487,0.65418077,0.6931838,0.5864245,0.5584946
4526,0.59430975,0.58071446,0.70192546,0.70496,0.7073477,0.6130507,0.6338379,0.642936,0.65013814,0.69060934,0.5877839,0.5588872
4527,0.562645,0.55363166,0.68611085,0.684099,0.69623226,0.60272074,0.62095183,0.63867265,0.64977896,0.68744737,0.5915487,0.5642409
4528,0.54566425,0.54159683,0.67563415,0.67126864,0.6909654,0.5950401,0.6152688,0.6364821,0.6533398,0.6838993,0.5970992,0.5738031
4529,0.5375696,0.5382048,0.66904515,0.66447437,0.6885455,0.5908315,0.61260355,0.63649243,0.65773326,0.6797136,0.6028114,0.58421975
4530,0.5261724,0.53078645,0.66185945,0.65703666,0.6833936,0.58907264,0.60603815,0.63761014,0.6588575,0.67484206,0.6070806,0.59157383
4531,0.5099068,0.51757675,0.65274554,0.64624745,0.6753853,0.5877822,0.5962811,0.6385799,0.6576863,0.67045856,0.61066246,0.5967361
4532,0.49984017,0.50990313,0.645515,0.6370945,0.67022365,0.5865607,0.5908043,0.6396647,0.6588531,0.6676004,0.61563367,0.6038947
4533,0.49411878,0.50646096,0.6402957,0.63056296,0.6668749,0.5862767,0.5874977,0.6414564,0.6605444,0.6648601,0.620779,0.6114222
4534,0.5022345,0.5162853,0.6405871,0.63107026,0.669678,0.5879307,0.5918989,0.64461637,0.66631156,0.66343653,0.6275448,0.62220013
4535,0.50614655,0.52170074,0.64066356,0.63158494,0.66990477,0.59149796,0.59226096,0.64857304,0.66825897,0.6609797,0.6320749,0.629051
4536,0.4997466,0.5162524,0.6371362,0.6267311,0.6651391,0.59459025,0.5865447,0.6513976,0.66611975,0.6585168,0.63441634,0.631565
4537,0.49520338,0.51211613,0.6337537,0.6211318,0.66169745,0.5963705,0.5831866,0.6533666,0.66554534,0.6575606,0.6375548,0.635129
4538,0.492414,0.50990015,0.6311615,0.6165582,0.6593333,0.5977387,0.58115166,0.6552248,0.6654259,0.6566662,0.6407374,0.6389508
4539,0.4941058,0.5121756,0.6304344,0.61448044,0.6590992,0.5994398,0.58166,0.65735257,0.6666766,0.65603566,0.6442726,0.64374965
4540,0.504803,0.52317005,0.63343114,0.6173332,0.6629247,0.6024357,0.58697015,0.6604659,0.6705509,0.656085,0.6487539,0.65056664
4541,0.51027673,0.5290709,0.63516986,0.6189799,0.6635216,0.6060113,0.5880519,0.66316026,0.6707733,0.6548395,0.65068483,0.6534168
4542,0.5535459,0.5703824,0.6506887,0.637241,0.681581,0.6127822,0.6116068,0.6692604,0.68470645,0.6587716,0.65930355,0.6682718
4543,0.5357006,0.5535117,0.64714324,0.63374114,0.6711036,0.6192519,0.5959155,0.6721668,0.67239815,0.65418744,0.65363604,0.6579927
4544,0.55052626,0.5658325,0.6516553,0.6363672,0.6765648,0.62202275,0.6043804,0.6734688,0.6775318,0.6582422,0.6570993,0.66285175
4545,0.5749821,0.5888714,0.66084284,0.6467968,0.68531406,0.62597406,0.6166303,0.675944,0.6821167,0.65985656,0.6593943,0.66708124
4546,0.57623386,0.58956957,0.663701,0.6501539,0.68481183,0.6311484,0.6143429,0.67855835,0.678387,0.6594965,0.6572542,0.6631931
4547,0.5700578,0.5823396,0.6625164,0.6470993,0.6815602,0.6330912,0.6098357,0.67853373,0.6745279,0.6604552,0.65495,0.65866256
4548,0.5728668,0.5839965,0.66381466,0.6468467,0.68303293,0.63344705,0.6121347,0.67834175,0.67508537,0.6626872,0.6551551,0.6584293
4549,0.5643168,0.57555556,0.661606,0.6432336,0.6797345,0.63323057,0.6074301,0.6777205,0.6713792,0.66265,0.653074,0.65456545
4550,0.55461764,0.56604415,0.6580968,0.6376961,0.6760383,0.63143426,0.6029693,0.6760183,0.6686592,0.6628675,0.6515065,0.6517339
4551,0.5626789,0.57393694,0.66050214,0.63979006,0.6803197,0.6302046,0.6091612,0.6755881,0.6725342,0.66452104,0.65343463,0.6551987
4552,0.5649832,0.5768744,0.6618971,0.6419986,0.681388,0.63046557,0.61016715,0.67582923,0.67245626,0.6638339,0.6529567,0.6550331
4553,0.5680723,0.57999647,0.6634553,0.6440786,0.6827929,0.6311753,0.61165655,0.67620885,0.67313105,0.6640002,0.6528985,0.6553503
4554,0.57844746,0.58980757,0.6677216,0.6494375,0.68754196,0.63266873,0.61744183,0.677483,0.6762465,0.6652395,0.6542242,0.6578457
4555,0.60905594,0.61859316,0.67988217,0.66477156,0.7009827,0.6367355,0.6344653,0.68121934,0.685127,0.6684179,0.6582625,0.6654464
4556,0.61376184,0.6227534,0.684254,0.67174965,0.70216364,0.64162964,0.6338092,0.6837605,0.6822448,0.6676508,0.6555366,0.6612695
4557,0.61716807,0.62446886,0.6867329,0.6745006,0.703114,0.64405245,0.6344592,0.684148,0.6812765,0.66924834,0.6537094,0.6581568
4558,0.6713887,0.6737779,0.7074588,0.6989577,0.7266428,0.648836,0.66658527,0.6889499,0.69711554,0.6768278,0.66055465,0.6710622
4559,0.6933373,0.6937013,0.7198755,0.7170285,0.7344555,0.65684175,0.67400634,0.69347465,0.69535446,0.6768995,0.6568296,0.6661443
4560,0.74904585,0.7424717,0.74321157,0.7452368,0.7564766,0.6649676,0.7039679,0.69895107,0.7060489,0.6842327,0.6589286,0.6720562
4561,0.7722698,0.7614628,0.7570133,0.76471955,0.76442754,0.6739333,0.71124226,0.7029025,0.70194644,0.68616074,0.6524907,0.6621983
4562,0.80567366,0.78822124,0.77299315,0.78401864,0.77717155,0.6799644,0.727808,0.7050119,0.7038816,0.69225365,0.6487346,0.6571403
4563,0.82840323,0.8056934,0.78566974,0.8005191,0.7858664,0.68473434,0.7378617,0.7058988,0.7014133,0.69632983,0.6422275,0.64722085
4564,0.86043626,0.8318788,0.80038035,0.8187271,0.7971643,0.68708676,0.75438076,0.70467436,0.7016728,0.7008952,0.6361058,0.63955504
4565,0.8650546,0.83351356,0.8065393,0.8287649,0.7989662,0.6893458,0.7537118,0.70264894,0.6940846,0.7022533,0.62585324,0.62337595
4566,0.8658303,0.8312851,0.8098125,0.8334118,0.8002442,0.6878533,0.75418335,0.6981644,0.6896128,0.70521253,0.6174437,0.61012
4567,0.8608693,0.8247133,0.8104653,0.8351745,0.79986787,0.6840678,0.752792,0.69261086,0.68510014,0.7071846,0.60943127,0.5975003
4568,0.8394075,0.8038855,0.8043635,0.82942647,0.79270023,0.67799246,0.74205965,0.68492293,0.67733634,0.70676905,0.59976816,0.58203477
4569,0.82830036,0.7928579,0.8008364,0.8253265,0.7905888,0.67016435,0.740292,0.67755365,0.6758985,0.7082679,0.59463775,0.5744832
4570,0.8262032,0.79123515,0.8006297,0.82626784,0.7921144,0.66334397,0.74340814,0.6720351,0.67672247,0.7089893,0.5913279,0.5707965
4571,0.83053607,0.7958866,0.8030181,0.8312928,0.7958258,0.65858525,0.748914,0.6683553,0.6785185,0.7090915,0.58877844,0.5689875
4572,0.79294,0.7613615,0.79043674,0.8200202,0.7811378,0.6538087,0.7262579,0.6626763,0.6668485,0.704256,0.5792679,0.5532207
4573,0.7185757,0.690157,0.7620099,0.7854267,0.7509165,0.6430851,0.68544346,0.6528035,0.6494857,0.6997209,0.5690334,0.53365934
4574,0.67525434,0.6489076,0.7419279,0.7568466,0.73633736,0.6280315,0.6701822,0.6434461,0.6487856,0.70118976,0.5707083,0.53393114
4575,0.6333895,0.6118354,0.7231524,0.73274237,0.72225493,0.61474967,0.6532745,0.6371783,0.6462946,0.6981239,0.5724495,0.5356316
4576,0.59243447,0.57629216,0.7040624,0.7086931,0.70729303,0.6031062,0.63500804,0.63205945,0.64378715,0.69336134,0.57475436,0.5391108
4577,0.55789965,0.5472287,0.68658495,0.6867983,0.69441223,0.5929346,0.6196293,0.62821025,0.643278,0.6884252,0.5787903,0.54571664
4578,0.5314384,0.52622616,0.67185885,0.6688846,0.6845012,0.58481497,0.6079157,0.62599415,0.6446523,0.68335265,0.58418024,0.55479693
4579,0.51945335,0.5193631,0.66258657,0.6585162,0.6805267,0.5795716,0.60365903,0.6257577,0.6498401,0.6789652,0.591366,0.567407
4580,0.5148893,0.5193596,0.65690696,0.6533053,0.6788108,0.5777006,0.60179144,0.6275268,0.6550404,0.6743279,0.59837073,0.5798177
4581,0.5027873,0.5109394,0.6491838,0.64507985,0.6724179,0.57772595,0.5937584,0.62988985,0.65527034,0.6689874,0.60319126,0.5874779
4582,0.5037433,0.5143129,0.6458569,0.6413683,0.6718345,0.57865065,0.59406596,0.6326321,0.66019017,0.66641194,0.61026716,0.5987547
4583,0.5051314,0.5177859,0.6438205,0.6393818,0.6710617,0.581265,0.5935481,0.6364182,0.6630931,0.66346896,0.6162368,0.6078511
4584,0.5080428,0.5220223,0.6428531,0.6381444,0.6707692,0.58482593,0.59365875,0.64045143,0.66568947,0.66137886,0.6218215,0.6160316
4585,0.49755797,0.51268286,0.6374854,0.630753,0.6641723,0.5877705,0.58567154,0.643495,0.66260827,0.6584711,0.6245749,0.61865723
4586,0.4910374,0.5067844,0.6328641,0.6232442,0.65992594,0.5892102,0.5815485,0.6455584,0.66220003,0.65740466,0.6285922,0.6233165
4587,0.48676005,0.5034381,0.6293427,0.61732304,0.65698594,0.590381,0.5789132,0.64766246,0.66223043,0.6562053,0.6325936,0.62824786
4588,0.48425984,0.50199336,0.6267156,0.61272645,0.654763,0.5917165,0.57710063,0.6497385,0.6624507,0.6548441,0.63625824,0.63304716
4589,0.6345963,0.6446843,0.67970145,0.67744094,0.7205903,0.60470015,0.66673356,0.6652017,0.7150535,0.67015475,0.6634929,0.6864087
4590,0.61679655,0.6302838,0.6831235,0.6893856,0.7068881,0.62612987,0.6385555,0.6765907,0.6892658,0.65759504,0.650319,0.6627364
4591,0.80103624,0.7926155,0.75054294,0.76383126,0.78022933,0.64520466,0.74742687,0.69583476,0.74072003,0.68343675,0.6752334,0.7134503
4592,0.73655075,0.7326279,0.7402316,0.76306146,0.74761635,0.6690622,0.6854093,0.7020742,0.6934119,0.6691645,0.64656025,0.6594272
4593,0.6782985,0.6699064,0.7192623,0.72910047,0.7218953,0.6667543,0.6518888,0.6919455,0.6763633,0.6748179,0.6340805,0.63411397
4594,0.64781356,0.63746774,0.7073202,0.70626885,0.713025,0.65699387,0.6429468,0.6841649,0.6718767,0.68163013,0.6325236,0.6263812
4595,0.6194835,0.6112174,0.6969373,0.689453,0.7052229,0.64727247,0.6336249,0.67791945,0.66723216,0.68274975,0.63063437,0.6210916
4596,0.5848833,0.5804021,0.6837254,0.67088723,0.6935598,0.6374703,0.6190776,0.6714817,0.6608165,0.68052673,0.6276316,0.61565286
4597,0.55839705,0.55772024,0.67216045,0.6549721,0.6849447,0.62780607,0.60919404,0.6657494,0.65836555,0.67846924,0.6272433,0.6150594
4598,0.54460096,0.5477216,0.6648353,0.6456812,0.6813541,0.6200897,0.60560614,0.662066,0.6598497,0.6763179,0.6292234,0.6188834
4599,0.5411637,0.54775167,0.66155356,0.64269924,0.68129826,0.6154068,0.60609347,0.66059303,0.66335875,0.67380667,0.6321903,0.6248291
4600,0.5449379,0.55415475,0.6614258,0.64426625,0.6834077,0.6138255,0.60894287,0.6610518,0.66762155,0.6714426,0.6354896,0.63136214
4601,0.5534593,0.56422114,0.66357964,0.6487018,0.6868113,0.61477494,0.6132033,0.6629223,0.6719105,0.669685,0.6387852,0.63757634
4602,0.5791547,0.58971906,0.67248315,0.66121,0.69735974,0.6185706,0.6268382,0.6668794,0.6807052,0.6702742,0.64414316,0.6473798
4603,0.58205146,0.5928147,0.6746342,0.66572326,0.69688153,0.6235056,0.6248116,0.6701638,0.678664,0.6680228,0.6437224,0.6464328
4604,0.59971666,0.60858953,0.6811016,0.67347,0.7035153,0.6277023,0.6335925,0.67315334,0.6835937,0.6701449,0.6468119,0.6511997
4605,0.67673206,0.67967236,0.71023434,0.7090347,0.73583347,0.63666207,0.67774355,0.6821719,0.70550907,0.67828476,0.657661,0.6719257
4606,0.69515634,0.69617337,0.72251385,0.72808206,0.74050987,0.64946395,0.67932504,0.6894377,0.699254,0.6762197,0.65255857,0.6636945
4607,0.70753634,0.7041504,0.72982764,0.7365124,0.74355966,0.6569584,0.68193513,0.69166213,0.6967489,0.6795154,0.6487812,0.6567882
4608,0.7425517,0.7331573,0.74493843,0.7532616,0.75757754,0.6623158,0.7012391,0.69462186,0.70230144,0.68627405,0.6493577,0.6578053
4609,0.820893,0.8016911,0.77724296,0.7914569,0.78883284,0.67103964,0.74574214,0.70261955,0.71665865,0.6959096,0.65368193,0.6683506
4610,0.84941435,0.8253159,0.7944006,0.81640214,0.7977404,0.6825972,0.7531141,0.7078211,0.7090538,0.6965955,0.64447665,0.6543275
4611,0.8573949,0.8283866,0.8017227,0.8262991,0.79925954,0.6882367,0.75221753,0.70678174,0.70128006,0.6996054,0.6341806,0.6373571
4612,0.89139587,0.8548256,0.81720424,0.8430918,0.8130096,0.6900664,0.77220094,0.7062853,0.70414793,0.7072107,0.6306702,0.6324728
4613,0.8792287,0.8416287,0.8173255,0.8464801,0.80826294,0.69102556,0.76138884,0.7023961,0.69178516,0.7066238,0.61766064,0.61072737
4614,1.0679619,0.9994169,0.8858621,0.9145128,0.8814693,0.6944981,0.88311064,0.71876156,0.735596,0.7327981,0.64319086,0.6648101
4615,0.9928998,0.9381819,0.8706616,0.92173815,0.8482719,0.7125309,0.8091086,0.71746045,0.6853697,0.71045274,0.6037034,0.5966672
4616,0.94616467,0.89020956,0.85365325,0.89779407,0.82998073,0.7047285,0.783473,0.7009377,0.6755102,0.7148878,0.58801305,0.56893545
4617,0.88239616,0.82967156,0.83118623,0.8695534,0.8084288,0.6901695,0.7544094,0.685554,0.66204673,0.71595186,0.5747169,0.5428881
4618,0.84652144,0.79642177,0.8170535,0.84926593,0.79918224,0.6728147,0.74609596,0.6718632,0.66108394,0.71900445,0.57076037,0.53468126
4619,0.7781863,0.73505694,0.79170126,0.81955314,0.7746245,0.65632915,0.7137491,0.6589392,0.6478174,0.71377885,0.56091607,0.5174647
4620,0.7203696,0.68266565,0.7674262,0.78803456,0.754294,0.638215,0.6902863,0.6464085,0.64273643,0.7114213,0.557954,0.5119057
4621,0.67753434,0.6457163,0.7480088,0.76344854,0.7407817,0.62174743,0.6752804,0.6373337,0.6429485,0.7087065,0.5596642,0.5148029
4622,0.6279878,0.6028425,0.7260013,0.7368794,0.7227372,0.6078123,0.65279764,0.63056594,0.63904816,0.7025822,0.5605052,0.51637864
4623,0.58305013,0.5640473,0.70438755,0.7100211,0.70584756,0.59519506,0.63236606,0.6250514,0.63733214,0.69692487,0.56386596,0.52187914
4624,0.5502158,0.5373519,0.6866202,0.68828267,0.6940318,0.5845932,0.61841357,0.6214987,0.63938695,0.69170016,0.56992173,0.5321071
4625,0.529357,0.5226409,0.67343354,0.67321557,0.6868424,0.57711136,0.60990167,0.6201864,0.64385223,0.68625605,0.5772513,0.5450394
4626,0.52094823,0.51983047,0.6653581,0.66524464,0.6842415,0.5732527,0.60696983,0.6210482,0.6504121,0.6810867,0.5853695,0.559741
4627,0.5084899,0.5121167,0.65671176,0.6564518,0.6782973,0.57221144,0.5993437,0.6232485,0.65252393,0.674991,0.59156287,0.5702712
4628,0.4946185,0.5017854,0.64748156,0.64568436,0.67099357,0.5719806,0.5906534,0.62546515,0.65330327,0.6700057,0.5974938,0.5792675
4629,0.48800802,0.49798822,0.64097446,0.6376493,0.6670793,0.57235163,0.586702,0.62811404,0.65626425,0.666643,0.6045926,0.58987874
4630,0.48159373,0.49414828,0.63522893,0.63042134,0.662884,0.57365644,0.58225167,0.6312281,0.65773714,0.66309947,0.61082125,0.59884626
4631,0.49034965,0.50474834,0.63532376,0.63031715,0.66561884,0.5764647,0.5867975,0.6353027,0.66409224,0.6615191,0.6189348,0.6115334
4632,0.502255,0.5180886,0.63801366,0.63379574,0.669234,0.58162886,0.59173036,0.6406983,0.6690482,0.65961796,0.6258413,0.62232244
4633,0.49981105,0.5165843,0.6363136,0.6311641,0.66580355,0.58702695,0.5874123,0.6452944,0.66742945,0.6569176,0.6292461,0.62633526
4634,0.49348474,0.5104803,0.63259196,0.6246658,0.6610538,0.5904653,0.58228356,0.64825606,0.6655155,0.65571797,0.6324281,0.62942624
4635,0.48946986,0.50672746,0.6295254,0.61867416,0.6580091,0.59258854,0.57955974,0.65062976,0.66497463,0.65524304,0.63615304,0.63351256
4636,0.48813036,0.5059427,0.62766546,0.6144729,0.6564345,0.59447795,0.57851404,0.6529675,0.665234,0.6546843,0.63988435,0.6380846
4637,0.5005398,0.5187615,0.6306679,0.6167105,0.6604216,0.59716797,0.58489287,0.6556684,0.6694908,0.6546745,0.6448031,0.645733
4638,0.5751639,0.5905935,0.6577746,0.64960885,0.6925519,0.6070305,0.6268729,0.665486,0.6941201,0.6609863,0.65904343,0.6717171
4639,0.56647176,0.5832301,0.6592197,0.65381604,0.68406373,0.61879724,0.6123133,0.67123055,0.68020064,0.65438974,0.65217066,0.6599021
4640,0.77235097,0.7683115,0.73387957,0.73938763,0.76842844,0.63771504,0.7349795,0.6929079,0.74143106,0.680691,0.6822258,0.72144306
4641,0.74632984,0.74527556,0.73915863,0.7580366,0.7514166,0.6664306,0.6943657,0.70500576,0.70336086,0.6679585,0.6589752,0.678522
4642,0.7214303,0.71440023,0.732762,0.7446139,0.73863316,0.6724077,0.67545307,0.7007267,0.69127864,0.6744707,0.64805907,0.65702385
4643,0.6993463,0.68881124,0.7265455,0.73109084,0.73163044,0.6696329,0.6662043,0.6958688,0.6838356,0.6809628,0.64269626,0.6436987
4644,0.67948925,0.66828215,0.7208017,0.7199185,0.72673106,0.6638743,0.65981865,0.69068134,0.67898184,0.6846815,0.6388201,0.63492864
4645,0.6578823,0.6480036,0.71398133,0.7091066,0.72099525,0.6570181,0.65218395,0.68530226,0.6745389,0.6857165,0.63512164,0.62805223
4646,0.6355251,0.62790775,0.706098,0.6979636,0.71453136,0.6495985,0.6438396,0.6799213,0.6707961,0.68528193,0.63210475,0.6230734
4647,0.6064829,0.6018784,0.69504374,0.6835721,0.7046065,0.64158314,0.63112503,0.67433906,0.6654275,0.6831653,0.6288719,0.6178298
4648,0.5830594,0.5813727,0.6848575,0.67029065,0.69686466,0.6332943,0.6220553,0.6692089,0.66316307,0.68144566,0.6280179,0.61657894
4649,0.5651551,0.566594,0.67633593,0.65986747,0.6910851,0.6260183,0.6154743,0.66534865,0.6625187,0.6791986,0.6285183,0.61776245
4650,0.55624974,0.56059366,0.6709292,0.65398026,0.68860096,0.6205771,0.61310077,0.6630053,0.66432816,0.6769958,0.63046163,0.6216627
4651,0.5577853,0.5644688,0.6696715,0.65387976,0.6900842,0.61781377,0.61548704,0.6626719,0.66850406,0.6751662,0.6336602,0.6278725
4652,0.56698817,0.5752096,0.6718747,0.65846735,0.6941107,0.61789566,0.62077314,0.66411656,0.67347723,0.67364436,0.6371219,0.63460135
4653,0.60274744,0.61037683,0.6843192,0.67569107,0.7090084,0.6217479,0.6406548,0.66841793,0.6854803,0.67496836,0.6435504,0.64718837
4654,0.63721687,0.6433269,0.6986058,0.69598913,0.72204775,0.62977695,0.6566479,0.674819,0.69229996,0.6752657,0.6467365,0.6540606
4655,0.70747054,0.707356,0.7265025,0.73137784,0.74956435,0.6412707,0.69389856,0.6842612,0.7082234,0.68122965,0.6535415,0.66844094
4656,0.7517427,0.7461029,0.74779445,0.7604935,0.7644699,0.65564245,0.71107477,0.69323146,0.70901287,0.68322384,0.65153426,0.666232
4657,0.84279007,0.8240904,0.7850471,0.804551,0.79805565,0.66982794,0.7592354,0.70410085,0.72329706,0.69400734,0.65574825,0.6767667
4658,0.86678785,0.8420219,0.8011729,0.82863396,0.8036857,0.68497914,0.7606256,0.7102625,0.71119815,0.6947306,0.64432454,0.65711606
4659,0.87938446,0.84766775,0.81010693,0.83895636,0.80675673,0.6917154,0.76227885,0.70966077,0.704247,0.7000479,0.6346642,0.64006734
4660,0.89472324,0.8568063,0.8193595,0.84869325,0.8129777,0.69352883,0.7701029,0.7075887,0.7009271,0.70615745,0.6274922,0.6274793
4661,0.8825966,0.84289354,0.818815,0.8491021,0.8090323,0.692388,0.76185864,0.7023954,0.69101286,0.7077431,0.6159936,0.60773855
4662,0.84917957,0.81051975,0.80822927,0.83656555,0.7960081,0.6854715,0.74355674,0.69188434,0.6789691,0.707281,0.6029601,0.58595526
4663,0.84803694,0.8081692,0.80820906,0.83428246,0.7986526,0.67641735,0.7499967,0.68402976,0.6813384,0.7116815,0.59989,0.5816758
4664,0.81808746,0.7813755,0.79898643,0.8255323,0.7887166,0.6687003,0.7351309,0.67643654,0.67232496,0.7088423,0.590674,0.56706035
4665,0.8041839,0.7688025,0.7936509,0.8189848,0.7857347,0.6596861,0.7327542,0.66895103,0.67244583,0.70959395,0.5873327,0.5628321
4666,1.034148,0.9695239,0.87449974,0.90510225,0.8790583,0.6610496,0.88658667,0.68790674,0.7364858,0.73628616,0.6234492,0.6444346
4667,1.1551366,1.0748516,0.9290172,0.9799235,0.9173161,0.6931849,0.9286264,0.7186978,0.72640747,0.7293558,0.62375444,0.6515795
4668,1.0109425,0.9505357,0.8843441,0.9563243,0.8536268,0.7135447,0.8061921,0.7064177,0.6661438,0.7045355,0.57062465,0.55701596
4669,0.8938457,0.8345428,0.8390682,0.89399177,0.8075047,0.6952886,0.7474262,0.6804644,0.64620966,0.7106267,0.5492809,0.51357734
4670,0.80127305,0.7445962,0.8028098,0.8407182,0.77637166,0.6684013,0.7139388,0.66041803,0.63553,0.71714073,0.54316163,0.493632
4671,0.7275933,0.67718333,0.772831,0.7981045,0.7532003,0.6422463,0.68938214,0.6446681,0.6307643,0.71837866,0.542819,0.48769686
4672,0.67195326,0.630041,0.74862355,0.76569974,0.7364684,0.6200444,0.6711149,0.6329394,0.6309601,0.7155044,0.54571915,0.4913017
4673,0.625058,0.5923586,0.7270885,0.73904306,0.72158146,0.6025405,0.6533197,0.6248079,0.6319567,0.7094183,0.5495069,0.49849638
4674,0.5887667,0.56469214,0.70867175,0.71730584,0.7096908,0.5891896,0.63875884,0.6194847,0.63499033,0.7026585,0.55496466,0.50916135
4675,0.5626024,0.5462983,0.693742,0.7006529,0.701023,0.579735,0.62786466,0.6167968,0.6395558,0.6958978,0.5617378,0.5220527
4676,0.53264254,0.5231099,0.6776446,0.6824494,0.68907416,0.5732347,0.612246,0.61595225,0.6402992,0.6882272,0.5675686,0.53215337
4677,0.50967693,0.50576895,0.6635644,0.6658573,0.6796122,0.56831115,0.60060436,0.61593086,0.64299536,0.682225,0.57498676,0.5442263
4678,0.49334407,0.49454382,0.6522045,0.6525916,0.6726706,0.56523013,0.5922413,0.6171784,0.6464784,0.67676574,0.5830295,0.5570689
4679,0.48180443,0.48755118,0.6430769,0.64198506,0.6671532,0.5640365,0.58580744,0.61942244,0.649847,0.6715953,0.5909663,0.569595
4680,0.475343,0.48493245,0.6363173,0.6340717,0.6633311,0.56451684,0.5817116,0.62247336,0.6534242,0.6670688,0.5988539,0.5818784
4681,0.4806813,0.49327508,0.6345362,0.6323013,0.66463405,0.56704575,0.58417404,0.6267417,0.6598487,0.6640107,0.6077284,0.5960392
4682,0.48657537,0.5014549,0.6342435,0.6323105,0.6655167,0.5716894,0.58566225,0.63204545,0.6640082,0.6608571,0.6151732,0.60748297
4683,0.493741,0.5098731,0.63500524,0.63289595,0.66663647,0.5773186,0.5875714,0.63749427,0.6674537,0.6587743,0.62194127,0.61738837
4684,0.49906865,0.5157865,0.6356537,0.6327068,0.66687995,0.5831517,0.5883411,0.64272285,0.66931236,0.6573235,0.6276413,0.6250632
4685,0.54057205,0.5560849,0.6497566,0.64897186,0.68395096,0.59132683,0.61113036,0.6503076,0.6837552,0.66045636,0.6386211,0.6432536
4686,0.57570535,0.58995384,0.6645271,0.66734684,0.6966289,0.6034498,0.62648636,0.6596461,0.69016606,0.6608698,0.644501,0.6529996
4687,0.73552334,0.73596686,0.7250965,0.7392082,0.761613,0.6237018,0.71852076,0.6797043,0.7336238,0.6773156,0.6661553,0.69830215
4688,0.7606078,0.7580922,0.74521893,0.7706989,0.76431966,0.6517957,0.71219844,0.6944256,0.71454614,0.67184544,0.65449655,0.67709154
4689,0.6967083,0.6918774,0.726504,0.7465459,0.73285836,0.6616033,0.66424686,0.6909109,0.68465835,0.6701126,0.6352648,0.6398264
4690,0.68889284,0.6781515,0.722802,0.73235434,0.7315607,0.6576743,0.66595984,0.6858912,0.6858345,0.6812122,0.6360008,0.6359126
4691,0.84805197,0.8203508,0.7815883,0.7963002,0.79990816,0.6626904,0.76961374,0.69897574,0.7316524,0.7042023,0.65893567,0.68164223
4692,0.7651023,0.74708694,0.7634678,0.7882193,0.7627139,0.67642695,0.70083797,0.6994224,0.6836555,0.685342,0.62727845,0.62648916
4693,0.7467778,0.72458094,0.755689,0.7707718,0.7561694,0.6705148,0.69502914,0.6898692,0.68333966,0.69377816,0.6232239,0.6179008
4694,0.68835336,0.6687467,0.7357367,0.7439543,0.7348607,0.6611662,0.6654835,0.6813723,0.6670072,0.69219434,0.6136962,0.5985061
4695,0.67877036,0.6599674,0.73032,0.7328508,0.73555607,0.64986265,0.6695006,0.67418283,0.6725387,0.6967611,0.6163864,0.601914
4696,0.6462306,0.63204867,0.7187106,0.7189314,0.72498614,0.6412632,0.6547086,0.6690476,0.6658929,0.6928435,0.61286676,0.5959098
4697,0.61643416,0.60601175,0.70616025,0.7027517,0.7146975,0.6322877,0.6419583,0.6633477,0.6626936,0.69021475,0.6116953,0.59404457
4698,0.58789974,0.5813841,0.693421,0.68667835,0.70461684,0.62360674,0.6296413,0.6586008,0.6600797,0.68710124,0.6118635,0.5941166
4699,0.56651366,0.5637915,0.68270093,0.6734517,0.6972135,0.61594695,0.6210565,0.6550236,0.65994686,0.68412423,0.61384654,0.59739053
4700,0.5500377,0.55105317,0.6737384,0.66301596,0.69129825,0.609981,0.6142081,0.65281653,0.66059756,0.6807154,0.61652875,0.6019953
4701,0.54091305,0.5452266,0.6674501,0.65622056,0.68793046,0.60592365,0.6106558,0.65190434,0.6628496,0.67756337,0.62011755,0.60827017
4702,0.58255696,0.58780265,0.67991775,0.6734334,0.70694655,0.60692984,0.63682705,0.65554047,0.6814549,0.6794373,0.6309427,0.62898666
4703,0.68259126,0.68376344,0.71741,0.72335005,0.7483976,0.61837715,0.69354486,0.6678771,0.7101173,0.6843888,0.6444988,0.65905464
4704,0.74158406,0.7384166,0.74488336,0.76315933,0.7677455,0.63788784,0.71583146,0.6813877,0.71259975,0.68279266,0.6440191,0.661426
4705,0.7981341,0.7860823,0.76993066,0.79513377,0.7856647,0.65503883,0.7388172,0.6911351,0.7154904,0.6874825,0.64294046,0.6606689
4706,0.79504156,0.77846295,0.7737064,0.8019962,0.78040963,0.6670871,0.7265259,0.6940348,0.7012512,0.6879371,0.63222677,0.63959205
4707,0.9512827,0.91002417,0.83184475,0.86204976,0.8411697,0.6766264,0.82311994,0.70839053,0.73690027,0.7115836,0.6502842,0.676387
4708,0.9074064,0.8705574,0.8267958,0.87058085,0.81926095,0.6946331,0.77451,0.71085024,0.6979016,0.6991782,0.6218598,0.6250656
4709,0.87392205,0.83344513,0.8159931,0.8535172,0.8052479,0.6921626,0.7542173,0.7002772,0.68714076,0.70453465,0.6086827,0.60041416
4710,0.8444902,0.8030058,0.8066737,0.83867127,0.7967422,0.68338656,0.74327844,0.6908567,0.68037176,0.70917064,0.6010771,0.5843641
4711,0.819502,0.77924496,0.7985795,0.8268518,0.7905129,0.6729995,0.73583347,0.6819819,0.6763288,0.7113009,0.5955134,0.5738643
4712,0.83493847,0.7942505,0.8046907,0.8326591,0.80107945,0.6644771,0.7532068,0.6769849,0.68488747,0.71546537,0.59704053,0.5786262
4713,0.7896973,0.75453013,0.79059196,0.8201483,0.7838655,0.65872586,0.7260435,0.6706476,0.6698462,0.70835155,0.58532864,0.55956036
4714,0.7683967,0.73521817,0.780782,0.80671597,0.7762406,0.6488514,0.71893734,0.6617886,0.6693081,0.7085032,0.5826568,0.55593514
4715,0.72010106,0.6917237,0.7614893,0.7838031,0.7562301,0.6387646,0.6931057,0.6533207,0.6580165,0.70308644,0.5758502,0.5441375
4716,0.6668235,0.6422876,0.73902506,0.7547114,0.7354444,0.62659097,0.6673687,0.64509404,0.64998066,0.6997458,0.57305175,0.53789496
4717,0.6247281,0.6043421,0.7195692,0.72881234,0.72046757,0.6138171,0.64994234,0.638435,0.64779973,0.6974097,0.57508576,0.53983104
4718,0.5894863,0.57424206,0.7024478,0.70696646,0.7081509,0.6026647,0.6352752,0.6338125,0.6472377,0.6935524,0.5786429,0.5451582
4719,0.569136,0.55917925,0.6905125,0.6925398,0.7017808,0.59415495,0.6281462,0.63119894,0.6509968,0.6897249,0.5843725,0.55524117
4720,0.5595681,0.5546745,0.68305314,0.6848577,0.6991419,0.5891917,0.6252175,0.6309076,0.65617377,0.685396,0.5906052,0.5668273
4721,0.5400822,0.53968734,0.6726433,0.6735248,0.69052327,0.5866027,0.6139011,0.63161814,0.6553517,0.67945725,0.59433186,0.5731037
4722,0.5272618,0.53014755,0.6640025,0.663179,0.6846211,0.5845667,0.6071107,0.632445,0.6572813,0.67574877,0.599819,0.58170664
4723,0.5107717,0.5167564,0.65442574,0.6514316,0.6766928,0.58315325,0.5975609,0.6337195,0.6566134,0.6715476,0.6044067,0.58811414
4724,0.51084447,0.51925015,0.6507282,0.64673173,0.6764641,0.5828406,0.59837294,0.6358668,0.66197675,0.6696473,0.61173034,0.59960866
4725,0.51080865,0.5216106,0.6482879,0.6441838,0.67555887,0.58465564,0.5974895,0.6392854,0.66477513,0.6666515,0.61751145,0.6085346
4726,0.50353247,0.5161766,0.64358205,0.63817084,0.6707653,0.58691233,0.5917355,0.6422811,0.66401243,0.6634682,0.62141526,0.6137344
4727,0.5062787,0.5199256,0.64223593,0.6356119,0.6708243,0.58919764,0.5927517,0.645356,0.66725814,0.6624756,0.62717164,0.62204635
4728,0.50565577,0.5204129,0.6405439,0.632852,0.669186,0.59213257,0.5910691,0.64871037,0.6678276,0.660664,0.63134444,0.62761706
4729,0.5056317,0.52110136,0.63911706,0.6299879,0.66775763,0.59497327,0.5898909,0.65166366,0.6684859,0.6594768,0.6352264,0.632731
4730,0.5187193,0.5343041,0.6426666,0.63327706,0.6725037,0.59871835,0.5965787,0.6555041,0.6735756,0.659914,0.6409588,0.641386
4731,0.52302253,0.5390032,0.6442326,0.6345906,0.6728769,0.603382,0.596841,0.65939033,0.6736426,0.6587563,0.6436839,0.64493614
4732,0.51885,0.53489035,0.6424893,0.63104504,0.6694832,0.60675097,0.5927098,0.6617367,0.6711911,0.6578695,0.64484495,0.6455298
4733,0.56334,0.5771232,0.6577688,0.64816177,0.68859816,0.61229146,0.6184199,0.6673107,0.6867312,0.66298944,0.6546829,0.6621625
4734,0.60020065,0.6124678,0.6740012,0.66893584,0.7028021,0.6228438,0.6351487,0.67552376,0.6930918,0.6640256,0.6587037,0.6696167
4735,0.58628315,0.5982241,0.6718382,0.66649216,0.69330865,0.630383,0.62077737,0.6777584,0.68121713,0.6610267,0.65218556,0.6578977
4736,0.5854748,0.5949196,0.67149115,0.66270936,0.6918665,0.6324094,0.6199589,0.6775271,0.6798958,0.6642624,0.65179294,0.65568364
4737,0.6251287,0.63108253,0.68655837,0.6788208,0.70976573,0.63647497,0.64405346,0.6817566,0.692148,0.67085534,0.65853727,0.666769
4738,0.65477055,0.6586543,0.7008706,0.69698274,0.72178125,0.6442915,0.65792197,0.68738985,0.695594,0.6728252,0.65925926,0.66887915
4739,0.912587,0.8843403,0.79541695,0.80575925,0.8215382,0.6639025,0.81259674,0.71568877,0.75901604,0.7025303,0.6895254,0.7381717
4740,0.8251518,0.80853695,0.7815173,0.81205463,0.77866614,0.6949646,0.72465265,0.7207965,0.6956115,0.67893386,0.64623564,0.6607747
4741,0.82465166,0.7983427,0.7814541,0.8016148,0.7775943,0.69455177,0.72569436,0.7118995,0.6966544,0.6929275,0.6397737,0.64756405
4742,0.91612154,0.87546444,0.8180189,0.8382328,0.81724054,0.696427,0.78613293,0.71781844,0.716972,0.710554,0.6488822,0.6628634
4743,0.80917984,0.77832776,0.788096,0.8133366,0.77372754,0.69856966,0.71166337,0.70806515,0.6714064,0.6956836,0.6147447,0.6039663
4744,0.74203205,0.7109572,0.76186776,0.7732894,0.74978137,0.6817871,0.68302554,0.69020885,0.66150105,0.7007688,0.6046878,0.5845836
4745,0.68720293,0.659683,0.7404139,0.742146,0.73340154,0.6627464,0.6640433,0.6769409,0.654919,0.7021635,0.60084224,0.57517004
4746,0.648651,0.6265397,0.72419447,0.7200518,0.72314394,0.6456311,0.6526542,0.6665752,0.65371823,0.70088834,0.6004349,0.57404715
4747,0.63776004,0.6211708,0.71775925,0.71263355,0.7236159,0.63302416,0.65490115,0.6602501,0.6604391,0.69922334,0.6039638,0.58182836
4748,0.6666015,0.6536435,0.72673076,0.7269367,0.739483,0.62765527,0.67720455,0.65961343,0.6764302,0.6987967,0.61109877,0.5985243
4749,0.7078521,0.6961987,0.7427076,0.75210905,0.75754464,0.63023,0.70091707,0.6637643,0.6888473,0.69696325,0.6154945,0.6114152
4750,0.70817274,0.69772524,0.7448663,0.76053,0.7555324,0.6355273,0.6949561,0.6663256,0.68377924,0.69152564,0.61120635,0.60566837
4751,0.70439243,0.692796,0.7432626,0.7599551,0.75234556,0.63721603,0.6903962,0.6657467,0.68160933,0.6909633,0.60920495,0.60172015
4752,0.67276603,0.6615333,0.73128754,0.74572206,0.73810935,0.63545114,0.6706377,0.6629343,0.6717815,0.688563,0.6045217,0.5912215
4753,0.65344566,0.6422589,0.72202003,0.7323001,0.7306364,0.6301512,0.66246605,0.6590752,0.6702535,0.6893786,0.6049856,0.58984286
4754,0.64566994,0.63561004,0.71744066,0.7258036,0.72886616,0.62544996,0.6612798,0.6570129,0.67215747,0.6895051,0.6073896,0.5929735
4755,0.67005605,0.6604735,0.7246814,0.7350536,0.73985445,0.6236584,0.6780734,0.65722775,0.68258387,0.69070756,0.6126763,0.60412526
4756,0.6887733,0.6797213,0.73236173,0.74714404,0.7471733,0.6267337,0.68711036,0.6602164,0.6862151,0.6890149,0.61400783,0.6085143
4757,0.7016746,0.69185627,0.73797417,0.7558169,0.75119334,0.63088024,0.69171953,0.6626747,0.68726355,0.688234,0.61380947,0.6092774
4758,0.724486,0.71223813,0.747063,0.7675641,0.7596714,0.6350528,0.7032976,0.665384,0.6915164,0.69006056,0.615178,0.612485
4759,0.7319504,0.71805906,0.7513677,0.77408177,0.7614012,0.6393584,0.7043601,0.66736704,0.6892354,0.690013,0.6130214,0.60868675
4760,0.72587764,0.71076983,0.7499297,0.7723515,0.7574641,0.64116925,0.6984522,0.6667472,0.6843365,0.6899763,0.60945314,0.6017472
4761,0.72660714,0.709913,0.75043637,0.7717871,0.7578629,0.6408969,0.69945574,0.6658102,0.6841243,0.69203126,0.6087168,0.59969187
4762,0.7361189,0.71811,0.75445974,0.77615106,0.76230866,0.64079106,0.705927,0.6657323,0.68625474,0.6939854,0.60898167,0.60033
4763,0.73176616,0.7136659,0.75411016,0.77638996,0.7606633,0.6411285,0.7025977,0.6653612,0.68304455,0.6934917,0.60630333,0.5956968
4764,0.6891151,0.67264384,0.7390717,0.757983,0.7425756,0.6383034,0.6766669,0.66159344,0.6697219,0.69016457,0.59917265,0.5816425
4765,0.6479048,0.6326439,0.7219661,0.73365676,0.7264728,0.6302875,0.6567654,0.6557029,0.662633,0.6899209,0.5970869,0.57545084
4766,0.61233646,0.5996985,0.7062442,0.71140534,0.71370095,0.62072605,0.6416103,0.65057397,0.65877074,0.68893826,0.5978865,0.5746251
4767,0.57651556,0.5678093,0.69008857,0.6895819,0.7003878,0.6113672,0.6254843,0.64618564,0.65474397,0.685882,0.5990955,0.5753488
4768,0.5492287,0.54481715,0.67633426,0.6713067,0.6903813,0.60284114,0.6139557,0.64270824,0.6539096,0.6826363,0.6021959,0.57999873
4769,0.53615206,0.53608394,0.6677494,0.6606438,0.68628526,0.59665,0.6097685,0.6411869,0.6572072,0.6795474,0.6073142,0.58882844
4770,0.53007126,0.5340872,0.66238725,0.65507704,0.6842755,0.593553,0.60765177,0.6416111,0.6608059,0.67580235,0.61236936,0.59794325
4771,0.5154917,0.5230324,0.6544611,0.6462508,0.6772735,0.59212476,0.5988263,0.6425139,0.65959555,0.67100483,0.6152559,0.6026152
4772,0.50389975,0.513966,0.6470299,0.63706297,0.6713362,0.5907555,0.59222394,0.64320135,0.65971315,0.6677826,0.6190923,0.60827345
4773,0.4960087,0.5083026,0.6410951,0.629615,0.66703045,0.58992034,0.587763,0.6443896,0.66054624,0.6650359,0.62341475,0.6145288
4774,0.50849324,0.5222924,0.6429092,0.6320777,0.67203873,0.59129393,0.59508,0.6474273,0.668072,0.66433495,0.6307062,0.62644726
4775,0.5155748,0.53086126,0.64449096,0.63489777,0.67365474,0.5952428,0.5969801,0.65162265,0.67054844,0.661867,0.63503766,0.633334
4776,0.5099943,0.5261138,0.64162546,0.6311762,0.66912675,0.598774,0.59130955,0.6544929,0.6681173,0.65935713,0.63674635,0.63501316
4777,0.5127988,0.5288432,0.64113474,0.6293132,0.6690545,0.6012962,0.5921041,0.6569353,0.669886,0.6593645,0.64062285,0.6400792
4778,0.50722414,0.5237674,0.63826954,0.6247567,0.6652499,0.6033594,0.5877123,0.65890086,0.66770774,0.65796584,0.6422917,0.6414111
4779,0.5107951,0.5273752,0.63832617,0.623407,0.6659564,0.60513276,0.5894586,0.6608423,0.66964465,0.65820676,0.64580023,0.6461486
4780,0.58259,0.5960494,0.6637962,0.6541064,0.69737875,0.61297464,0.63098073,0.66943735,0.6943865,0.6652126,0.659978,0.67163897
4781,0.62408286,0.63595843,0.68364304,0.681102,0.7123771,0.6275721,0.64731205,0.6800846,0.6984786,0.6646416,0.6621253,0.6765993
4782,0.62074614,0.630734,0.6863002,0.68477905,0.7074464,0.6383307,0.6378325,0.6841721,0.68904686,0.663619,0.6563212,0.6658465
4783,0.59495276,0.60281086,0.67825884,0.6719549,0.6950096,0.6406874,0.62109447,0.68265206,0.67786187,0.6648242,0.65030557,0.65320706
4784,0.57879466,0.5850425,0.67188644,0.65993273,0.68895215,0.6378381,0.61454993,0.6797417,0.6739423,0.6680061,0.6489872,0.64858466
4785,0.5655625,0.5721426,0.6666136,0.6508189,0.6845992,0.6338664,0.60986805,0.6770451,0.6711328,0.6689936,0.6481806,0.64607996
4786,0.6146036,0.6192637,0.68362486,0.6702693,0.7076271,0.6345526,0.6415337,0.6799496,0.68963665,0.675309,0.65761024,0.6634777
4787,0.604116,0.6113411,0.6828662,0.67235845,0.7009588,0.6379856,0.6304438,0.6806729,0.6792797,0.66927046,0.6503979,0.6530323
4788,0.60974616,0.61568093,0.6851346,0.67405045,0.7029294,0.6391649,0.6333996,0.68028754,0.6808354,0.67124957,0.6500866,0.6529361
4789,0.6082128,0.6137731,0.68538404,0.6741545,0.70217943,0.639642,0.63208824,0.679969,0.67882425,0.67153394,0.64838076,0.64991534
4790,0.58920604,0.59535295,0.6785105,0.6653174,0.69314754,0.63743657,0.620767,0.67675644,0.6713653,0.6697304,0.6434848,0.64173
4791,0.5747847,0.5811702,0.6725046,0.65650403,0.68781024,0.6337386,0.6146076,0.67388165,0.6686563,0.6701107,0.6421835,0.6389065
4792,0.56852555,0.5756435,0.66934043,0.6518436,0.68641526,0.63020587,0.6134237,0.6720379,0.66904736,0.6704155,0.64281905,0.6396839
4793,0.5664525,0.5746653,0.6680119,0.6503378,0.686496,0.6279528,0.6136991,0.67124397,0.6701729,0.6699439,0.6437326,0.64145327
4794,0.5694287,0.57848966,0.6686868,0.65171456,0.68830544,0.6271041,0.61605614,0.67134994,0.67237496,0.6695071,0.64507306,0.64420015
4795,0.57751083,0.5869485,0.6714757,0.6559572,0.6918284,0.6276921,0.62054,0.67230713,0.6753562,0.66931576,0.64664555,0.64745533
4796,0.5823122,0.591945,0.6733859,0.6592596,0.6932363,0.6289902,0.62217176,0.6731712,0.6760144,0.66855025,0.6467583,0.6481737
4797,0.5761376,0.5860043,0.6711501,0.6570233,0.68950504,0.62935203,0.6173521,0.67267084,0.6728184,0.667123,0.6448205,0.6450166
4798,0.57010484,0.5798685,0.6683599,0.6532131,0.6864412,0.62843543,0.613961,0.671589,0.67108804,0.6668762,0.6440238,0.6433538
4799,0.5659107,0.57580787,0.6661561,0.6501382,0.68455505,0.6270953,0.6121108,0.67064667,0.6703467,0.6667024,0.64394444,0.6429208
4800,0.5639029,0.5741087,0.6649361,0.64846987,0.6838744,0.6261306,0.61152357,0.6702646,0.6704802,0.66652066,0.6444244,0.64354986
4801,0.5751162,0.5851594,0.668606,0.65305793,0.6889855,0.6265148,0.6184464,0.6712206,0.6749371,0.66747075,0.6469811,0.648131
4802,0.5818092,0.59196895,0.6715833,0.6575584,0.6914925,0.6283443,0.62118447,0.6726928,0.6760026,0.6669766,0.6474465,0.6493351
4803,0.59982914,0.6089615,0.67841995,0.66636896,0.69856167,0.6310008,0.63054967,0.6745916,0.6806947,0.66825557,0.6493546,0.6532929
4804,0.6323091,0.6393043,0.6914089,0.683112,0.71153355,0.6360894,0.6474746,0.6784581,0.68826663,0.6707185,0.6522476,0.6594469
4805,0.6410371,0.64679694,0.69711506,0.69172007,0.7134953,0.64178216,0.6483146,0.68101317,0.6854104,0.67017686,0.6491429,0.6547795
4806,0.6822679,0.6834847,0.7133818,0.71101487,0.72979164,0.6472218,0.6708904,0.6844551,0.694936,0.6756764,0.65201896,0.66103506
4807,0.6873631,0.6868932,0.7187818,0.71955204,0.7302373,0.65316534,0.6689493,0.68640107,0.68879706,0.6752064,0.6461988,0.6515653
4808,0.6870311,0.68403816,0.7204358,0.72095084,0.72926664,0.6551612,0.66708183,0.6851775,0.6850009,0.67733485,0.6414845,0.6435618
4809,0.67333907,0.6692135,0.71671367,0.7156193,0.7235273,0.65380377,0.65910524,0.68194526,0.6784527,0.67818856,0.63576025,0.63346213
4810,0.6608777,0.65623,0.7123102,0.7088979,0.71892524,0.64975923,0.65386325,0.67753756,0.67461497,0.6792949,0.63178086,0.62670696
4811,0.66218364,0.65727633,0.71267384,0.70857143,0.7207067,0.6458559,0.6573862,0.6744427,0.6760135,0.6809351,0.63078034,0.62576824
4812,0.7157105,0.7076626,0.7329546,0.73356503,0.74485976,0.6470866,0.6915701,0.67746687,0.6928173,0.68703514,0.6372727,0.6400666
4813,0.669448,0.6647894,0.72043097,0.72347397,0.7242457,0.64933056,0.6580276,0.6759087,0.67072654,0.6783303,0.62306285,0.61619115
4814,0.63289225,0.627731,0.70558065,0.70227385,0.7094818,0.64255875,0.63999015,0.6688843,0.6633815,0.6793078,0.6183361,0.6068812
4815,0.5962385,0.5924949,0.6903307,0.6811456,0.69628537,0.6330033,0.6241338,0.6626887,0.6570497,0.6788667,0.6162056,0.6013666
4816,0.56854814,0.56740737,0.6776306,0.6639505,0.68704104,0.62324756,0.61371464,0.6573576,0.6547345,0.6776293,0.61660194,0.6011574
4817,0.54653645,0.54888594,0.66685814,0.65044135,0.67958236,0.61480933,0.605303,0.6533156,0.6537164,0.674897,0.61779517,0.60318303
4818,0.5423056,0.5478918,0.6623888,0.6457306,0.67934203,0.6090627,0.6061371,0.65141,0.65827686,0.6728919,0.621728,0.61059666
4819,0.5361052,0.5448794,0.6582854,0.64250845,0.67711884,0.6063289,0.6033451,0.6513047,0.6596912,0.66926247,0.6241061,0.6153372
4820,0.5229779,0.53419805,0.6516098,0.635486,0.67098063,0.6043376,0.5957422,0.65105367,0.65804726,0.6655578,0.6252263,0.6172173
4821,0.51147866,0.5244345,0.64499295,0.6276772,0.6655335,0.6021109,0.58967227,0.6506596,0.65738297,0.663067,0.62728596,0.62005025
4822,0.50322115,0.51780367,0.63944423,0.62107867,0.66135335,0.6000655,0.58546335,0.65048087,0.657442,0.6607878,0.6298163,0.6236266
4823,0.49737793,0.51352423,0.6350149,0.6159028,0.65808517,0.5987443,0.58231264,0.65079445,0.65778744,0.6585227,0.63247323,0.62748265
4824,0.49746558,0.51486623,0.6330629,0.61378074,0.65747136,0.5986107,0.58232045,0.65198946,0.6598388,0.656912,0.635962,0.63278764
4825,0.5064831,0.52469593,0.63487965,0.61648285,0.6606436,0.6002684,0.5868429,0.6544094,0.66411924,0.656025,0.6403444,0.6398261
4826,0.5101678,0.5290368,0.6357373,0.6180504,0.6610263,0.6031845,0.5872321,0.6571849,0.66500974,0.6544364,0.64276505,0.643395
4827,0.50327426,0.5225048,0.63267756,0.6139945,0.6564899,0.6050316,0.5817657,0.658521,0.66207945,0.6526781,0.64307547,0.64301187
4828,0.4995291,0.5188152,0.62966657,0.6093272,0.6531652,0.60496366,0.5791239,0.658327,0.66078335,0.65175533,0.6439194,0.64371395
4829,0.49664527,0.5163136,0.6271828,0.6055339,0.6504846,0.6046653,0.57710487,0.6581918,0.6596093,0.6505561,0.6447311,0.64455116
4830,0.54291916,0.56107515,0.6429084,0.62451136,0.6706281,0.6091978,0.60363346,0.6631815,0.67640597,0.65485936,0.6545884,0.6617001
4831,0.5431742,0.5621514,0.6460583,0.63018435,0.6689093,0.6165298,0.5987393,0.66786146,0.6710342,0.651491,0.65231234,0.6578359
4832,0.5414886,0.5590922,0.64606446,0.6288343,0.66682357,0.62010753,0.59596044,0.6691019,0.6688714,0.65241045,0.6515257,0.6557269
4833,0.53512645,0.55178976,0.64403963,0.6246875,0.66367334,0.621163,0.5921029,0.66928124,0.6658717,0.65328956,0.650717,0.6531046
4834,0.56335235,0.57815796,0.6537392,0.6351495,0.67593044,0.62324345,0.6089317,0.6713308,0.67547494,0.657313,0.6559318,0.6618803
4835,0.5736136,0.58818346,0.65974015,0.64318746,0.67978126,0.62807345,0.6122504,0.67452544,0.6752204,0.65703356,0.6554587,0.6613814
4836,0.62755054,0.63814664,0.6807937,0.668283,0.7025377,0.63558364,0.6420669,0.68063694,0.6906349,0.6634305,0.66242784,0.67460936
4837,0.6290354,0.6389092,0.68604857,0.6768261,0.70156527,0.644029,0.6368684,0.6845305,0.6829559,0.6618219,0.65661514,0.6649861
4838,0.68397737,0.6873779,0.70798856,0.7014629,0.72463846,0.6515494,0.6680191,0.689994,0.69759166,0.6710629,0.66229016,0.6755873
4839,0.66864985,0.671462,0.7078432,0.70360506,0.71731,0.6583608,0.65322304,0.69166857,0.68378717,0.6690383,0.65235585,0.6582123
4840,0.72290415,0.7183319,0.7289324,0.7258601,0.7408769,0.662438,0.68669873,0.69480103,0.699429,0.68012166,0.6578735,0.66859806
4841,0.7662119,0.7567169,0.7501241,0.7534166,0.75872344,0.67100406,0.70828915,0.70093465,0.70300937,0.6845067,0.6562606,0.6675689
4842,0.9375296,0.904539,0.8166785,0.8297761,0.8245036,0.68625337,0.8085574,0.72036827,0.73810583,0.7050459,0.6718255,0.70340115
4843,0.8556517,0.8308729,0.79974604,0.82749945,0.7873244,0.7043247,0.7349402,0.7185671,0.6873599,0.6880773,0.6335835,0.63717383
4844,0.8250512,0.79472226,0.7886674,0.8068319,0.7761399,0.6973905,0.72129804,0.705452,0.6817909,0.6974525,0.6229174,0.61743915
4845,0.80041736,0.7690706,0.78138477,0.7947967,0.77103263,0.68720114,0.71496934,0.6963044,0.6766711,0.70243186,0.616344,0.6038171
4846,0.80884904,0.7764869,0.78577006,0.7983962,0.7794758,0.6783055,0.7282937,0.69038343,0.6821836,0.70748526,0.6154656,0.6032192
4847,0.8547462,0.8194106,0.80499184,0.8226766,0.8015893,0.675176,0.7603963,0.6904039,0.6943158,0.7121807,0.61765915,0.6114098
4848,0.86934656,0.8337488,0.81479585,0.84028333,0.80823636,0.67698324,0.76581615,0.69051737,0.6908083,0.7097922,0.6103458,0.60263014
4849,0.8223565,0.78964585,0.8004484,0.82826006,0.78893614,0.67458016,0.73427993,0.68307495,0.6728981,0.7041859,0.5945606,0.5762353
4850,0.7495279,0.71912056,0.7730707,0.79424757,0.76031196,0.66274935,0.69570684,0.6703611,0.65614396,0.7019107,0.5822717,0.55326563
4851,0.69950265,0.67118824,0.75149924,0.7639603,0.7434582,0.64610356,0.67711306,0.65855634,0.65210575,0.70335776,0.58040094,0.5474519
4852,0.6592052,0.63547295,0.73355323,0.74053377,0.73065895,0.6307334,0.66271836,0.64971197,0.6501662,0.7014169,0.58074087,0.5471318
4853,0.626705,0.60842574,0.7182167,0.7217995,0.72017807,0.6180337,0.6505863,0.6431842,0.6500362,0.697589,0.5823836,0.5504421
4854,0.60091335,0.58814096,0.7049042,0.70640963,0.7111994,0.6079334,0.6402285,0.63841397,0.6508995,0.6927687,0.58487344,0.55580807
4855,0.5795814,0.5718456,0.69318837,0.69339037,0.70326287,0.6004065,0.63085586,0.6355014,0.6521137,0.68772787,0.58811915,0.56223893
4856,0.5548715,0.551663,0.6802215,0.6786099,0.6928459,0.5945266,0.61808467,0.6335984,0.6509715,0.682159,0.590932,0.567129
4857,0.531569,0.5322403,0.6673723,0.6632183,0.6826846,0.58934635,0.6060926,0.63223326,0.6502495,0.6773818,0.59467536,0.5728801
4858,0.5422175,0.5459586,0.6667623,0.663489,0.68813646,0.58688176,0.6147907,0.6332705,0.661387,0.6761798,0.603803,0.5890691
4859,0.5870785,0.59258235,0.68107116,0.6843007,0.7075496,0.5911806,0.6408941,0.6392584,0.67924947,0.6759563,0.61465394,0.6107837
4860,0.63631606,0.641475,0.69979423,0.7113153,0.725569,0.6021127,0.6643588,0.6482044,0.6906982,0.674461,0.6210798,0.6252041
4861,0.610945,0.6164219,0.6928651,0.70556,0.71006685,0.6121758,0.64000547,0.6529791,0.6747826,0.6678943,0.61489177,0.6119666
4862,0.57916343,0.5827655,0.6795612,0.6853273,0.69434917,0.6128189,0.62057304,0.6519049,0.6657543,0.66835266,0.61350983,0.60513806
4863,0.5556946,0.5589033,0.6685205,0.6673909,0.6847956,0.6091523,0.6100236,0.65033674,0.6622269,0.6696973,0.6159214,0.60503864
4864,0.5384281,0.54308826,0.65994126,0.65390486,0.678458,0.605026,0.60313773,0.6492719,0.6608938,0.66933346,0.6190795,0.6078902
4865,0.5235153,0.5305698,0.6523911,0.6428302,0.6727533,0.601553,0.59670025,0.64865595,0.6598675,0.667495,0.62193257,0.61142147
4866,0.5241612,0.5334325,0.6503486,0.6393946,0.6736319,0.5997367,0.5987916,0.6492812,0.6639945,0.66648704,0.6269133,0.6195196
4867,0.52313155,0.53468114,0.6487132,0.6374898,0.67290664,0.60010636,0.5979663,0.6510712,0.6653632,0.6640311,0.630199,0.6249488
4868,0.5194814,0.5326246,0.64620453,0.6342091,0.67053944,0.6011398,0.5951376,0.6527962,0.6653652,0.66190183,0.6327245,0.6287123
4869,0.5089804,0.52339774,0.6411027,0.6272408,0.66499084,0.6015392,0.58849865,0.65380263,0.66286916,0.65973985,0.6341269,0.630013
4870,0.5028528,0.5181725,0.63709,0.6211717,0.6617101,0.60126424,0.5852581,0.6545425,0.6626378,0.6587379,0.63676363,0.6332642
4871,0.50003976,0.5163897,0.63451767,0.6172068,0.6599857,0.60134697,0.5837922,0.65570986,0.66318154,0.6576659,0.6396839,0.6371936
4872,0.5123796,0.52927345,0.63770425,0.620724,0.66504323,0.60319537,0.5907394,0.65835583,0.6686939,0.6579026,0.64479524,0.6453496
4873,0.5278967,0.54512453,0.64330465,0.62790173,0.670911,0.6075025,0.59790355,0.66238225,0.67318416,0.6575887,0.6488767,0.65211546
4874,0.52763003,0.5450996,0.6438586,0.62859243,0.6692144,0.6118254,0.5950811,0.6652795,0.6709803,0.6560815,0.64916325,0.65200806
4875,0.5304845,0.54724514,0.6447425,0.6284819,0.6695088,0.614739,0.59564126,0.66725445,0.6713786,0.6567856,0.6508322,0.6537934
4876,0.53184944,0.54816175,0.6453226,0.628096,0.66953474,0.6170529,0.59566706,0.66901106,0.6711281,0.6572625,0.65210134,0.65488714
4877,0.59169954,0.60457927,0.6670511,0.65370166,0.6958465,0.62372184,0.6302776,0.67598754,0.69122726,0.6642207,0.6632807,0.674538
4878,0.7742835,0.77090275,0.73713607,0.7390346,0.76950973,0.6450589,0.73409057,0.699362,0.7382612,0.68153816,0.6856077,0.7227423
4879,0.7212891,0.7224983,0.7313685,0.7445442,0.7408349,0.6699494,0.67828983,0.7063256,0.6949493,0.6668218,0.6576633,0.6730495
4880,0.91033345,0.88155425,0.79977816,0.81354076,0.8143957,0.6832306,0.7937777,0.72278225,0.7444352,0.69958955,0.6814057,0.7198723
4881,0.8001753,0.78155744,0.77399814,0.79932463,0.766218,0.7012356,0.7046934,0.7203249,0.6845584,0.68107074,0.6400884,0.64560276
4882,0.72872216,0.7066028,0.7469541,0.75610465,0.7383676,0.6894775,0.6698674,0.70268506,0.6700847,0.6887094,0.62598735,0.6188004
4883,0.6740565,0.65292996,0.72619456,0.7230772,0.7218504,0.6720915,0.65096855,0.68939525,0.66135484,0.69319355,0.62081295,0.6056105
4884,0.6325075,0.6156645,0.709663,0.6987536,0.7103343,0.6551308,0.6380874,0.67824125,0.6569882,0.6932391,0.6183127,0.6000722
4885,0.60761607,0.5961695,0.6987607,0.6841771,0.70483184,0.641211,0.6323836,0.67011666,0.6577212,0.691337,0.6185505,0.6012487
4886,0.58459,0.57890904,0.6885275,0.6725906,0.69811654,0.6304649,0.62435436,0.6640575,0.6570739,0.6868554,0.61813605,0.60224396
4887,0.55843896,0.5578124,0.67671764,0.6593927,0.68872255,0.6216385,0.61275876,0.6591745,0.65479916,0.68179846,0.6176631,0.60259485
4888,0.5405013,0.5439418,0.66688997,0.6484517,0.6820618,0.61394674,0.6055241,0.65520406,0.65529525,0.677875,0.6192448,0.60599744
4889,0.5490805,0.55549794,0.66668135,0.650187,0.6867515,0.60971814,0.6129809,0.6543147,0.6639851,0.67615914,0.62501943,0.61698437
4890,0.547106,0.5567091,0.6639623,0.65001017,0.6842388,0.60835844,0.61038595,0.65412676,0.6643137,0.67084163,0.6259702,0.6200263
4891,0.5479846,0.558971,0.66253626,0.6499799,0.6835175,0.60878515,0.6098727,0.65517825,0.6664257,0.6683563,0.6285652,0.6245268
4892,0.5475515,0.5593391,0.660914,0.6490949,0.6821521,0.6096659,0.60850376,0.6564583,0.6673323,0.6663996,0.63081586,0.62777483
4893,0.5435328,0.5558645,0.65809053,0.6460838,0.67916167,0.61033344,0.60516626,0.65735435,0.666716,0.664637,0.6323498,0.6294707
4894,0.5717763,0.58321583,0.66673094,0.65688396,0.69069386,0.6127905,0.6214814,0.6602829,0.6773603,0.66669,0.6390778,0.64108807
4895,0.608289,0.6185779,0.68060964,0.6757056,0.7042825,0.61943895,0.63941044,0.6656307,0.6857757,0.6671822,0.6434598,0.6499711
4896,0.63319993,0.6416607,0.6915621,0.69081074,0.71172464,0.6279511,0.6484115,0.6705456,0.687492,0.66693085,0.64356476,0.65109366
4897,0.7134337,0.714307,0.7228846,0.72850865,0.7434602,0.6396402,0.6924827,0.68010616,0.706905,0.6756052,0.6521366,0.66846806
4898,0.72231865,0.7205732,0.7325232,0.7440249,0.7441525,0.6534299,0.68741596,0.68683565,0.6960908,0.6740128,0.6443035,0.6543716
4899,0.73314464,0.7260393,0.7393352,0.7504395,0.7473239,0.65989274,0.69040984,0.68814254,0.6937382,0.6791941,0.64040697,0.64658475
4900,0.7356816,0.724875,0.7431534,0.75354683,0.7487174,0.662673,0.6909345,0.68799245,0.68991435,0.6833013,0.6360787,0.6377801
4901,0.73380554,0.72055376,0.74488175,0.7542335,0.74906623,0.66271824,0.69047743,0.68628156,0.6865689,0.6866056,0.63175744,0.62971246
4902,0.7753678,0.75712997,0.7619377,0.7730609,0.7680881,0.6634973,0.71791273,0.6877308,0.69741637,0.69416565,0.63466644,0.63634235
4903,0.7474653,0.73079705,0.75625783,0.7698461,0.7566794,0.66507953,0.6973413,0.6857075,0.681758,0.6899071,0.6225973,0.6160563
4904,0.72915465,0.7114238,0.7500782,0.7604093,0.7505836,0.6603964,0.6894875,0.6800074,0.6778428,0.6923301,0.6176751,0.60737133
4905,0.72828627,0.709923,0.75014967,0.7593678,0.7530823,0.65512025,0.6937106,0.6764505,0.6799822,0.6953113,0.6170343,0.6063531
4906,0.7760814,0.7545828,0.768421,0.7817305,0.7752399,0.65391415,0.7261731,0.6778584,0.69485265,0.70095295,0.62218124,0.6187464
4907,0.7360324,0.71833736,0.75748944,0.77444005,0.75744677,0.6549307,0.6964669,0.67528725,0.67534155,0.6924641,0.6084163,0.5960606
4908,0.68322295,0.6666454,0.7367963,0.7474152,0.7350225,0.64709055,0.6674059,0.66628855,0.6623491,0.6905192,0.5999039,0.5803765
4909,0.64244735,0.62743556,0.71912974,0.7224904,0.7204701,0.63541174,0.6505712,0.65840507,0.6574163,0.690906,0.5985895,0.57578224
4910,0.59794825,0.58659905,0.7001075,0.6972344,0.7044061,0.6234616,0.6309299,0.6518075,0.65123236,0.68816966,0.5977638,0.572742
4911,0.56945807,0.56226325,0.6858581,0.67840064,0.69514006,0.6124083,0.62071335,0.6465685,0.6515673,0.6858918,0.60069466,0.577164
4912,0.55519074,0.55263877,0.67705816,0.66812986,0.6914127,0.60443914,0.61693156,0.64391416,0.65522546,0.6827385,0.6052272,0.5853985
4913,0.5415719,0.5435028,0.6691235,0.6599472,0.6865408,0.5995942,0.61091834,0.6430308,0.6567857,0.6781283,0.60869765,0.59200543
4914,0.52301234,0.5286728,0.65927255,0.6489455,0.6782873,0.595998,0.6007987,0.6424085,0.6555347,0.6732487,0.6111522,0.59615594
4915,0.5092772,0.51784235,0.6507034,0.6388281,0.67197347,0.59287935,0.5937949,0.6421186,0.6560642,0.6697557,0.6149416,0.60198426
4916,0.4981881,0.50942576,0.643337,0.6301726,0.6666191,0.59067863,0.58796,0.6425573,0.6566735,0.666396,0.6189769,0.60799253
4917,0.49439308,0.5078902,0.63887465,0.6250887,0.6643786,0.5898012,0.5860635,0.6439064,0.6592299,0.66380113,0.62393415,0.6156201
4918,0.5026697,0.5178631,0.6394337,0.62647825,0.6673199,0.5911713,0.5904802,0.6468179,0.6648565,0.6621836,0.63013417,0.6256772
4919,0.50555825,0.5221691,0.63921773,0.6269944,0.667087,0.59431005,0.59023386,0.6503179,0.6663605,0.6596013,0.63398826,0.6315353
4920,0.49948633,0.51692605,0.635735,0.62247896,0.6624825,0.5968321,0.5848628,0.65261865,0.66436446,0.65720105,0.63595235,0.63362265
4921,0.49426484,0.5120855,0.63209033,0.6168856,0.6586773,0.5980776,0.58113676,0.6540699,0.6633981,0.6560355,0.63846624,0.6363452
4922,0.49117905,0.50949967,0.62937856,0.6124114,0.6562541,0.59898883,0.5790642,0.65554035,0.6632317,0.65513,0.64129823,0.63971084
4923,0.49809742,0.5167776,0.6305322,0.61295414,0.6585167,0.6007687,0.58271253,0.65783614,0.6664496,0.65504134,0.64553565,0.6459109
4924,0.5559316,0.5727062,0.65103084,0.6380507,0.6835744,0.6081398,0.61522573,0.6654945,0.68639505,0.6598413,0.6574954,0.66705155
4925,0.55218685,0.56993973,0.653253,0.6428659,0.678735,0.6175631,0.6060158,0.6708529,0.6774399,0.6550045,0.6535222,0.6601368
4926,0.5419166,0.5582828,0.64913386,0.63573474,0.67085916,0.62017876,0.59739053,0.66992545,0.67099047,0.6546154,0.65018046,0.65380204
4927,0.5645095,0.5783478,0.65684575,0.64261764,0.68061554,0.6229647,0.6110384,0.67232513,0.6786214,0.65933585,0.6553018,0.66119105
4928,0.5409471,0.5558938,0.64909625,0.6328983,0.66741246,0.6232846,0.5945083,0.67020357,0.6655376,0.65481,0.6479178,0.6488835
4929,0.58669007,0.5983105,0.6646809,0.6493268,0.68814313,0.6261086,0.62297374,0.67348164,0.68297476,0.6625054,0.6573367,0.66491216
4930,0.587552,0.599758,0.6686967,0.6557807,0.6880182,0.6321687,0.6195923,0.67739445,0.67773604,0.66036975,0.65436614,0.6598869
4931,0.5861453,0.597054,0.6695168,0.6555304,0.6870249,0.6349248,0.617591,0.6779567,0.67568856,0.6618385,0.65263325,0.6566449
4932,0.56750554,0.578137,0.66366386,0.64693177,0.679175,0.63430244,0.6069945,0.67635876,0.66860366,0.6617525,0.64875966,0.6491708
4933,0.55155015,0.56210804,0.6573327,0.63705355,0.67316896,0.63077736,0.6001051,0.67344797,0.66486436,0.66253716,0.6469899,0.6453596
4934,0.549392,0.56033725,0.6556906,0.63374794,0.6736742,0.6275122,0.60153407,0.67181927,0.6664664,0.66369385,0.6482379,0.64713967
4935,0.5490241,0.561025,0.65543705,0.6334859,0.67452615,0.6259556,0.6025114,0.6714668,0.667503,0.66333276,0.6489857,0.6487033
4936,0.5508861,0.56367505,0.65608066,0.6346318,0.67584,0.6255384,0.60397726,0.6716512,0.6688783,0.662942,0.6497576,0.65046805
4937,0.55096245,0.5643418,0.65610826,0.6351289,0.675875,0.625536,0.60384625,0.67179495,0.66903514,0.66225606,0.6498289,0.65095
4938,0.5428139,0.55679387,0.65307987,0.6316206,0.6721459,0.62494826,0.5989649,0.6711996,0.6663663,0.66105956,0.6485652,0.6488153
4939,0.53726727,0.55152047,0.65035313,0.62794214,0.6698217,0.6235332,0.59646004,0.67027515,0.6655587,0.66082186,0.64853394,0.6485119
4940,0.55539423,0.5691594,0.6562067,0.6351158,0.67827886,0.62408733,0.60774416,0.6717591,0.67302775,0.6628317,0.65286386,0.65593415
4941,0.5999877,0.61200017,0.6734301,0.65748,0.6976106,0.6299067,0.63224506,0.6776092,0.68646026,0.6661191,0.6596,0.66867375
4942,0.6498477,0.65872866,0.6948538,0.6859255,0.71731627,0.6405144,0.6564146,0.68575835,0.6964058,0.6688734,0.66330993,0.6769963
4943,0.67640465,0.6819153,0.70884,0.7051145,0.7260204,0.65151167,0.6650811,0.69166726,0.6959936,0.6702794,0.66066647,0.67339236
4944,0.7248906,0.7235272,0.72982556,0.7301984,0.7446263,0.6612335,0.68951213,0.6975698,0.7038506,0.6773063,0.6619436,0.6765527
4945,0.7277252,0.72336185,0.7356194,0.7391579,0.7437249,0.6688001,0.6848187,0.699067,0.69448066,0.6778971,0.6530149,0.6613855
4946,0.8551334,0.8338955,0.7841045,0.7929267,0.79469144,0.67786914,0.7617682,0.7099422,0.7254616,0.6966399,0.66583145,0.6884631
4947,0.94017893,0.9070642,0.8245978,0.8467024,0.8242415,0.6972835,0.79878545,0.7245701,0.7244,0.70111364,0.66075236,0.68357944
4948,0.86768717,0.83824164,0.8066071,0.8353947,0.7916586,0.7073853,0.73907197,0.71722406,0.6858876,0.69220436,0.6282667,0.6279245
4949,0.8436978,0.80909866,0.7980935,0.81818026,0.7842519,0.69861263,0.731428,0.7046067,0.6821305,0.70169073,0.6193423,0.6108679
4950,0.8168037,0.7823996,0.7899107,0.80630153,0.7774053,0.6876828,0.72296953,0.6942783,0.6753264,0.7046528,0.6108465,0.5953077
4951,0.8082208,0.774454,0.7878577,0.80276316,0.77829564,0.6772781,0.7257091,0.68601817,0.67587817,0.7073232,0.60669553,0.58941185
4952,0.7951954,0.7637695,0.784566,0.8004658,0.7763456,0.66884786,0.7229313,0.6791478,0.6735534,0.70639366,0.6010666,0.58203363
4953,0.76687074,0.73864394,0.7748274,0.7907985,0.76686066,0.66028535,0.70969296,0.6713179,0.6671728,0.7034146,0.59373415,0.57135373
4954,0.73236114,0.7073615,0.7609778,0.77482396,0.7539411,0.6498999,0.6936359,0.6622512,0.66090626,0.7004749,0.5876662,0.56218296
4955,0.73767596,0.7138636,0.7609868,0.77492064,0.759384,0.6411348,0.7039423,0.6571639,0.6695667,0.70240766,0.5906727,0.56926334
4956,0.7153992,0.6951322,0.75310963,0.7690217,0.7517515,0.6360124,0.69208425,0.6540988,0.6646123,0.6976295,0.5869757,0.5640995
4957,0.6668791,0.6497049,0.73392415,0.746604,0.7319008,0.6286366,0.665188,0.64841956,0.6540169,0.6926904,0.5817756,0.5544049
4958,0.6151421,0.6006411,0.71149796,0.7171483,0.7114852,0.6176733,0.6399959,0.64179367,0.6463812,0.6898492,0.5805924,0.55004984
4959,0.57791454,0.5669762,0.69323677,0.6926377,0.6981719,0.60594624,0.6249221,0.6363153,0.6452287,0.6877548,0.58399504,0.5539376
4960,0.55755335,0.5513033,0.6812229,0.67764556,0.69198805,0.59665596,0.61844313,0.6331906,0.64873004,0.68471897,0.5896102,0.5631931
4961,0.5444502,0.54312336,0.672597,0.668342,0.6878031,0.5909436,0.61360353,0.6323465,0.65230304,0.68024075,0.59495515,0.57288885
4962,0.5252609,0.52827495,0.6622011,0.6568339,0.6795609,0.58743733,0.6031554,0.63245326,0.6518207,0.6747244,0.59862745,0.57907903
4963,0.51903456,0.52525604,0.6560509,0.6499397,0.6769222,0.58523875,0.60069567,0.6333445,0.65602285,0.6716289,0.6047987,0.5892624
4964,0.51736635,0.5264262,0.6524483,0.64657724,0.6758248,0.5852377,0.5996937,0.6357295,0.65977705,0.66839385,0.61072755,0.5988869
4965,0.5143314,0.5255942,0.648912,0.6429456,0.6734088,0.58665097,0.5969207,0.6385542,0.66154265,0.6651809,0.6155804,0.60630405
4966,0.5011792,0.51420647,0.64181656,0.63400733,0.6659362,0.58768314,0.5879833,0.64053416,0.658944,0.66162586,0.6183957,0.6094863
4967,0.49375772,0.5079984,0.6362703,0.6260744,0.6615002,0.5878781,0.5836661,0.64206386,0.6592765,0.6598897,0.6227444,0.6150761
4968,0.49006483,0.5056734,0.63256025,0.62065303,0.658981,0.58850896,0.5814661,0.6441287,0.66033196,0.6581861,0.6273054,0.6212298
4969,0.49958596,0.5162071,0.6340906,0.6220271,0.66245496,0.5907629,0.58664256,0.64740765,0.66553473,0.6576261,0.6334715,0.6307215
4970,0.502727,0.52040756,0.63452405,0.6224375,0.6624419,0.59445465,0.5866306,0.6510965,0.6663868,0.6557128,0.6370183,0.63579834
4971,0.50489914,0.52293485,0.6344926,0.62156683,0.6618498,0.5979232,0.5862877,0.6541052,0.666903,0.6547291,0.64009035,0.6398754
4972,0.5687026,0.58411056,0.65672344,0.64818096,0.68898284,0.60576427,0.6225248,0.6618691,0.6887368,0.6606303,0.6529754,0.66284776
4973,0.5701423,0.5860572,0.6613843,0.6560163,0.686613,0.6169718,0.61580807,0.6688281,0.6808349,0.65647006,0.65000707,0.6571556
4974,0.5736307,0.5870508,0.66359764,0.6564366,0.6862278,0.62311876,0.6151131,0.6715054,0.67946714,0.65873796,0.65011793,0.65581256
4975,0.6446666,0.65201086,0.690177,0.68633205,0.71659493,0.63172126,0.65645456,0.679639,0.7008236,0.66860837,0.6615895,0.6758968
4976,0.89110094,0.8692544,0.78386223,0.79672253,0.8126371,0.65708053,0.8004123,0.7116791,0.75806916,0.6946571,0.6897416,0.73976237
4977,0.7542431,0.7461262,0.7513675,0.77942646,0.7483033,0.6859061,0.6836475,0.7118182,0.6821093,0.66791224,0.6393909,0.64980006
4978,0.7061541,0.6907561,0.73117894,0.7407156,0.72867197,0.67744476,0.6620984,0.6967349,0.67556417,0.68080926,0.63130355,0.6315463
4979,0.66792357,0.65225816,0.717387,0.71644044,0.71818304,0.66535753,0.65005517,0.687786,0.66836786,0.6862434,0.62812203,0.62045777
4980,0.626849,0.61451906,0.70240515,0.6939939,0.70577306,0.6527782,0.63452536,0.6790394,0.6609566,0.68612957,0.6241864,0.6117522
4981,0.5902265,0.582357,0.6878423,0.6734558,0.69441086,0.64016676,0.620801,0.6709016,0.6562315,0.6842495,0.6220126,0.6075796
4982,0.5623142,0.55926424,0.6755435,0.65718174,0.6859311,0.628765,0.6109879,0.66431576,0.65454453,0.6814763,0.62194246,0.60768735
4983,0.5482223,0.5497426,0.667873,0.64810896,0.6825693,0.6200224,0.6076161,0.6600857,0.6568885,0.6786394,0.62421,0.61229146
4984,0.60800916,0.6105546,0.6872336,0.67428356,0.7110728,0.619287,0.6465471,0.6633357,0.6829367,0.68258363,0.63737077,0.63840336
4985,0.60108197,0.6074767,0.6877988,0.6810648,0.70644337,0.62472284,0.6362033,0.6673899,0.67534584,0.6741831,0.6331756,0.632712
4986,0.59354573,0.59973246,0.6845059,0.6775667,0.70175755,0.6263831,0.62989485,0.6673601,0.6734263,0.6731056,0.63242227,0.6308928
4987,0.5731874,0.5795914,0.67624444,0.66699445,0.69258356,0.62506324,0.617989,0.66615134,0.6679082,0.67174447,0.6310738,0.626558
4988,0.56846845,0.57485735,0.6726406,0.6613444,0.6911758,0.62244684,0.6173247,0.6650735,0.6696965,0.6726562,0.63371253,0.62946254
4989,0.5663375,0.57365805,0.6707751,0.6590349,0.6906552,0.620959,0.61702996,0.6650668,0.67084754,0.67189866,0.6357552,0.63221365
4990,0.5550462,0.56373346,0.6658067,0.6530823,0.68541956,0.6196268,0.61043876,0.664502,0.6681504,0.6696258,0.6355907,0.63145745
4991,0.5437515,0.5535077,0.660206,0.6456982,0.6802623,0.6175085,0.6045755,0.6634003,0.66637224,0.66812354,0.6361139,0.63168615
4992,0.6014623,0.6092238,0.67930824,0.66913366,0.7060542,0.62003684,0.6401962,0.6679229,0.6884398,0.6739465,0.6480346,0.6536857
4993,0.6924103,0.69530356,0.71562314,0.7168056,0.74300843,0.6333008,0.6892225,0.6807685,0.71043193,0.6787229,0.65804327,0.67577624
4994,0.70819205,0.7093876,0.72752285,0.73686254,0.7442797,0.64905936,0.68552923,0.6882086,0.7000568,0.6745057,0.64973706,0.6627114
4995,0.72519296,0.72090787,0.73594,0.74623203,0.74770015,0.6572041,0.68976074,0.68974215,0.6976426,0.67842185,0.64531666,0.6548564
4996,0.7415333,0.732156,0.7447407,0.75565195,0.7537005,0.6625113,0.6969533,0.69142336,0.69650984,0.683456,0.64243275,0.6486727
4997,0.74339277,0.7309142,0.7483621,0.7594455,0.75426596,0.6651625,0.69629383,0.6908158,0.69160855,0.68627423,0.6369286,0.63853765
4998,0.73915744,0.7245511,0.7489607,0.75911045,0.7530719,0.66471165,0.69402367,0.688185,0.68726003,0.688831,0.631573,0.6290842
4999,0.73057276,0.7150088,0.74733734,0.7562547,0.75052655,0.66195846,0.6904501,0.68433285,0.68311137,0.69046944,0.6264517,0.6204448
5000,0.727385,0.7112651,0.7471116,0.75530195,0.7506033,0.6582154,0.6910458,0.68055713,0.6819282,0.6921566,0.62310773,0.61544615
5001,0.7241316,0.70813084,0.7469462,0.7553999,0.750658,0.6547831,0.6911442,0.67737275,0.6806789,0.6927401,0.6198919,0.61103684
5002,0.7247535,0.7087731,0.7480004,0.7573223,0.75225484,0.651842,0.6933776,0.67481637,0.6809531,0.6933817,0.61762863,0.60849917
5003,0.75504225,0.73711646,0.7596663,0.77223986,0.765825,0.65093917,0.7133203,0.6747733,0.68963397,0.6965589,0.61941934,0.61445487
5004,0.7045219,0.69000596,0.7437791,0.75718194,0.74367857,0.6498803,0.6790373,0.67080057,0.66916096,0.68874127,0.60610825,0.5916024
5005,0.6724338,0.6579046,0.72996277,0.7373728,0.7315431,0.6417623,0.6649003,0.6636477,0.6651204,0.6901627,0.60354656,0.58575374
5006,0.6300244,0.6179224,0.7127483,0.7146703,0.71597546,0.63203007,0.6451467,0.65758437,0.65752447,0.68826514,0.60103005,0.5794951
5007,0.59089893,0.5819963,0.69547373,0.6915236,0.7017357,0.62122303,0.62810946,0.6515465,0.65292686,0.68603915,0.60092723,0.5779626
5008,0.5652297,0.560222,0.68243045,0.6744583,0.69323355,0.61131626,0.61874247,0.64700186,0.6531984,0.68367064,0.60376984,0.5822893
5009,0.5538783,0.5530872,0.67482793,0.66570246,0.6903306,0.60433865,0.616064,0.64481425,0.65700877,0.68074405,0.60824454,0.59044003
5010,0.5398004,0.5431314,0.6669913,0.65754807,0.68490046,0.6001972,0.60926175,0.6441912,0.6575712,0.6761506,0.6111633,0.5959147
5011,0.52133614,0.5280087,0.65727276,0.64640814,0.6765704,0.5968483,0.59915525,0.64357376,0.6560112,0.6716711,0.6134281,0.5995361
5012,0.5087094,0.51803577,0.64920956,0.6367234,0.67073834,0.5938485,0.5928514,0.6432942,0.6566401,0.66854215,0.6171816,0.6052223
5013,0.5073874,0.51903003,0.64555913,0.6327768,0.66991293,0.5924853,0.59280306,0.6444046,0.660465,0.6662897,0.62251943,0.6137593
5014,0.51013917,0.52378225,0.64436775,0.6322472,0.6704296,0.5934133,0.5938587,0.64692247,0.66397077,0.66386384,0.62748766,0.6217762
5015,0.5039166,0.51918787,0.6405151,0.6280086,0.66624576,0.595044,0.5887569,0.64919955,0.6629458,0.6607389,0.6300995,0.62530255
5016,0.49719772,0.5134219,0.6360844,0.6220418,0.66194135,0.5959423,0.5841534,0.6507416,0.6622186,0.6588425,0.63292986,0.6287547
5017,0.49330938,0.51037645,0.6326583,0.6170709,0.6591107,0.5965271,0.58160275,0.6521911,0.66241044,0.6574578,0.6361736,0.63289297
5018,0.50227016,0.5198758,0.6342039,0.61845326,0.66228426,0.5983554,0.5864498,0.654806,0.6668805,0.65726346,0.6413014,0.64065933
5019,0.5088196,0.52706724,0.6360406,0.6206858,0.6639414,0.60175693,0.5885965,0.65811175,0.6687008,0.6560626,0.64464295,0.6456333
5020,0.5149527,0.53332764,0.6376895,0.62228924,0.6648417,0.6052027,0.59021676,0.66073114,0.6697316,0.6552041,0.6470339,0.64913315
5021,0.58332515,0.5982644,0.6622811,0.6519286,0.69406205,0.6138869,0.6287758,0.6692401,0.69233596,0.66187537,0.6598589,0.67210853
5022,0.5936518,0.60835326,0.6707719,0.6648204,0.6955897,0.62617826,0.62679905,0.676804,0.68652576,0.6588193,0.65709174,0.667229
5023,0.5936849,0.60585815,0.6723579,0.6651447,0.69291025,0.6326079,0.6228459,0.67855585,0.68204194,0.66018504,0.6542666,0.6614795
5024,0.59420854,0.60432637,0.67235357,0.6628138,0.6903598,0.634028,0.6214718,0.67695946,0.67833483,0.6615102,0.6513694,0.6560732
5025,0.57028985,0.5799928,0.66496044,0.6516791,0.6801901,0.63374573,0.60767925,0.67542976,0.66887265,0.66133004,0.6466516,0.64651483
5026,0.55151147,0.56097037,0.65749604,0.63941747,0.67313147,0.62976915,0.59973073,0.6721532,0.6645774,0.6626139,0.64492905,0.6423758
5027,0.55342567,0.5631877,0.6572127,0.6372,0.6757359,0.62643427,0.60408217,0.6707685,0.66796106,0.6645489,0.64736634,0.64605355
5028,0.5586935,0.5695483,0.65934414,0.63987243,0.67913526,0.6257815,0.6081316,0.6712801,0.6705329,0.66446376,0.6489293,0.64920604
5029,0.53945506,0.5520551,0.6529414,0.63234025,0.6707318,0.624585,0.59665287,0.6700656,0.6637053,0.661448,0.64541006,0.6435936
5030,0.52879596,0.54199004,0.64778787,0.6249229,0.6665705,0.6214995,0.5922923,0.6679879,0.66249293,0.66134787,0.6453741,0.64325124
5031,0.52019936,0.5345312,0.6434888,0.61927325,0.66339475,0.6185142,0.5889148,0.6665631,0.66154855,0.6604449,0.6457861,0.64368874
5032,0.53045595,0.54549575,0.64565647,0.622164,0.66797256,0.61713654,0.5957962,0.66647863,0.66675025,0.66061866,0.64897734,0.6495876
5033,0.5394035,0.55529135,0.6489402,0.62741995,0.6715134,0.6186883,0.5999392,0.6682648,0.66938066,0.65953326,0.65070915,0.65311104
5034,0.5522437,0.5679682,0.65390027,0.63433295,0.6764493,0.62170255,0.6058482,0.6706828,0.67289644,0.65964127,0.6527282,0.65691566
5035,0.6017446,0.61464494,0.67271405,0.6579436,0.6975523,0.6286727,0.6329947,0.67711806,0.68800306,0.664358,0.6604878,0.6710727
5036,0.610333,0.6224484,0.67964745,0.6688195,0.69943404,0.6373561,0.6321678,0.6821153,0.68397087,0.6628622,0.6574936,0.66615593
5037,0.62404233,0.63305455,0.68638366,0.67630464,0.7042565,0.6428687,0.6376589,0.68453634,0.685275,0.6660914,0.65703106,0.6649786
5038,0.63468486,0.6410483,0.692377,0.68298537,0.70866287,0.6470595,0.6422976,0.68659306,0.68543786,0.66906756,0.6561045,0.6627056
5039,0.66045374,0.663378,0.7038303,0.69615096,0.71998775,0.6513398,0.6566397,0.6894638,0.6908779,0.673815,0.65749997,0.6651638
5040,0.68684006,0.6866471,0.7163769,0.71189797,0.7307745,0.65652895,0.6698703,0.6924703,0.69402844,0.6770941,0.6566887,0.6648114
5041,0.7340191,0.7285705,0.73654246,0.73675966,0.74943954,0.6629963,0.6951003,0.6966089,0.70213103,0.68258816,0.65738297,0.6683947
5042,0.74401826,0.73597485,0.744957,0.74955285,0.7521688,0.669767,0.6953921,0.69847506,0.6956536,0.68304145,0.64967287,0.6564383
5043,0.744689,0.73348683,0.74802643,0.753265,0.7519581,0.6718291,0.6937845,0.696494,0.6906856,0.6857724,0.642632,0.6449672
5044,0.7179141,0.7060338,0.7403742,0.7438653,0.7413155,0.6691216,0.67810565,0.69096065,0.6795561,0.68590266,0.63284904,0.6280692
5045,0.7234792,0.70935196,0.74250716,0.7442462,0.7458115,0.6638636,0.6861264,0.68636876,0.6830229,0.69084704,0.6317194,0.62659913
5046,0.8880955,0.8566394,0.80313534,0.814289,0.81370133,0.668865,0.791068,0.6994421,0.7278434,0.7104752,0.6520829,0.6720991
5047,0.83306736,0.8094951,0.7942813,0.82107335,0.7872565,0.68394536,0.7364008,0.7011182,0.68671846,0.6924094,0.6221283,0.62171274
5048,0.8315554,0.80237633,0.79358006,0.8158961,0.78610235,0.6812326,0.73688537,0.69311965,0.68706477,0.6998311,0.61607313,0.61153316
5049,0.8016975,0.7726626,0.7846998,0.8056561,0.7757729,0.67577267,0.7212429,0.68602854,0.67623734,0.70015144,0.6062689,0.59310925
5050,0.78991055,0.7604111,0.78053015,0.7990645,0.77362376,0.66750896,0.7199788,0.6785294,0.6754733,0.70299447,0.6023825,0.5863651
5051,0.791094,0.76211,0.78134114,0.8004384,0.77643275,0.66062355,0.72526914,0.67319417,0.6772765,0.704121,0.6000191,0.5839512
5052,0.7747478,0.74779195,0.7766635,0.79723203,0.77157664,0.6555771,0.71738935,0.6686512,0.672626,0.7018725,0.59444785,0.5757051
5053,0.71880215,0.6952516,0.75628656,0.7738685,0.74926776,0.64754164,0.68594074,0.6607737,0.6579919,0.6968955,0.58475935,0.55855095
5054,0.66971093,0.6484757,0.7355738,0.74604344,0.73116475,0.6349757,0.664043,0.65185094,0.6516664,0.6959704,0.5821467,0.55222416
5055,0.6312016,0.6135742,0.7181411,0.72287,0.7183421,0.622132,0.6491792,0.6449297,0.64967823,0.69438994,0.58340055,0.55288696
5056,0.5942776,0.58144045,0.7011146,0.70140636,0.70538676,0.61077255,0.6334503,0.6396374,0.64739066,0.6904838,0.58511895,0.5552142
5057,0.5666781,0.5587579,0.6868395,0.6838093,0.6957157,0.60114354,0.6221947,0.6357205,0.64805436,0.6864359,0.58872384,0.56135106
5058,0.5374415,0.5345336,0.6720569,0.66613156,0.6842899,0.5933822,0.6081968,0.63317716,0.64668614,0.6810093,0.5918853,0.5665672
5059,0.5167906,0.51835024,0.65994674,0.65164584,0.6762076,0.5871254,0.5989073,0.6316916,0.6481494,0.6765856,0.5968489,0.57472354
5060,0.5015062,0.50729156,0.65007496,0.6403297,0.6698803,0.58282137,0.5916798,0.6315664,0.65004385,0.6720402,0.60220414,0.5834794
5061,0.49068552,0.5002,0.64209205,0.63140905,0.66477185,0.58032876,0.58607286,0.6323927,0.6521083,0.6676633,0.6076374,0.59228444
5062,0.48327848,0.4959267,0.6357093,0.62432283,0.66058797,0.5793726,0.5817118,0.6339822,0.6540672,0.6636519,0.6130053,0.60075164
5063,0.47872493,0.4938825,0.6308216,0.6188122,0.6573638,0.5797065,0.5785509,0.6362388,0.65597844,0.6602196,0.61833304,0.6088523
5064,0.48064196,0.4976632,0.6287395,0.61654395,0.65691584,0.58137125,0.5788746,0.6392625,0.6593198,0.6577893,0.624209,0.61779505
5065,0.47801012,0.4965755,0.62577146,0.6129279,0.6539973,0.5838214,0.5758371,0.64239216,0.65957254,0.65493333,0.62835985,0.62352425
5066,0.477371,0.49687228,0.6234754,0.6094749,0.6519346,0.5861717,0.5742835,0.645138,0.66040194,0.6531129,0.6325671,0.62922025
5067,0.4804268,0.5005932,0.6228784,0.60797244,0.6517064,0.5888777,0.5749336,0.64811957,0.66208947,0.6519065,0.6369642,0.6352812
5068,0.52581704,0.54495096,0.63819367,0.62648124,0.6709534,0.5956571,0.60010874,0.65496004,0.6784675,0.65525156,0.6480643,0.65411997
5069,0.5302092,0.5499562,0.64194226,0.63220614,0.6696179,0.6045722,0.596767,0.66075206,0.67396945,0.6516023,0.64755416,0.65275174
5070,0.5764137,0.59256256,0.6590639,0.6514532,0.6879657,0.6138491,0.6211189,0.66766965,0.6875463,0.6570333,0.6558103,0.6666427
5071,0.78555804,0.78168297,0.7379283,0.7452775,0.77251244,0.6371981,0.74237627,0.69377077,0.7436601,0.6793149,0.68344563,0.7253042
5072,1.0744889,1.0227722,0.8532412,0.88238555,0.8703551,0.6838885,0.8937296,0.74649227,0.7746465,0.70267415,0.7044323,0.77807546
5073,0.9111032,0.87971,0.8147937,0.86866415,0.7962064,0.7263154,0.7450719,0.7407206,0.6875969,0.6757648,0.63696736,0.6555232
5074,0.8374923,0.79848385,0.78733027,0.81761086,0.7684502,0.71500653,0.710299,0.7181122,0.6760957,0.6922922,0.6199812,0.62116146
5075,0.7682971,0.7301604,0.7640349,0.7788589,0.74851114,0.69660634,0.685624,0.7018745,0.66261715,0.6997723,0.6103142,0.59698814
5076,0.71083754,0.677415,0.743625,0.74695814,0.73304266,0.6763297,0.6671827,0.68674767,0.65488064,0.7020432,0.60460275,0.58378
5077,0.6551529,0.628879,0.72292614,0.71785563,0.7168925,0.6568981,0.6471631,0.6735798,0.6480083,0.6996659,0.60026485,0.5754541
5078,0.61053634,0.5916552,0.704613,0.6933704,0.7039592,0.63920736,0.6317386,0.662662,0.64535946,0.69606483,0.5992369,0.5738745
5079,0.6418948,0.6278286,0.71276695,0.7043609,0.7235858,0.628627,0.6603617,0.6588449,0.6679171,0.6986304,0.61040854,0.5962824
5080,0.60821456,0.60184455,0.7018915,0.69692224,0.71024674,0.62450737,0.63904804,0.6572022,0.6577154,0.6872779,0.6049924,0.58898187
5081,0.58592105,0.58273435,0.6909325,0.6840874,0.7013343,0.618421,0.62834746,0.65311444,0.6573414,0.6840059,0.60585403,0.59051925
5082,0.5624192,0.56240755,0.6794976,0.6706629,0.69222367,0.612236,0.61716944,0.6502768,0.65576506,0.6804792,0.6076054,0.5922866
5083,0.5663741,0.5687338,0.6775407,0.6691061,0.69527686,0.60805273,0.62253845,0.6494933,0.66380155,0.6796765,0.6140412,0.6030746
5084,0.6438394,0.6449852,0.7041657,0.70474035,0.7299405,0.61214906,0.6703942,0.6565083,0.69273853,0.6846741,0.6288729,0.63304114
5085,0.66846853,0.67012846,0.7171498,0.7272364,0.73741764,0.62417996,0.67601156,0.66538763,0.6914415,0.6792496,0.62794095,0.6331347
